Task_ID,Duration,Start_Time,End_Time,Memory_Usage,Completion_Time
11,1,0,1,88.4,1
3,2,0,2,88.4,2
7,2,0,2,88.4,2
20,2,0,2,88.4,2
8,3,0,3,88.4,3
15,3,0,3,88.4,3
1,5,0,5,88.4,5
13,5,0,5,88.4,5
30,2,3,5,88.4,2
18,6,0,6,88.4,6
43,1,5,6,88.4,1
2,7,0,7,88.4,7
0,8,0,8,88.4,8
10,8,0,8,88.4,8
19,8,0,8,88.4,8
12,5,3,8,88.4,5
21,3,5,8,88.4,3
48,2,6,8,88.4,2
6,9,0,9,88.4,9
16,9,0,9,88.4,9
5,7,2,9,88.4,7
47,3,6,9,88.4,3
17,1,8,9,88.4,1
59,1,8,9,88.4,1
40,9,1,10,88.4,9
26,9,2,11,88.4,9
53,9,2,11,88.4,9
25,2,9,11,88.4,2
38,5,7,12,88.4,5
22,4,8,12,88.4,4
4,8,5,13,88.4,8
14,5,8,13,88.4,5
24,5,8,13,88.4,5
57,4,9,13,88.4,4
49,4,9,13,88.4,4
86,4,9,13,88.4,4
105,6,8,14,88.5,6
29,5,9,14,88.5,5
55,3,11,14,88.5,3
28,1,13,14,88.5,1
69,1,13,14,88.5,1
50,1,13,14,88.5,1
44,4,11,15,88.5,4
114,2,13,15,88.5,2
35,1,14,15,88.5,1
36,1,14,15,88.5,1
64,1,14,15,88.5,1
63,6,10,16,88.5,6
27,4,12,16,88.5,4
58,1,15,16,88.5,1
31,6,11,17,88.5,6
42,5,12,17,88.5,5
79,3,14,17,88.5,3
65,2,15,17,88.5,2
46,9,9,18,88.5,9
9,6,13,19,88.5,6
56,5,14,19,88.5,5
66,3,16,19,88.5,3
41,7,13,20,88.5,7
33,3,17,20,88.5,3
83,3,17,20,88.5,3
74,1,19,20,88.5,1
116,7,14,21,88.5,7
54,1,20,21,88.5,1
70,4,18,22,88.5,4
150,8,15,23,88.5,8
81,7,16,23,88.5,7
129,2,21,23,88.5,2
45,9,15,24,88.5,9
37,9,15,24,88.5,9
32,8,16,24,88.5,8
75,3,21,24,88.5,3
68,8,17,25,88.5,8
77,5,20,25,88.5,5
109,9,17,26,88.5,9
76,7,19,26,88.5,7
73,6,20,26,88.5,6
90,4,22,26,88.5,4
34,2,24,26,88.5,2
88,7,20,27,88.5,7
93,2,25,27,88.5,2
98,1,26,27,88.5,1
61,1,26,27,88.5,1
23,9,19,28,88.5,9
99,5,23,28,88.5,5
184,7,23,30,88.5,7
148,7,23,30,88.5,7
95,4,26,30,88.5,4
80,7,24,31,88.5,7
106,4,27,31,88.5,4
84,7,25,32,88.5,7
223,2,30,32,88.5,2
169,2,30,32,88.5,2
51,9,24,33,88.5,9
39,9,24,33,88.5,9
108,2,31,33,88.5,2
142,8,26,34,88.5,8
133,7,27,34,88.5,7
123,7,27,34,88.5,7
107,4,30,34,88.5,4
177,2,32,34,88.5,2
78,9,26,35,88.5,9
62,8,27,35,88.5,8
130,1,34,35,88.5,1
52,8,28,36,88.5,8
139,2,34,36,88.5,2
104,9,28,37,88.5,9
143,1,36,37,88.5,1
252,6,32,38,88.5,6
92,5,33,38,88.5,5
149,3,35,38,88.5,3
159,1,37,38,88.5,1
134,5,34,39,88.5,5
82,9,31,40,88.5,9
100,7,33,40,88.5,7
225,6,34,40,88.5,6
120,5,35,40,88.5,5
87,9,32,41,88.5,9
128,4,37,41,88.5,4
259,3,38,41,88.5,3
138,2,39,41,88.5,2
122,9,33,42,88.5,9
97,4,38,42,88.5,4
89,1,41,42,88.5,1
147,9,34,43,88.5,9
85,8,35,43,88.5,8
153,5,38,43,88.5,5
124,1,42,43,88.5,1
173,3,41,44,88.5,3
161,3,41,44,88.5,3
60,9,36,45,88.5,9
171,2,43,45,88.5,2
172,8,38,46,88.5,8
164,2,44,46,88.5,2
137,7,40,47,88.5,7
91,9,40,49,88.5,9
102,9,40,49,88.5,9
233,9,40,49,88.5,9
272,8,41,49,88.5,8
94,7,42,49,88.5,7
96,6,43,49,88.5,6
167,7,43,50,88.5,7
140,3,47,50,88.5,3
110,9,42,51,88.5,9
180,6,45,51,88.5,6
190,1,50,51,88.5,1
141,1,50,51,88.5,1
155,9,43,52,88.5,9
179,8,44,52,88.5,8
67,7,45,52,88.5,7
187,7,46,53,88.5,7
284,4,49,53,88.5,4
196,8,46,54,88.5,8
113,5,49,54,88.5,5
193,3,51,54,88.5,3
201,3,51,54,88.5,3
112,6,49,55,88.5,6
208,3,52,55,88.5,3
152,5,51,56,88.5,5
115,8,49,57,88.5,8
243,8,49,57,88.5,8
103,8,49,57,88.5,8
202,3,54,57,88.5,3
156,4,54,58,88.5,4
226,3,55,58,88.5,3
154,2,56,58,88.5,2
192,8,51,59,88.5,8
188,6,53,59,88.5,6
221,5,54,59,88.5,5
163,1,58,59,88.5,1
71,8,52,60,88.5,8
247,3,57,60,88.5,3
240,1,59,60,88.5,1
158,9,52,61,88.5,9
297,9,53,62,88.5,9
121,7,55,62,88.5,7
111,5,57,62,88.5,5
175,3,59,62,88.5,3
194,9,54,63,88.5,9
125,6,57,63,88.5,6
178,2,62,64,88.5,2
135,1,63,64,88.5,1
217,8,57,65,88.5,8
157,7,58,65,88.5,7
261,5,60,65,88.5,5
248,5,60,65,88.5,5
165,4,61,65,88.5,4
186,1,64,65,88.5,1
236,8,58,66,88.5,8
136,2,64,66,88.5,2
288,1,65,66,88.5,1
199,8,59,67,88.5,8
72,7,60,67,88.5,7
257,2,65,67,88.5,2
160,1,66,67,88.5,1
189,9,59,68,88.5,9
126,6,62,68,88.5,6
176,3,65,68,88.5,3
294,2,66,68,88.5,2
212,1,67,68,88.5,1
166,1,67,68,88.5,1
269,2,67,69,88.5,2
191,1,68,69,88.5,1
195,7,63,70,88.5,7
249,5,65,70,88.5,5
206,5,65,70,88.5,5
298,9,62,71,88.5,9
117,9,62,71,88.5,9
144,3,68,71,88.5,3
162,7,65,72,88.5,7
101,5,67,72,88.5,5
198,2,70,72,88.5,2
250,7,66,73,88.5,7
327,4,69,73,88.5,4
312,2,71,73,88.5,2
262,4,70,74,88.5,4
197,7,68,75,88.5,7
229,7,68,75,88.5,7
170,3,72,75,88.5,3
181,8,68,76,88.5,8
127,5,71,76,88.5,5
118,4,72,76,88.5,4
279,2,74,76,88.5,2
313,9,68,77,88.5,9
219,8,69,77,88.5,8
254,4,73,77,88.5,4
168,7,71,78,88.5,7
204,6,72,78,88.5,6
207,9,70,79,88.5,9
347,6,73,79,88.5,6
329,7,73,80,88.5,7
232,5,75,80,88.5,5
228,3,77,80,88.5,3
209,3,78,81,88.5,3
335,1,80,81,88.5,1
183,6,76,82,88.5,6
215,3,79,82,88.5,3
220,8,75,83,88.5,8
200,8,75,83,88.5,8
132,7,76,83,88.5,7
174,5,78,83,88.5,5
352,4,79,83,88.5,4
256,3,80,83,88.5,3
119,8,76,84,88.5,8
285,8,76,84,88.5,8
295,8,77,85,88.5,8
326,9,77,86,88.4,9
343,5,81,86,88.4,5
356,3,83,86,88.4,3
258,4,83,87,88.4,4
287,3,84,87,88.4,3
213,7,81,88,88.4,7
203,6,82,88,88.4,6
358,2,86,88,88.4,2
244,9,80,89,88.4,9
210,6,83,89,88.4,6
146,6,83,89,88.4,6
185,6,83,89,88.4,6
131,5,84,89,88.4,5
216,8,82,90,88.4,8
245,7,83,90,88.4,7
311,5,85,90,88.4,5
214,2,88,90,88.4,2
367,2,88,90,88.4,2
364,5,86,91,88.4,5
397,5,86,91,88.4,5
260,3,89,92,88.4,3
145,3,89,92,88.4,3
218,2,90,92,88.4,2
265,7,87,94,88.4,7
205,6,88,94,88.4,6
224,4,90,94,88.5,4
253,4,90,94,88.5,4
393,4,90,94,88.5,4
263,2,92,94,88.5,2
304,8,87,95,88.5,8
325,5,90,95,88.5,5
401,4,91,95,88.5,4
268,1,94,95,88.5,1
289,7,89,96,88.5,7
271,8,89,97,88.5,8
404,6,91,97,88.5,6
266,3,94,97,88.5,3
246,9,89,98,88.5,9
396,4,94,98,88.5,4
151,7,92,99,88.5,7
227,7,92,99,88.5,7
450,4,95,99,88.5,4
307,3,96,99,88.5,3
238,6,94,100,88.5,6
421,2,98,100,88.5,2
182,1,99,100,88.5,1
276,7,94,101,88.5,7
317,6,95,101,88.5,6
409,4,97,101,88.5,4
267,4,97,101,88.5,4
274,3,98,101,88.5,3
222,8,94,102,88.5,8
231,3,99,102,88.5,3
427,2,100,102,88.5,2
341,8,95,103,88.5,8
281,8,95,103,88.5,8
310,5,99,104,88.5,5
466,3,101,104,88.5,3
230,2,102,104,88.5,2
458,6,99,105,88.5,6
211,5,100,105,88.5,5
273,9,97,106,88.5,9
290,3,103,106,88.5,3
473,2,104,106,88.5,2
460,1,105,106,88.5,1
241,7,100,107,88.5,7
303,6,101,107,88.5,6
348,4,103,107,88.5,4
275,1,106,107,88.5,1
300,1,106,107,88.5,1
296,7,101,108,88.5,7
234,6,102,108,88.5,6
430,6,102,108,88.5,6
332,4,104,108,88.5,4
235,3,105,108,88.5,3
283,1,107,108,88.5,1
315,1,107,108,88.5,1
323,8,101,109,88.5,8
330,8,101,109,88.5,8
485,3,106,109,88.5,3
481,3,106,109,88.5,3
353,2,107,109,88.5,2
433,1,108,109,88.5,1
239,6,104,110,88.5,6
299,3,108,111,88.5,3
318,3,108,111,88.5,3
242,5,107,112,88.5,5
308,1,111,112,88.5,1
321,6,107,113,88.5,6
286,5,108,113,88.5,5
336,4,109,113,88.5,4
490,4,109,113,88.5,4
251,1,112,113,88.5,1
237,6,108,114,88.5,6
340,6,108,114,88.5,6
255,1,113,114,88.5,1
314,2,113,115,88.5,2
334,7,109,116,88.5,7
280,9,108,117,88.5,9
444,8,109,117,88.5,8
506,9,109,118,88.5,9
366,9,109,118,88.5,9
270,8,110,118,88.5,8
363,5,113,118,88.5,5
292,1,117,118,88.5,1
324,8,111,119,88.5,8
373,3,116,119,88.5,3
447,2,117,119,88.5,2
322,8,112,120,88.5,8
350,7,113,120,88.5,7
522,7,113,120,88.5,7
278,6,114,120,88.5,6
306,3,118,121,88.5,3
542,1,120,121,88.5,1
354,9,114,123,88.5,9
264,9,114,123,88.5,9
531,5,118,123,88.5,5
320,9,115,124,88.5,9
370,6,118,124,88.5,6
376,1,123,124,88.5,1
305,7,118,125,88.5,7
378,7,118,125,88.5,7
389,6,119,125,88.5,6
484,7,119,126,88.5,7
371,2,124,126,88.5,2
360,7,120,127,88.5,7
291,7,120,127,88.5,7
337,3,124,127,88.5,3
385,3,124,127,88.5,3
331,9,119,128,88.5,9
346,8,120,128,88.5,8
328,7,121,128,88.5,7
570,5,123,128,88.5,5
383,3,125,128,88.5,3
372,3,126,129,88.5,3
361,2,127,129,88.5,2
599,9,121,130,88.5,9
309,5,125,130,88.5,5
355,3,127,130,88.5,3
351,2,128,130,88.5,2
377,1,129,130,88.5,1
277,8,123,131,88.5,8
333,3,128,131,88.5,3
398,7,125,132,88.5,7
293,5,127,132,88.5,5
342,4,128,132,88.5,4
402,3,129,132,88.5,3
488,8,126,134,88.5,8
316,4,130,134,88.5,4
417,2,132,134,88.5,2
405,7,128,135,88.5,7
282,4,131,135,88.5,4
502,1,134,135,88.5,1
386,9,127,136,88.5,9
598,8,128,136,88.5,8
628,6,130,136,88.5,6
369,7,130,137,88.5,7
301,2,135,137,88.5,2
507,2,135,137,88.5,2
625,1,136,137,88.5,1
319,6,132,138,88.5,6
344,6,132,138,88.5,6
362,9,130,139,88.5,9
381,9,130,139,88.5,9
359,8,131,139,88.5,8
349,5,134,139,88.5,5
437,5,134,139,88.5,5
339,1,138,139,88.5,1
406,8,132,140,88.5,8
408,5,135,140,88.5,5
395,3,137,140,88.5,3
442,1,139,140,88.5,1
642,5,137,142,88.5,5
468,2,140,142,88.5,2
632,7,136,143,88.5,7
517,6,137,143,88.5,6
365,4,139,143,88.5,4
302,7,137,144,88.5,7
525,1,143,144,88.5,1
394,9,136,145,88.5,9
374,6,139,145,88.5,6
400,7,139,146,88.5,7
449,6,140,146,88.5,6
338,2,144,146,88.5,2
345,9,138,147,88.5,9
387,8,139,147,88.5,8
391,9,139,148,88.5,9
416,8,140,148,88.5,8
470,6,142,148,88.5,6
403,9,140,149,88.5,9
384,4,145,149,88.5,4
652,8,142,150,88.5,8
635,9,143,152,88.5,9
368,9,143,152,88.5,9
540,8,144,152,88.5,8
399,5,147,152,88.5,5
411,4,148,152,88.5,4
489,4,148,152,88.5,4
357,6,147,153,88.5,6
672,3,150,153,88.5,3
419,9,145,154,88.5,9
413,8,146,154,88.5,8
452,8,146,154,88.5,8
380,8,146,154,88.5,8
441,6,148,154,88.5,6
420,6,149,155,88.5,6
390,6,149,155,88.5,6
658,3,152,155,88.5,3
375,3,153,156,88.5,3
541,5,152,157,88.5,5
454,3,154,157,88.5,3
660,2,155,157,88.5,2
379,2,156,158,88.5,2
382,7,152,159,88.5,7
503,5,154,159,88.5,5
388,5,154,159,88.5,5
422,4,155,159,88.5,4
661,2,157,159,88.5,2
412,8,152,160,88.5,8
424,8,152,160,88.5,8
494,8,152,160,88.5,8
392,1,159,160,88.5,1
410,1,159,160,88.5,1
432,7,154,161,88.5,7
544,4,157,161,88.5,4
678,9,153,162,88.5,9
418,7,155,162,88.5,7
462,5,157,162,88.5,5
675,3,159,162,88.5,3
429,2,160,162,88.5,2
438,9,154,163,88.5,9
476,1,162,163,88.5,1
407,6,158,164,88.5,6
431,4,160,164,88.5,4
464,1,163,164,88.5,1
505,5,160,165,88.5,5
681,3,162,165,88.5,3
545,5,161,166,88.5,5
414,2,164,166,88.5,2
512,8,159,167,88.5,8
453,6,161,167,88.5,6
426,5,162,167,88.5,5
425,9,159,168,88.5,9
415,8,160,168,88.5,8
423,8,160,168,88.5,8
465,4,164,168,88.5,4
680,7,162,169,88.5,7
434,7,162,169,88.5,7
428,1,168,169,88.5,1
467,1,168,169,88.5,1
440,6,164,170,88.5,6
539,5,165,170,88.5,5
684,5,165,170,88.5,5
451,5,166,171,88.5,5
443,4,167,171,88.5,4
480,9,163,172,88.5,9
520,3,169,172,88.5,3
461,1,171,172,88.5,1
565,7,166,173,88.5,7
439,5,168,173,88.5,5
474,4,169,173,88.5,4
549,3,170,173,88.5,3
521,1,172,173,88.5,1
456,7,167,174,88.5,7
446,6,168,174,88.5,6
435,5,169,174,88.5,5
472,4,170,174,88.5,4
475,3,171,174,88.5,3
550,8,167,175,88.5,8
497,2,173,175,88.5,2
529,2,173,175,88.5,2
479,1,174,175,88.5,1
436,1,174,175,88.5,1
716,7,169,176,88.5,7
696,7,170,177,88.5,7
527,5,172,177,88.5,5
477,5,172,177,88.5,5
600,4,173,177,88.5,4
445,4,173,177,88.5,4
534,2,175,177,88.5,2
555,5,173,178,88.5,5
495,5,174,179,88.5,5
486,4,175,179,88.5,4
535,2,177,179,88.5,2
610,2,177,179,88.5,2
455,6,174,180,88.5,6
704,3,177,180,88.5,3
543,3,177,180,88.5,3
482,7,174,181,88.5,7
487,1,180,181,88.5,1
578,4,178,182,88.5,4
564,8,175,183,88.5,8
509,8,175,183,88.5,8
719,7,176,183,88.5,7
500,4,179,183,88.5,4
552,3,180,183,88.5,3
463,9,175,184,88.5,9
478,7,177,184,88.5,7
448,7,177,184,88.5,7
496,5,179,184,88.5,5
611,5,179,184,88.5,5
518,1,183,184,88.5,1
553,6,179,185,88.5,6
508,4,181,185,88.5,4
511,2,183,185,88.5,2
469,2,184,186,88.5,2
457,2,184,186,88.5,2
536,2,184,186,88.5,2
596,4,183,187,88.5,4
493,3,184,187,88.5,3
519,2,185,187,88.5,2
651,1,187,188,88.5,1
706,9,180,189,88.5,9
492,8,181,189,88.5,8
734,6,183,189,88.5,6
566,6,183,189,88.5,6
560,4,185,189,88.5,4
532,4,185,189,88.5,4
459,3,186,189,88.5,3
510,3,187,190,88.5,3
581,9,182,191,88.5,9
523,4,187,191,88.5,4
538,3,189,192,88.5,3
501,9,184,193,88.5,9
617,9,184,193,88.5,9
491,7,186,193,88.5,7
594,4,189,193,88.5,4
471,4,189,193,88.5,4
591,2,191,193,88.5,2
546,8,186,194,88.5,8
569,5,189,194,88.5,5
666,7,188,195,88.5,7
707,6,189,195,88.5,6
602,2,193,195,88.5,2
579,1,194,195,88.5,1
515,7,190,197,88.5,7
499,9,189,198,88.5,9
758,9,189,198,88.5,9
524,7,191,198,88.5,7
714,3,195,198,88.5,3
516,6,193,199,88.5,6
619,6,193,199,88.5,6
483,6,193,199,88.5,6
528,1,198,199,88.5,1
745,1,198,199,88.5,1
498,7,193,200,88.5,7
603,5,195,200,88.5,5
547,9,192,201,88.5,9
624,8,193,201,88.5,8
726,6,195,201,88.5,6
589,6,195,201,88.5,6
573,8,194,202,88.5,8
558,3,199,202,88.5,3
537,3,199,202,88.5,3
514,5,198,203,88.5,5
576,1,202,203,88.5,1
567,2,202,204,88.5,2
641,6,199,205,88.5,6
626,4,201,205,88.5,4
526,9,197,206,88.5,9
753,7,199,206,88.5,7
750,5,201,206,88.5,5
773,9,198,207,88.5,9
513,8,199,207,88.5,8
504,7,200,207,88.5,7
597,7,201,208,88.5,7
533,2,206,208,88.5,2
775,2,206,208,88.5,2
621,9,200,209,88.5,9
554,8,201,209,88.5,8
562,7,202,209,88.5,7
551,6,203,209,88.5,6
571,5,204,209,88.5,5
643,4,205,209,88.5,4
637,4,205,209,88.5,4
580,2,207,209,88.5,2
756,4,206,210,88.5,4
653,1,209,210,88.5,1
807,4,207,211,88.5,4
575,3,208,211,88.5,3
709,2,209,211,88.5,2
577,9,203,212,88.5,9
559,3,209,212,88.5,3
574,3,209,212,88.5,3
582,3,209,212,88.5,3
556,4,209,213,88.5,4
648,4,209,213,88.5,4
823,2,211,213,88.5,2
586,2,211,213,88.5,2
797,6,208,214,88.5,6
616,2,212,214,88.5,2
530,8,207,215,88.5,8
587,3,212,215,88.5,3
828,1,214,215,88.5,1
568,7,209,216,88.5,7
606,9,208,217,88.5,9
761,7,210,217,88.5,7
588,6,212,218,88.5,6
662,9,210,219,88.5,9
723,8,211,219,88.5,8
593,7,212,219,88.5,7
657,6,213,219,88.5,6
827,7,213,220,88.5,7
590,7,213,220,88.5,7
548,5,215,220,88.5,5
608,3,217,220,88.5,3
595,2,218,220,88.5,2
724,1,219,220,88.5,1
561,8,213,221,88.5,8
592,6,215,221,88.5,6
605,5,216,221,88.5,5
557,1,220,221,88.5,1
629,8,214,222,88.5,8
607,1,221,222,88.5,1
841,8,215,223,88.5,8
769,7,217,224,88.5,7
609,5,219,224,88.5,5
833,4,220,224,88.5,4
614,4,220,224,88.5,4
748,4,220,224,88.5,4
695,3,221,224,88.5,3
583,3,221,224,88.5,3
622,2,222,224,88.5,2
664,8,219,227,88.5,8
698,8,219,227,88.5,8
604,7,220,227,88.5,7
618,7,220,227,88.5,7
633,5,222,227,88.5,5
868,5,223,228,88.5,5
780,4,224,228,88.5,4
613,4,224,228,88.5,4
563,8,221,229,88.5,8
615,5,224,229,88.5,5
764,5,224,229,88.5,5
644,2,227,229,88.5,2
850,6,224,230,88.5,6
631,6,224,230,88.5,6
655,2,228,230,88.5,2
783,1,229,230,88.5,1
584,7,224,231,88.5,7
725,5,227,232,88.5,5
572,3,229,232,88.5,3
630,3,229,232,88.5,3
650,3,229,232,88.5,3
790,2,230,232,88.5,2
717,9,224,233,88.5,9
670,7,227,234,88.5,7
612,7,227,234,88.5,7
718,1,233,234,88.5,1
634,8,227,235,88.5,8
801,8,228,236,88.5,8
639,6,230,236,88.5,6
601,5,231,236,88.5,5
585,4,232,236,88.5,4
910,9,228,237,88.5,9
669,7,230,237,88.5,7
690,1,237,238,88.5,1
854,9,230,239,88.5,9
739,7,232,239,88.5,7
654,7,232,239,88.5,7
677,5,234,239,88.5,5
682,4,235,239,88.5,4
636,8,232,240,88.5,8
800,8,232,240,88.5,8
912,4,237,241,88.5,4
638,1,240,241,88.5,1
729,8,234,242,88.5,8
627,6,236,242,88.5,6
620,6,236,242,88.5,6
685,3,239,242,88.5,3
673,9,234,243,88.5,9
700,7,236,243,88.5,7
808,3,240,243,88.5,3
804,8,236,244,88.5,8
863,5,239,244,88.5,5
679,5,239,244,88.5,5
646,4,241,245,88.5,4
712,9,238,247,88.5,9
752,8,239,247,88.5,8
656,8,239,247,88.5,8
689,5,242,247,88.5,5
640,6,242,248,88.5,6
818,4,244,248,88.5,4
713,6,243,249,88.5,6
934,9,241,250,88.5,9
697,7,243,250,88.5,7
825,7,243,250,88.5,7
720,3,247,250,88.5,3
731,9,242,251,88.5,9
623,9,242,251,88.5,9
649,6,245,251,88.5,6
894,8,244,252,88.5,8
674,5,247,252,88.5,5
694,5,247,252,88.5,5
667,4,248,252,88.5,4
844,4,248,252,88.5,4
687,9,244,253,88.5,9
763,6,247,253,88.5,6
728,3,250,253,88.5,3
699,1,252,253,88.5,1
676,1,252,253,88.5,1
722,5,249,254,88.5,5
701,1,253,254,88.5,1
838,5,250,255,88.5,5
771,5,250,255,88.5,5
879,3,252,255,88.5,3
732,1,254,255,88.5,1
686,4,253,257,88.5,4
789,2,255,257,88.5,2
738,2,255,257,88.5,2
688,5,253,258,88.5,5
765,5,253,258,88.5,5
941,9,250,259,88.5,9
733,8,251,259,88.5,8
645,8,251,259,88.5,8
659,8,251,259,88.5,8
911,7,252,259,88.5,7
842,4,255,259,88.5,4
766,7,253,260,88.5,7
886,5,255,260,88.5,5
814,3,257,260,88.5,3
737,2,258,260,88.5,2
671,1,259,260,88.5,1
692,9,252,261,88.5,9
683,1,260,261,88.5,1
774,4,258,262,88.5,4
743,2,260,262,88.5,2
693,1,261,262,88.5,1
715,9,254,263,88.5,9
857,3,260,263,88.5,3
746,3,261,264,88.5,3
777,2,262,264,88.5,2
691,8,257,265,88.5,8
946,6,259,265,88.5,6
786,6,259,265,88.5,6
845,6,259,265,88.5,6
742,9,257,266,88.5,9
784,2,264,266,88.5,2
647,8,259,267,88.5,8
932,8,259,267,88.5,8
776,7,260,267,88.5,7
703,2,265,267,88.5,2
819,2,265,267,88.5,2
893,8,260,268,88.5,8
708,6,262,268,88.5,6
794,2,266,268,88.5,2
721,6,263,269,88.5,6
917,1,268,269,88.5,1
852,5,265,270,88.5,5
663,3,267,270,88.5,3
770,1,269,270,88.5,1
920,1,269,270,88.5,1
785,9,262,271,88.5,9
856,1,270,271,88.5,1
870,9,263,272,88.5,9
747,8,264,272,88.5,8
821,5,267,272,88.5,5
950,8,265,273,88.5,8
944,6,267,273,88.5,6
760,8,266,274,88.5,8
805,7,267,274,88.5,7
711,7,267,274,88.5,7
727,6,268,274,88.5,6
815,6,268,274,88.5,6
665,4,270,274,88.5,4
884,2,272,274,88.5,2
779,5,270,275,88.5,5
788,4,271,275,88.5,4
954,2,273,275,88.5,2
945,2,273,275,88.5,2
668,1,274,275,88.5,1
942,6,270,276,88.5,6
866,5,271,276,88.5,5
820,2,274,276,88.5,2
799,2,275,277,88.5,2
882,1,276,277,88.5,1
762,4,274,278,88.5,4
730,4,274,278,88.5,4
806,3,275,278,88.5,3
985,3,275,278,88.5,3
803,1,277,278,88.5,1
749,7,272,279,88.5,7
834,7,272,279,88.5,7
816,1,278,279,88.5,1
829,6,274,280,88.5,6
744,6,274,280,88.5,6
895,6,274,280,88.5,6
702,5,275,280,88.5,5
754,1,280,281,88.5,1
951,9,275,284,88.5,9
835,8,276,284,88.5,8
885,7,277,284,88.5,7
705,4,280,284,88.5,4
953,9,276,285,88.5,9
1026,7,278,285,88.5,7
935,1,284,285,88.5,1
768,8,278,286,88.5,8
864,8,278,286,88.5,8
767,7,279,286,88.5,7
837,7,279,286,88.5,7
832,6,280,286,88.5,6
853,2,284,286,88.5,2
735,9,278,287,88.5,9
830,8,279,287,88.5,8
919,8,280,288,88.5,8
974,4,284,288,88.5,4
710,4,284,288,88.5,4
1065,3,285,288,88.5,3
938,3,285,288,88.5,3
757,9,281,290,88.5,9
836,3,287,290,88.5,3
822,5,286,291,88.5,5
778,5,286,291,88.5,5
736,4,287,291,88.5,4
988,3,288,291,88.5,3
741,3,288,291,88.5,3
1082,4,288,292,88.5,4
831,1,291,292,88.5,1
781,1,291,292,88.5,1
755,1,291,292,88.5,1
961,8,285,293,88.5,8
839,7,286,293,88.5,7
840,7,286,293,88.5,7
873,7,286,293,88.5,7
943,5,288,293,88.5,5
740,2,291,293,88.5,2
972,6,288,294,88.5,6
847,1,293,294,88.5,1
867,9,286,295,88.5,9
874,5,290,295,88.5,5
997,4,291,295,88.5,4
1085,3,292,295,88.5,3
849,4,292,296,88.5,4
848,3,293,296,88.5,3
751,4,293,297,88.5,4
858,1,296,297,88.5,1
787,8,290,298,88.5,8
851,4,294,298,88.5,4
772,1,297,298,88.5,1
792,7,292,299,88.5,7
898,6,293,299,88.5,6
990,5,294,299,88.5,5
962,7,293,300,88.5,7
960,7,293,300,88.5,7
1096,5,295,300,88.5,5
881,4,296,300,88.5,4
759,9,292,301,88.5,9
998,6,295,301,88.5,6
782,3,298,301,88.5,3
883,7,295,302,88.5,7
887,7,295,302,88.5,7
809,3,299,302,88.5,3
860,6,297,303,88.5,6
1018,4,299,303,88.5,4
795,2,301,303,88.5,2
859,6,298,304,88.5,6
892,2,302,304,88.5,2
902,6,299,305,88.5,6
980,5,300,305,88.5,5
791,4,301,305,88.5,4
1028,2,303,305,88.5,2
798,8,298,306,88.5,8
802,3,303,306,88.5,3
1017,6,301,307,88.5,6
861,3,304,307,88.5,3
981,8,300,308,88.5,8
1116,8,300,308,88.5,8
888,8,300,308,88.5,8
918,6,302,308,88.5,6
872,6,303,309,88.5,6
999,4,305,309,88.5,4
811,3,306,309,88.5,3
952,1,308,309,88.5,1
948,5,305,310,88.5,5
1032,5,305,310,88.5,5
812,9,302,311,88.5,9
896,7,304,311,88.5,7
793,6,305,311,88.5,6
1152,3,308,311,88.5,3
817,2,309,311,88.5,2
984,4,308,312,88.5,4
826,7,306,313,88.5,7
1019,4,309,313,88.5,4
975,4,309,313,88.5,4
1038,3,310,313,88.5,3
992,1,312,313,88.5,1
862,7,307,314,88.5,7
1029,8,307,315,88.5,8
933,7,308,315,88.5,7
959,5,310,315,88.5,5
890,7,309,316,88.5,7
855,5,311,316,88.5,5
977,3,313,316,88.5,3
913,6,311,317,88.5,6
796,6,311,317,88.5,6
1170,6,311,317,88.5,6
1061,5,313,318,88.5,5
957,3,315,318,88.5,3
1043,4,315,319,88.5,4
875,3,316,319,88.5,3
1178,2,317,319,88.5,2
824,9,311,320,88.5,9
900,4,316,320,88.5,4
877,1,319,320,88.5,1
1195,1,319,320,88.5,1
915,8,313,321,88.5,8
1056,2,319,321,88.5,2
1222,1,320,321,88.5,1
1025,9,313,322,88.5,9
1010,9,313,322,88.5,9
871,8,314,322,88.5,8
979,6,316,322,88.5,6
976,4,318,322,88.5,4
810,6,317,323,88.5,6
880,1,322,323,88.5,1
986,1,322,323,88.5,1
965,9,315,324,88.5,9
1224,3,321,324,88.5,3
987,1,323,324,88.5,1
914,5,320,325,88.5,5
897,5,320,325,88.5,5
1125,4,321,325,88.5,4
1027,3,322,325,88.5,3
923,9,317,326,88.5,9
846,6,320,326,88.5,6
978,4,322,326,88.5,4
1240,2,324,326,88.5,2
899,1,325,326,88.5,1
1063,9,318,327,88.5,9
966,3,324,327,88.5,3
1016,6,322,328,88.5,6
930,4,325,329,88.5,4
927,3,326,329,88.5,3
916,9,321,330,88.5,9
1051,5,325,330,88.5,5
1007,4,326,330,88.5,4
1081,3,327,330,88.5,3
813,8,323,331,88.5,8
904,8,323,331,88.5,8
1135,6,325,331,88.5,6
983,4,327,331,88.5,4
1033,3,328,331,88.5,3
1000,8,324,332,88.5,8
865,6,326,332,88.5,6
936,3,329,332,88.5,3
969,4,329,333,88.5,4
1073,3,330,333,88.5,3
1090,3,330,333,88.5,3
905,2,331,333,88.5,2
1243,8,326,334,88.5,8
843,3,331,334,88.5,3
1022,3,331,334,88.5,3
1098,1,333,334,88.5,1
924,9,326,335,88.5,9
922,6,330,336,88.5,6
1008,6,330,336,88.5,6
1035,6,331,337,88.5,6
1003,5,332,337,88.5,5
956,5,332,337,88.5,5
1013,1,336,337,88.5,1
1004,1,337,338,88.5,1
869,7,332,339,88.5,7
1001,6,333,339,88.5,6
907,6,333,339,88.5,6
1255,5,334,339,88.5,5
1005,1,338,339,88.5,1
1155,9,331,340,88.5,9
1120,6,334,340,88.5,6
1014,3,337,340,88.5,3
1031,1,339,340,88.5,1
1079,8,333,341,88.5,8
970,4,337,341,88.5,4
1030,8,334,342,88.5,8
1099,2,340,342,88.5,2
876,9,334,343,88.5,9
931,8,335,343,88.5,8
926,7,336,343,88.5,7
891,4,339,343,88.5,4
1057,7,337,344,88.5,7
963,5,339,344,88.5,5
1126,4,340,344,88.5,4
1020,4,340,344,88.5,4
1077,2,342,344,88.5,2
1298,6,339,345,88.5,6
1012,6,339,345,88.5,6
878,2,343,345,88.5,2
937,2,343,345,88.5,2
940,2,343,345,88.5,2
1046,1,344,345,88.5,1
903,3,343,346,88.5,3
955,1,345,346,88.5,1
971,6,341,347,88.5,6
1132,3,344,347,88.5,3
1199,8,340,348,88.5,8
1200,1,348,349,88.5,1
1091,9,341,350,88.5,9
1095,6,344,350,88.5,6
1304,5,345,350,88.5,5
1209,1,349,350,88.5,1
1104,9,342,351,88.5,9
982,7,344,351,88.5,7
889,6,345,351,88.5,6
1041,7,345,352,88.5,7
989,7,345,352,88.5,7
1067,9,344,353,88.5,9
1059,8,345,353,88.5,8
973,6,347,353,88.5,6
1136,7,347,354,88.5,7
1107,4,350,354,88.5,4
1047,1,353,354,88.5,1
908,9,346,355,88.5,9
958,9,346,355,88.5,9
1235,5,350,355,88.5,5
1006,5,351,356,88.5,5
1052,4,352,356,88.5,4
1076,3,353,356,88.5,3
1142,2,354,356,88.5,2
1048,2,354,356,88.5,2
1357,7,350,357,88.5,7
1106,6,351,357,88.5,6
901,6,351,357,88.5,6
1117,3,354,357,88.5,3
995,6,352,358,88.5,6
1094,5,353,358,88.5,5
909,3,355,358,88.5,3
1278,3,355,358,88.5,3
1154,1,357,358,88.5,1
1093,9,350,359,88.5,9
1183,3,356,359,88.5,3
1084,5,356,361,88.5,5
1221,2,359,361,88.5,2
1058,6,356,362,88.5,6
921,4,358,362,88.5,4
1024,7,356,363,88.5,7
1064,1,362,363,88.5,1
968,9,355,364,88.5,9
906,7,357,364,88.5,7
1158,6,358,364,88.5,6
1050,9,356,365,88.5,9
1137,8,357,365,88.5,8
928,1,364,365,88.5,1
1361,9,357,366,88.5,9
1037,8,358,366,88.5,8
991,2,364,366,88.5,2
1115,9,358,367,88.5,9
1280,9,358,367,88.5,9
1362,1,366,367,88.5,1
1128,9,359,368,88.5,9
1086,7,361,368,88.5,7
1148,3,365,368,88.5,3
1002,2,366,368,88.5,2
1138,1,368,369,88.5,1
1101,1,368,369,88.5,1
1162,1,368,369,88.5,1
1015,1,368,369,88.5,1
1232,9,361,370,88.5,9
1068,7,363,370,88.5,7
1160,6,364,370,88.5,6
929,5,365,370,88.5,5
1163,1,369,370,88.5,1
925,9,362,371,88.5,9
1055,8,363,371,88.5,8
1034,2,369,371,88.5,2
1242,1,370,371,88.5,1
1171,1,370,371,88.5,1
1045,6,366,372,88.5,6
1129,5,367,372,88.5,5
1149,3,369,372,88.5,3
1071,2,370,372,88.5,2
1070,8,365,373,88.5,8
1210,3,370,373,88.5,3
1179,2,371,373,88.5,2
1159,2,372,374,88.5,2
1187,1,373,374,88.5,1
1290,8,367,375,88.5,8
1366,8,367,375,88.5,8
947,5,370,375,88.5,5
1114,7,369,376,88.5,7
1161,4,372,376,88.5,4
1369,1,375,376,88.4,1
1072,7,371,378,88.4,7
1249,7,371,378,88.4,7
1083,5,373,378,88.4,5
939,8,371,379,88.4,8
1053,8,371,379,88.4,8
1074,7,372,379,88.4,7
1231,6,373,379,88.4,6
1123,4,376,380,88.4,4
1049,9,372,381,88.4,9
1168,7,374,381,88.4,7
1080,3,378,381,88.4,3
1140,1,380,381,88.4,1
1294,7,375,382,88.4,7
1190,9,374,383,88.4,9
993,8,375,383,88.4,8
1175,7,376,383,88.4,7
1401,7,376,383,88.4,7
1100,5,378,383,88.4,5
1075,4,379,383,88.4,4
1234,4,379,383,88.4,4
1103,2,381,383,88.4,2
1204,1,383,384,88.4,1
1305,3,382,385,88.4,3
1118,2,383,385,88.4,2
1060,7,379,386,88.4,7
1252,9,378,387,88.4,9
1173,6,381,387,88.4,6
949,9,379,388,88.4,9
1258,1,387,388,88.4,1
1220,5,384,389,88.4,5
1078,3,386,389,88.4,3
1196,2,387,389,88.4,2
1066,9,381,390,88.4,9
1141,9,381,390,88.4,9
1251,7,383,390,88.4,7
1205,8,383,391,88.4,8
1113,8,383,391,88.4,8
1023,9,383,392,88.4,9
1410,9,383,392,88.4,9
1089,9,383,392,88.4,9
964,4,388,392,88.4,4
1276,4,388,392,88.4,4
1102,2,390,392,88.4,2
1144,2,390,392,88.4,2
1169,1,391,392,88.4,1
1310,8,385,393,88.4,8
1121,8,385,393,88.4,8
1225,5,389,394,88.4,5
1088,5,389,394,88.4,5
1097,2,392,394,88.4,2
967,2,392,394,88.4,2
1318,2,392,394,88.4,2
1110,2,392,394,88.4,2
1416,3,392,395,88.4,3
1197,5,392,397,88.4,5
994,3,394,397,88.4,3
1427,2,395,397,88.4,2
1208,9,389,398,88.4,9
1324,5,393,398,88.4,5
1226,4,394,398,88.4,4
1105,4,394,398,88.4,4
1320,4,394,398,88.4,4
1134,4,394,398,88.4,4
1259,9,390,399,88.4,9
1212,8,391,399,88.4,8
1145,7,392,399,88.4,7
1127,6,393,399,88.4,6
1036,8,392,400,88.4,8
1108,6,394,400,88.4,6
996,3,397,400,88.4,3
1288,1,399,400,88.4,1
1146,1,399,400,88.4,1
1265,2,399,401,88.4,2
1311,1,400,401,88.4,1
1262,4,398,402,88.4,4
1433,6,397,403,88.4,6
1213,5,398,403,88.4,5
1164,5,398,403,88.4,5
1009,3,400,403,88.4,3
1270,2,401,403,88.4,2
1122,6,398,404,88.4,6
1321,3,401,404,88.4,3
1011,1,403,404,88.4,1
1281,3,402,405,88.4,3
1181,2,403,405,88.4,2
1207,9,397,406,88.4,9
1131,6,400,406,88.4,6
1238,3,403,406,88.4,3
1367,9,398,407,88.4,9
1359,9,398,407,88.4,9
1151,8,399,407,88.4,8
1040,8,400,408,88.4,8
1156,8,400,408,88.4,8
1271,5,403,408,88.4,5
1021,4,404,408,88.4,4
1377,5,404,409,88.4,5
1388,3,407,410,88.4,3
1380,1,409,410,88.4,1
1376,4,407,411,88.4,4
1062,3,408,411,88.4,3
1392,1,410,411,88.4,1
1440,9,403,412,88.4,9
1165,8,404,412,88.4,8
1201,7,405,412,88.4,7
1143,6,406,412,88.4,6
1391,2,410,412,88.4,2
1153,6,407,413,88.4,6
1039,5,408,413,88.4,5
1069,2,411,413,88.4,2
1147,1,412,413,88.4,1
1292,9,405,414,88.4,9
1214,8,406,414,88.4,8
1247,8,406,414,88.4,8
1172,6,408,414,88.4,6
1167,2,412,414,88.4,2
1180,1,414,415,88.4,1
1403,5,411,416,88.4,5
1461,4,412,416,88.4,4
1202,4,412,416,88.4,4
1150,3,413,416,88.4,3
1217,2,414,416,88.4,2
1176,2,414,416,88.4,2
1287,9,408,417,88.4,9
1381,6,411,417,88.4,6
1182,2,415,417,88.4,2
1188,1,416,417,88.4,1
1393,6,412,418,88.4,6
1042,5,413,418,88.4,5
1228,3,416,419,88.4,3
1413,2,417,419,88.4,2
1044,1,418,419,88.4,1
1092,7,413,420,88.4,7
1184,3,417,420,88.4,3
1157,8,413,421,88.4,8
1408,3,418,421,88.4,3
1405,6,416,422,88.4,6
1185,2,420,422,88.4,2
1297,9,414,423,88.4,9
1257,9,414,423,88.4,9
1332,6,417,423,88.4,6
1411,2,421,423,88.4,2
1463,8,416,424,88.4,8
1245,8,416,424,88.4,8
1054,5,419,424,88.4,5
1186,2,422,424,88.4,2
1227,9,416,425,88.4,9
1435,6,419,425,88.4,6
1087,1,424,425,88.4,1
1193,9,417,426,88.4,9
1236,7,419,426,88.4,7
1419,4,422,426,88.4,4
1299,3,423,426,88.4,3
1469,2,424,426,88.4,2
1269,1,425,426,88.4,1
1174,6,421,427,88.4,6
1368,4,423,427,88.4,4
1264,3,424,427,88.4,3
1194,3,424,427,88.4,3
1111,8,420,428,88.4,8
1268,7,423,430,88.4,7
1417,7,423,430,88.4,7
1109,5,425,430,88.4,5
1237,5,426,431,88.4,5
1382,4,427,431,88.4,4
1424,6,426,432,88.4,6
1273,2,430,432,88.4,2
1219,7,426,433,88.4,7
1341,7,426,433,88.4,7
1495,7,426,433,88.4,7
1286,7,426,433,88.4,7
1198,6,427,433,88.4,6
1119,3,430,433,88.4,3
1244,2,431,433,88.4,2
1396,2,431,433,88.4,2
1446,9,425,434,88.4,9
1275,7,427,434,88.4,7
1223,9,427,436,88.4,9
1112,8,428,436,88.4,8
1345,3,433,436,88.4,3
1351,1,436,437,88.4,1
1418,8,430,438,88.4,8
1274,6,432,438,88.4,6
1497,5,433,438,88.4,5
1203,5,433,438,88.4,5
1448,4,434,438,88.4,4
1279,4,434,438,88.4,4
1431,7,432,439,88.4,7
1254,6,433,439,88.4,6
1229,7,433,440,88.4,7
1230,5,436,441,88.4,5
1206,3,438,441,88.4,3
1295,9,433,442,88.4,9
1124,9,433,442,88.4,9
1398,9,433,442,88.4,9
1166,6,436,442,88.4,6
1233,2,441,443,88.4,2
1508,6,438,444,88.4,6
1317,6,438,444,88.4,6
1277,5,439,444,88.4,5
1354,8,437,445,88.4,8
1246,2,443,445,88.4,2
1289,8,438,446,88.4,8
1485,8,438,446,88.4,8
1450,7,439,446,88.4,7
1215,5,441,446,88.4,5
1420,9,438,447,88.4,9
1260,2,446,448,88.4,2
1263,9,440,449,88.4,9
1302,7,442,449,88.4,7
1130,7,442,449,88.4,7
1283,4,445,449,88.4,4
1177,8,442,450,88.4,8
1291,6,444,450,88.4,6
1372,5,445,450,88.4,5
1303,1,449,450,88.4,1
1133,1,449,450,88.4,1
1406,9,442,451,88.4,9
1272,3,448,451,88.4,3
1296,6,446,452,88.4,6
1423,5,447,452,88.4,5
1306,3,449,452,88.4,3
1510,9,444,453,88.4,9
1322,9,444,453,88.4,9
1428,1,452,453,88.4,1
1470,8,446,454,88.4,8
1312,2,452,454,88.4,2
1486,9,446,455,88.4,9
1323,2,453,455,88.4,2
1266,7,449,456,88.4,7
1373,6,450,456,88.4,6
1429,3,453,456,88.4,3
1496,2,454,456,88.4,2
1300,7,450,457,88.4,7
1308,7,450,457,88.4,7
1189,8,450,458,88.4,8
1139,8,450,458,88.4,8
1307,7,451,458,88.4,7
1549,2,456,458,88.4,2
1325,1,458,459,88.4,1
1453,9,451,460,88.4,9
1519,7,453,460,88.4,7
1309,3,457,460,88.4,3
1192,2,458,460,88.4,2
1350,9,452,461,88.4,9
1327,6,455,461,88.4,6
1493,5,456,461,88.4,5
1328,8,454,462,88.4,8
1492,7,455,462,88.4,7
1191,4,458,462,88.4,4
1315,2,460,462,88.4,2
1356,1,461,462,88.4,1
1284,7,456,463,88.4,7
1379,8,456,464,88.4,8
1459,4,460,464,88.4,4
1531,4,460,464,88.4,4
1216,4,460,464,88.4,4
1314,9,457,466,88.4,9
1363,4,462,466,88.4,4
1555,9,458,467,88.4,9
1560,5,462,467,88.4,5
1375,1,466,467,88.4,1
1349,9,459,468,88.4,9
1342,7,461,468,88.4,7
1400,1,467,468,88.4,1
1301,6,463,469,88.4,6
1567,2,467,469,88.4,2
1511,9,461,470,88.4,9
1326,8,462,470,88.4,8
1218,6,464,470,88.4,6
1404,2,468,470,88.4,2
1330,9,462,471,88.4,9
1211,9,462,471,88.4,9
1385,8,464,472,88.4,8
1468,8,464,472,88.4,8
1532,9,464,473,88.4,9
1352,5,468,473,88.4,5
1334,8,466,474,88.4,8
1329,4,470,474,88.4,4
1422,4,470,474,88.4,4
1568,6,469,475,88.4,6
1241,5,470,475,88.4,5
1239,4,471,475,88.4,4
1561,9,467,476,88.4,9
1353,8,468,476,88.4,8
1355,7,469,476,88.4,7
1340,5,471,476,88.4,5
1338,2,474,476,88.4,2
1512,7,470,477,88.4,7
1248,2,475,477,88.4,2
1358,1,476,477,88.4,1
1339,1,476,477,88.4,1
1536,5,473,478,88.4,5
1395,5,473,478,88.4,5
1425,4,474,478,88.4,4
1479,7,472,479,88.4,7
1343,5,474,479,88.4,5
1551,1,478,479,88.4,1
1397,8,472,480,88.4,8
1365,1,479,480,88.4,1
1557,1,479,480,88.4,1
1360,6,476,482,88.4,6
1374,5,477,482,88.4,5
1565,2,480,482,88.4,2
1253,8,475,483,88.4,8
1402,3,480,483,88.4,3
1577,1,482,483,88.4,1
1576,9,475,484,88.4,9
1476,6,478,484,88.4,6
1415,4,480,484,88.4,4
1563,9,476,485,88.4,9
1347,9,476,485,88.4,9
1250,8,477,485,88.4,8
1436,2,483,485,88.4,2
1518,9,477,486,88.4,9
1346,9,477,486,88.4,9
1441,8,478,486,88.4,8
1364,4,482,486,88.4,4
1256,3,483,486,88.4,3
1488,8,479,487,88.4,8
1394,5,482,487,88.4,5
1452,3,484,487,88.4,3
1390,3,486,489,88.4,3
1437,2,487,489,88.4,2
1581,7,483,490,88.4,7
1578,6,484,490,88.4,6
1439,5,485,490,88.4,5
1407,1,489,490,88.4,1
1589,6,485,491,88.4,6
1383,6,485,491,88.4,6
1466,5,486,491,88.4,5
1525,6,486,492,88.4,6
1378,6,486,492,88.4,6
1465,5,487,492,88.4,5
1455,3,489,492,88.4,3
1478,9,484,493,88.4,9
1421,3,490,493,88.4,3
1313,9,485,494,88.4,9
1517,7,487,494,88.4,7
1471,4,490,494,88.4,4
1261,9,486,495,88.4,9
1587,6,490,496,88.4,6
1609,5,491,496,88.4,5
1384,4,492,496,88.4,4
1467,5,492,497,88.4,5
1331,3,494,497,88.4,3
1538,3,494,497,88.4,3
1494,1,497,498,88.4,1
1579,9,490,499,88.4,9
1389,8,491,499,88.4,8
1474,8,491,499,88.4,8
1462,7,492,499,88.4,7
1426,6,493,499,88.4,6
1267,4,495,499,88.4,4
1595,3,496,499,88.4,3
1618,3,496,499,88.4,3
1558,8,492,500,88.4,8
1483,6,494,500,88.4,6
1387,4,496,500,88.4,4
1333,3,497,500,88.4,3
1432,1,499,500,88.4,1
1489,8,493,501,88.4,8
1482,2,499,501,88.4,2
1444,1,500,501,88.4,1
1480,3,499,502,88.4,3
1529,1,501,502,88.4,1
1657,4,499,503,88.4,4
1539,7,497,504,88.4,7
1443,5,499,504,88.4,5
1399,4,500,504,88.4,4
1498,7,498,505,88.4,7
1513,4,501,505,88.4,4
1530,3,502,505,88.4,3
1637,7,499,506,88.4,7
1562,6,500,506,88.4,6
1490,4,502,506,88.4,4
1514,1,505,506,88.4,1
1487,7,500,507,88.4,7
1454,3,504,507,88.4,3
1652,1,506,507,88.4,1
1608,9,499,508,88.4,9
1282,9,499,508,88.4,9
1449,7,501,508,88.4,7
1543,4,504,508,88.4,4
1337,9,500,509,88.4,9
1668,6,503,509,88.4,6
1570,3,506,509,88.4,3
1499,5,505,510,88.4,5
1683,3,507,510,88.4,3
1285,2,508,510,88.5,2
1414,7,504,511,88.5,7
1575,3,508,511,88.5,3
1505,1,510,511,88.5,1
1590,1,511,512,88.5,1
1503,7,506,513,88.5,7
1516,7,506,513,88.5,7
1610,5,508,513,88.5,5
1585,4,509,513,88.5,4
1542,9,505,514,88.5,9
1677,5,509,514,88.5,5
1600,1,513,514,88.5,1
1501,8,507,515,88.5,8
1456,7,508,515,88.5,7
1344,6,509,515,88.5,6
1506,2,513,515,88.5,2
1472,9,507,516,88.5,9
1293,6,510,516,88.5,6
1370,1,515,516,88.5,1
1715,7,510,517,88.5,7
1438,6,511,517,88.5,6
1521,2,515,517,88.5,2
1473,1,516,517,88.5,1
1475,1,517,518,88.5,1
1509,9,511,520,88.5,9
1591,8,512,520,88.5,8
1601,6,514,520,88.5,6
1622,6,514,520,88.5,6
1447,3,517,520,88.5,3
1627,8,513,521,88.5,8
1458,6,515,521,88.5,6
1477,3,518,521,88.5,3
1524,9,513,522,88.5,9
1693,8,514,522,88.5,8
1535,7,515,522,88.5,7
1409,6,516,522,88.5,6
1527,6,517,523,88.5,6
1592,3,520,523,88.5,3
1648,2,521,523,88.5,2
1464,2,521,523,88.5,2
1729,7,517,524,88.5,7
1554,1,523,524,88.5,1
1316,9,516,525,88.5,9
1630,5,520,525,88.5,5
1695,3,522,525,88.5,3
1603,3,523,526,88.5,3
1507,6,521,527,88.5,6
1528,5,522,527,88.5,5
1540,6,522,528,88.5,6
1548,9,520,529,88.5,9
1602,9,520,529,88.5,9
1481,9,520,529,88.5,9
1451,9,522,531,88.5,9
1736,7,524,531,88.5,7
1556,7,524,531,88.5,7
1607,5,526,531,88.5,5
1649,9,523,532,88.5,9
1484,9,523,532,88.5,9
1319,7,525,532,88.5,7
1634,7,525,532,88.5,7
1702,7,525,532,88.5,7
1500,1,532,533,88.5,1
1606,5,529,534,88.5,5
1491,5,529,534,88.5,5
1522,3,531,534,88.5,3
1803,4,531,535,88.5,4
1653,3,532,535,88.5,3
1502,2,533,535,88.5,2
1515,9,527,536,88.5,9
1534,9,527,536,88.5,9
1631,9,528,537,88.5,9
1611,3,534,537,88.5,3
1656,2,535,537,88.5,2
1537,1,536,537,88.5,1
1550,9,529,538,88.5,9
1583,7,531,538,88.5,7
1504,3,535,538,88.5,3
1642,1,537,538,88.5,1
1623,8,531,539,88.5,8
1335,7,532,539,88.5,7
1640,7,532,539,88.5,7
1604,5,534,539,88.5,5
1546,1,538,539,88.5,1
1545,3,537,540,88.5,3
1552,1,539,540,88.5,1
1716,9,532,541,88.5,9
1541,8,534,542,88.5,8
1564,4,538,542,88.5,4
1336,3,539,542,88.5,3
1625,3,539,542,88.5,3
1559,2,540,542,88.5,2
1817,8,535,543,88.5,8
1665,6,537,543,88.5,6
1588,5,538,543,88.5,5
1643,5,538,543,88.5,5
1654,5,539,544,88.5,5
1547,4,540,544,88.5,4
1523,9,536,545,88.5,9
1629,8,537,545,88.5,8
1571,3,542,545,88.5,3
1645,2,543,545,88.5,2
1661,1,544,545,88.5,1
1566,4,542,546,88.5,4
1848,3,543,546,88.5,3
1597,3,543,546,88.5,3
1573,1,545,546,88.5,1
1636,8,539,547,88.5,8
1737,7,541,548,88.5,7
1348,6,542,548,88.5,6
1594,2,546,548,88.5,2
1572,5,544,549,88.5,5
1632,4,545,549,88.5,4
1644,2,547,549,88.5,2
1669,4,546,550,88.5,4
1553,9,542,551,88.5,9
1671,9,542,551,88.5,9
1533,6,545,551,88.5,6
1688,6,545,551,88.5,6
1685,6,545,551,88.5,6
1868,5,546,551,88.5,5
1687,9,543,552,88.5,9
1371,4,548,552,88.5,4
1569,1,551,552,88.5,1
1703,1,551,552,88.5,1
1880,1,551,552,88.5,1
1574,7,546,553,88.5,7
1580,4,549,553,88.5,4
1655,4,549,553,88.5,4
1386,1,552,553,88.5,1
1664,5,549,554,88.5,5
1673,3,551,554,88.5,3
1708,2,552,554,88.5,2
1615,4,551,555,88.5,4
1886,3,552,555,88.5,3
1412,2,553,555,88.5,2
1750,8,548,556,88.5,8
1598,8,548,556,88.5,8
1584,4,552,556,88.5,4
1680,2,554,556,88.5,2
1672,8,550,558,88.5,8
1599,2,556,558,88.5,2
1605,2,556,558,88.5,2
1706,7,552,559,88.5,7
1902,4,555,559,88.5,4
1692,9,551,560,88.5,9
1582,7,553,560,88.5,7
1430,5,555,560,88.5,5
1586,8,553,561,88.5,8
1660,8,553,561,88.5,8
1617,6,555,561,88.5,6
1769,5,556,561,88.5,5
1689,5,556,561,88.5,5
1667,8,554,562,88.5,8
1927,3,559,562,88.5,3
1596,2,560,562,88.5,2
1719,9,554,563,88.5,9
1682,6,558,564,88.5,6
1626,6,558,564,88.5,6
1710,4,560,564,88.5,4
1784,3,561,564,88.5,3
1620,4,561,565,88.5,4
1928,3,562,565,88.5,3
1612,8,558,566,88.5,8
1709,7,559,566,88.5,7
1593,5,561,566,88.5,5
1670,5,561,566,88.5,5
1699,6,561,567,88.5,6
1633,3,565,568,88.5,3
1616,2,566,568,88.5,2
1434,9,560,569,88.5,9
1613,7,562,569,88.5,7
1733,5,564,569,88.5,5
1700,8,562,570,88.5,8
1791,6,564,570,88.5,6
1734,1,569,570,88.5,1
1698,7,564,571,88.5,7
1707,4,567,571,88.5,4
1659,3,568,571,88.5,3
1635,2,569,571,88.5,2
1722,9,563,572,88.5,9
1651,8,564,572,88.5,8
1940,7,565,572,88.5,7
1621,4,568,572,88.5,4
1690,7,566,573,88.5,7
1760,3,570,573,88.5,3
1746,2,571,573,88.5,2
1676,2,571,573,88.5,2
1941,1,572,573,88.5,1
1713,8,566,574,88.5,8
1711,3,571,574,88.5,3
1697,1,573,574,88.5,1
1614,9,566,575,88.5,9
1717,5,570,575,88.5,5
1836,5,570,575,88.5,5
1624,3,572,575,88.5,3
1855,1,575,576,88.5,1
1674,5,572,577,88.5,5
1735,3,574,577,88.5,3
1442,9,569,578,88.5,9
1650,7,571,578,88.5,7
1723,6,572,578,88.5,6
1945,6,573,579,88.5,6
1741,2,577,579,88.5,2
1759,7,573,580,88.5,7
1701,6,574,580,88.5,6
1638,5,575,580,88.5,5
1445,2,578,580,88.5,2
1779,8,573,581,88.5,8
1678,8,573,581,88.5,8
1724,7,574,581,88.5,7
1628,6,575,581,88.5,6
1718,7,575,582,88.5,7
1663,4,578,582,88.5,4
1959,3,579,582,88.5,3
1732,5,578,583,88.5,5
1639,3,580,583,88.5,3
1727,2,581,583,88.5,2
1761,4,580,584,88.5,4
1861,9,576,585,88.5,9
1686,8,577,585,88.5,8
1775,1,584,585,88.5,1
1745,7,579,586,88.5,7
1704,6,580,586,88.5,6
1457,6,580,586,88.5,6
1726,5,581,586,88.5,5
1647,6,581,587,88.5,6
1666,5,582,587,88.5,5
1968,5,582,587,88.5,5
1757,4,583,587,88.5,4
1876,2,585,587,88.5,2
1714,1,586,587,88.5,1
1783,7,581,588,88.5,7
1787,3,585,588,88.5,3
1696,5,585,590,88.5,5
1758,3,587,590,88.5,3
1721,9,582,591,88.5,9
1747,8,583,591,88.5,8
1460,5,586,591,88.5,5
1895,4,587,591,88.5,4
1641,9,583,592,88.5,9
1751,7,586,593,88.5,7
1763,3,590,593,88.5,3
1905,2,591,593,88.5,2
1712,7,587,594,88.5,7
1738,7,587,594,88.5,7
1797,6,588,594,88.5,6
1646,2,592,594,88.5,2
1730,9,586,595,88.5,9
1979,8,587,595,88.5,8
1785,7,588,595,88.5,7
1658,9,587,596,88.5,9
1764,3,593,596,88.5,3
1705,7,590,597,88.5,7
1754,6,591,597,88.5,6
1679,3,594,597,88.5,3
1767,7,591,598,88.5,7
1913,5,593,598,88.5,5
1748,4,594,598,88.5,4
1768,1,597,598,88.5,1
1739,5,594,599,88.5,5
1807,5,594,599,88.5,5
1740,4,595,599,88.5,4
1771,1,598,599,88.5,1
1520,9,591,600,88.5,9
1826,8,593,601,88.5,8
1526,1,600,601,88.5,1
1986,7,595,602,88.5,7
1788,7,595,602,88.5,7
1662,6,596,602,88.5,6
1684,6,597,603,88.5,6
1725,1,602,603,88.5,1
1792,8,596,604,88.5,8
1838,6,598,604,88.5,6
1762,5,599,604,88.5,5
1753,8,597,605,88.5,8
1916,7,598,605,88.5,7
1794,7,598,605,88.5,7
1809,6,599,605,88.5,6
1795,3,602,605,88.5,3
1744,2,603,605,88.5,2
1743,7,599,606,88.5,7
1997,4,602,606,88.5,4
1798,1,605,606,88.5,1
1786,8,599,607,88.5,8
1793,3,604,607,88.5,3
1845,3,604,607,88.5,3
1914,7,601,608,88.5,7
1544,7,601,608,88.5,7
1856,4,605,609,88.5,4
1814,2,607,609,88.5,2
1800,3,607,610,88.5,3
1819,6,605,611,88.5,6
1847,4,607,611,88.5,4
1857,2,609,611,88.5,2
1720,9,603,612,88.5,9
1772,8,604,612,88.5,8
1756,6,606,612,88.5,6
2002,6,606,612,88.5,6
1776,8,605,613,88.5,8
1755,8,605,613,88.5,8
1921,5,608,613,88.5,5
1822,2,611,613,88.5,2
1889,2,611,613,88.5,2
2010,1,612,613,88.5,1
1918,9,605,614,88.5,9
1816,8,606,614,88.5,8
1823,2,613,615,88.5,2
1923,1,614,615,88.5,1
1619,8,608,616,88.5,8
1810,6,610,616,88.5,6
1765,3,613,616,88.5,3
1906,3,613,616,88.5,3
1830,2,614,616,88.5,2
1863,6,611,617,88.5,6
1766,1,616,617,88.5,1
1919,1,616,617,88.5,1
1821,9,609,618,88.5,9
1742,6,612,618,88.5,6
1929,5,613,618,88.5,5
1675,2,616,618,88.5,2
1773,7,612,619,88.5,7
1799,6,613,619,88.5,6
1681,1,618,619,88.5,1
1824,5,615,620,88.5,5
1780,9,612,621,88.5,9
2017,8,613,621,88.5,8
1813,5,616,621,88.5,5
1770,4,617,621,88.5,4
1930,3,618,621,88.5,3
1752,4,618,622,88.5,4
1890,7,616,623,88.5,7
1805,2,621,623,88.5,2
1939,9,615,624,88.5,9
1871,7,617,624,88.5,7
1932,7,617,624,88.5,7
1691,5,619,624,88.5,5
1781,2,622,624,88.5,2
1946,4,621,625,88.5,4
1877,1,624,625,88.5,1
1789,7,619,626,88.5,7
1825,3,623,626,88.5,3
1831,9,618,627,88.5,9
1796,6,621,627,88.5,6
1782,3,624,627,88.5,3
1808,9,619,628,88.5,9
1828,7,621,628,88.5,7
1694,4,624,628,88.5,4
1846,2,626,628,88.5,2
1864,9,620,629,88.5,9
2028,8,621,629,88.5,8
1790,2,627,629,88.5,2
1802,4,626,630,88.5,4
1947,6,625,631,88.5,6
1909,6,625,631,88.5,6
1891,9,623,632,88.5,9
1956,8,624,632,88.5,8
1835,5,627,632,88.5,5
1812,4,628,632,88.5,4
1951,9,624,633,88.5,9
1804,6,627,633,88.5,6
1806,4,629,633,88.5,4
1815,1,632,633,88.5,1
1853,7,628,635,88.5,7
1958,3,632,635,88.5,3
1874,8,628,636,88.5,8
1865,7,629,636,88.5,7
1866,1,635,636,88.5,1
1728,9,628,637,88.5,9
1818,4,633,637,88.5,4
2030,9,629,638,88.5,9
1820,8,630,638,88.5,8
1960,7,631,638,88.5,7
1988,5,633,638,88.5,5
1911,8,631,639,88.5,8
1854,7,632,639,88.5,7
1832,6,633,639,88.5,6
1969,4,635,639,88.5,4
1883,3,636,639,88.5,3
1829,2,637,639,88.5,2
1910,8,632,640,88.5,8
1972,1,639,640,88.5,1
1833,1,639,640,88.5,1
1834,9,633,642,88.5,9
1893,3,639,642,88.5,3
1974,2,640,642,88.5,2
1875,7,636,643,88.5,7
1731,6,637,643,88.5,6
2094,5,638,643,88.5,5
1996,5,638,643,88.5,5
1858,4,639,643,88.5,4
1849,4,639,643,88.5,4
1837,6,638,644,88.5,6
1882,9,636,645,88.5,9
1897,3,642,645,88.5,3
1885,2,643,645,88.5,2
1966,8,638,646,88.5,8
1840,7,640,647,88.5,7
1975,5,642,647,88.5,5
1749,4,643,647,88.5,4
1937,9,639,648,88.5,9
1922,8,640,648,88.5,8
1908,5,643,648,88.5,5
2109,5,643,648,88.5,5
1931,3,645,648,88.5,3
1898,3,645,648,88.5,3
1991,2,646,648,88.5,2
1844,7,642,649,88.5,7
2003,6,643,649,88.5,6
1843,2,647,649,88.5,2
1976,2,647,649,88.5,2
1842,6,644,650,88.5,6
1915,5,645,650,88.5,5
1869,9,643,652,88.5,9
1774,5,647,652,88.5,5
1942,4,648,652,88.5,4
1936,6,648,654,88.5,6
1933,6,648,654,88.5,6
2114,6,648,654,88.5,6
1884,6,649,655,88.5,6
2000,8,648,656,88.5,8
1935,6,650,656,88.5,6
1949,9,648,657,88.5,9
1900,9,648,657,88.5,9
1850,8,649,657,88.5,8
2004,8,649,657,88.5,8
1943,5,652,657,88.5,5
1954,3,654,657,88.5,3
1977,3,654,657,88.5,3
2050,9,649,658,88.5,9
1777,6,652,658,88.5,6
2005,2,656,658,88.5,2
2020,1,657,658,88.5,1
1990,1,657,658,88.5,1
1852,9,650,659,88.5,9
1879,7,652,659,88.5,7
2134,5,654,659,88.5,5
2069,1,658,659,88.5,1
2039,1,658,659,88.5,1
1860,3,657,660,88.5,3
1994,2,658,660,88.5,2
1872,1,659,660,88.5,1
1887,6,655,661,88.5,6
1901,4,657,661,88.5,4
2092,3,659,662,88.5,3
1950,7,656,663,88.5,7
1952,6,657,663,88.5,6
1955,6,657,663,88.5,6
2142,5,659,664,88.5,5
1867,4,660,664,88.5,4
1971,8,657,665,88.5,8
2077,6,659,665,88.5,6
2101,3,662,665,88.5,3
1962,2,663,665,88.5,2
1778,8,658,666,88.5,8
1892,5,661,666,88.5,5
2018,9,658,667,88.5,9
1903,8,659,667,88.5,8
2009,7,660,667,88.5,7
1899,3,664,667,88.5,3
2153,2,665,667,88.5,2
2160,4,664,668,88.5,4
1873,9,660,669,88.5,9
2024,2,667,669,88.5,2
1912,9,661,670,88.5,9
2016,3,667,670,88.5,3
1926,3,667,670,88.5,3
2219,2,668,670,88.5,2
2063,1,669,670,88.5,1
1973,8,663,671,88.5,8
2098,6,665,671,88.5,6
1801,5,666,671,88.5,5
2023,1,670,671,88.5,1
1964,9,663,672,88.5,9
1917,5,667,672,88.5,5
2102,1,671,672,88.5,1
1983,8,665,673,88.5,8
1967,8,665,673,88.5,8
1896,8,666,674,88.5,8
2236,4,670,674,88.5,4
1984,3,671,674,88.5,3
2076,5,670,675,88.5,5
2031,4,671,675,88.5,4
1982,2,673,675,88.5,2
2159,9,667,676,88.5,9
1985,6,670,676,88.5,6
1938,6,670,676,88.5,6
1811,5,671,676,88.5,5
1894,9,669,678,88.5,9
1944,6,672,678,88.5,6
1904,4,674,678,88.5,4
2239,4,674,678,88.5,4
1970,7,672,679,88.5,7
2126,7,672,679,88.5,7
2269,2,678,680,88.5,2
2051,1,679,680,88.5,1
1995,7,674,681,88.5,7
2014,6,675,681,88.5,6
1992,5,676,681,88.5,5
1961,3,678,681,88.5,3
2019,9,673,682,88.5,9
1957,4,678,682,88.5,4
2038,1,681,682,88.5,1
2093,8,675,683,88.5,8
2032,8,675,683,88.5,8
1827,7,676,683,88.5,7
2079,3,680,683,88.5,3
2052,2,681,683,88.5,2
2026,1,682,683,88.5,1
1993,3,681,684,88.5,3
2169,9,676,685,88.5,9
1963,9,676,685,88.5,9
2035,2,683,685,88.5,2
1907,8,678,686,88.5,8
2293,6,680,686,88.5,6
1999,4,682,686,88.5,4
2040,1,685,686,88.5,1
2062,4,683,687,88.5,4
2295,1,686,687,88.5,1
2141,9,679,688,88.5,9
2080,5,683,688,88.5,5
1978,8,681,689,88.5,8
2011,5,684,689,88.5,5
2145,1,688,689,88.5,1
1839,7,683,690,88.5,7
2027,7,683,690,88.5,7
2042,9,682,691,88.5,9
2104,8,683,691,88.5,8
2195,6,685,691,88.5,6
1980,6,685,691,88.5,6
2021,2,689,691,88.5,2
2095,4,688,692,88.5,4
1987,1,691,692,88.5,1
2025,1,691,692,88.5,1
2001,7,686,693,88.5,7
1998,4,689,693,88.5,4
2033,3,690,693,88.5,3
1925,8,686,694,88.5,8
2049,8,686,694,88.5,8
2082,7,687,694,88.5,7
2316,7,687,694,88.5,7
2198,4,691,695,88.5,4
2047,3,692,695,88.5,3
2056,2,693,695,88.5,2
2008,4,692,696,88.5,4
2034,3,693,696,88.5,3
2201,1,695,696,88.5,1
2150,8,689,697,88.5,8
2053,3,694,697,88.5,3
2067,2,695,697,88.5,2
1841,8,690,698,88.5,8
2148,8,691,699,88.5,8
2099,7,692,699,88.5,7
2064,9,691,700,88.5,9
2006,7,693,700,88.5,7
2158,3,697,700,88.5,3
2070,3,697,700,88.5,3
1851,2,698,700,88.5,2
2113,7,694,701,88.5,7
2083,4,697,701,88.5,4
1965,8,694,702,88.5,8
2103,7,695,702,88.5,7
2349,9,694,703,88.5,9
2203,7,696,703,88.5,7
2041,8,696,704,88.5,8
2151,5,699,704,88.5,5
2012,4,700,704,88.5,4
2022,9,696,705,88.5,9
2123,7,699,706,88.5,7
2179,6,700,706,88.5,6
2074,6,700,706,88.5,6
2125,5,701,706,88.5,5
2226,3,703,706,88.5,3
2110,5,702,707,88.5,5
2044,2,705,707,88.5,2
2137,1,706,707,88.5,1
2072,9,700,709,88.5,9
1859,9,700,709,88.5,9
2084,8,701,709,88.5,8
1981,7,702,709,88.5,7
2174,6,704,710,88.5,6
2238,4,706,710,88.5,4
2115,3,707,710,88.5,3
2352,8,703,711,88.5,8
2066,7,704,711,88.5,7
2036,8,704,712,88.5,8
2197,6,706,712,88.5,6
2132,6,706,712,88.5,6
2193,6,707,713,88.5,6
2073,4,709,713,88.5,4
2396,2,711,713,88.5,2
2124,8,706,714,88.5,8
2054,9,707,716,88.5,9
2106,7,709,716,88.5,7
2225,6,710,716,88.5,6
2200,4,712,716,88.5,4
2007,8,709,717,88.5,8
2048,5,712,717,88.5,5
2397,4,713,717,88.5,4
1862,9,709,718,88.5,9
2119,8,710,718,88.5,8
2248,9,710,719,88.5,9
2075,8,711,719,88.5,8
2208,7,713,720,88.5,7
2229,4,716,720,88.5,4
2147,9,712,721,88.5,9
2078,8,713,721,88.5,8
2223,1,720,721,88.5,1
2243,1,720,721,88.5,1
2015,5,717,722,88.5,5
2418,5,717,722,88.5,5
2120,4,718,722,88.5,4
2128,9,714,723,88.5,9
2118,7,716,723,88.5,7
2266,4,719,723,88.5,4
2058,8,716,724,88.5,8
2216,8,716,724,88.5,8
2060,7,717,724,88.5,7
1870,6,718,724,88.5,6
2088,5,719,724,88.5,5
2086,3,721,724,88.5,3
1878,1,724,725,88.5,1
2217,2,724,726,88.5,2
2061,2,724,726,88.5,2
1881,1,725,726,88.5,1
2267,4,723,727,88.5,4
2246,7,721,728,88.5,7
2247,7,721,728,88.5,7
2121,6,722,728,88.5,6
2122,5,723,728,88.5,5
2232,2,726,728,88.5,2
1888,2,726,728,88.5,2
2029,7,722,729,88.5,7
2161,6,723,729,88.5,6
2096,5,724,729,88.5,5
2157,1,728,729,88.5,1
2149,9,721,730,88.5,9
2085,6,724,730,88.5,6
2249,2,728,730,88.5,2
2448,9,722,731,88.5,9
2081,5,726,731,88.5,5
2253,3,728,731,88.5,3
2277,3,728,731,88.5,3
2275,5,727,732,88.5,5
1920,4,728,732,88.5,4
2107,9,724,733,88.5,9
2308,2,731,733,88.5,2
2204,5,729,734,88.5,5
1924,2,732,734,88.5,2
2111,1,733,734,88.5,1
2340,1,733,734,88.5,1
2087,4,731,735,88.5,4
2283,4,731,735,88.5,4
2233,1,734,735,88.5,1
2130,8,728,736,88.5,8
2171,7,729,736,88.5,7
2097,7,729,736,88.5,7
1934,3,734,737,88.5,3
2235,2,735,737,88.5,2
2037,9,729,738,88.5,9
2117,8,730,738,88.5,8
2289,6,732,738,88.5,6
2090,3,735,738,88.5,3
2162,9,730,739,88.5,9
2252,9,730,739,88.5,9
2370,5,734,739,88.5,5
2296,4,735,739,88.5,4
2297,1,738,739,88.5,1
2449,9,731,740,88.5,9
2131,6,734,740,88.5,6
2256,1,739,740,88.5,1
2301,2,739,741,88.5,2
2144,1,740,741,88.5,1
2167,1,741,742,88.5,1
2133,7,736,743,88.5,7
2180,7,736,743,88.5,7
2100,7,736,743,88.5,7
2260,3,740,743,88.5,3
2177,5,739,744,88.5,5
2303,3,741,744,88.5,3
2268,1,743,744,88.5,1
2091,7,738,745,88.5,7
2452,5,740,745,88.5,5
2186,1,744,745,88.5,1
1948,9,737,746,88.5,9
2255,9,737,746,88.5,9
2135,8,738,746,88.5,8
2305,7,739,746,88.5,7
2329,2,744,746,88.5,2
2228,1,745,746,88.5,1
2045,9,738,747,88.5,9
2372,9,739,748,88.5,9
2454,3,745,748,88.5,3
2231,2,746,748,88.5,2
2188,7,742,749,88.5,7
2477,1,748,749,88.5,1
2136,7,743,750,88.5,7
2163,8,743,751,88.5,8
2055,4,747,751,88.5,4
2380,3,748,751,88.5,3
2185,9,743,752,88.5,9
2317,8,744,752,88.5,8
2105,7,745,752,88.5,7
1953,6,746,752,88.5,6
2263,6,746,752,88.5,6
2310,6,746,752,88.5,6
2357,6,746,752,88.5,6
2138,7,746,753,88.5,7
2202,4,749,753,88.5,4
2480,5,749,754,88.5,5
2192,2,752,754,88.5,2
1989,2,752,754,88.5,2
2240,7,748,755,88.5,7
2388,4,751,755,88.5,4
2146,2,753,755,88.5,2
2358,4,752,756,88.5,4
2230,3,753,756,88.5,3
2212,2,754,756,88.5,2
2334,5,752,757,88.5,5
2013,3,754,757,88.5,3
2218,1,756,757,88.5,1
2164,7,751,758,88.5,7
2324,6,752,758,88.5,6
2250,3,755,758,88.5,3
2143,9,750,759,88.5,9
2059,8,751,759,88.5,8
2116,7,752,759,88.5,7
2292,7,752,759,88.5,7
2488,5,754,759,88.5,5
2402,4,755,759,88.5,4
2241,3,756,759,88.5,3
2342,3,757,760,88.5,3
2065,1,759,760,88.5,1
2417,1,759,760,88.5,1
2333,3,758,761,88.5,3
2068,1,760,761,88.5,1
2365,6,756,762,88.5,6
2312,4,759,763,88.5,4
2371,2,761,763,88.5,2
2108,2,761,763,88.5,2
2184,9,755,764,88.5,9
2043,7,757,764,88.5,7
2336,1,763,764,88.5,1
2244,8,757,765,88.5,8
2168,7,758,765,88.5,7
2152,6,759,765,88.5,6
2507,6,759,765,88.5,6
2251,6,759,765,88.5,6
2264,8,758,766,88.5,8
2165,7,759,766,88.5,7
2383,6,760,766,88.5,6
2346,2,764,766,88.5,2
2156,1,765,766,88.5,1
2366,5,762,767,88.5,5
2046,3,764,767,88.5,3
2172,1,766,767,88.5,1
2423,8,760,768,88.5,8
2373,5,763,768,88.5,5
2282,3,765,768,88.5,3
2183,2,766,768,88.5,2
2387,1,767,768,88.5,1
2129,7,763,770,88.5,7
2455,3,768,771,88.5,3
2390,3,768,771,88.5,3
2173,7,765,772,88.5,7
2514,7,765,772,88.5,7
2265,6,766,772,88.5,6
2057,5,767,772,88.5,5
2391,1,771,772,88.5,1
2199,9,764,773,88.5,9
2327,8,765,773,88.5,8
2350,7,766,773,88.5,7
2467,2,771,773,88.5,2
2175,7,767,774,88.5,7
2206,1,773,774,88.5,1
2401,9,766,775,88.5,9
2271,3,772,775,88.5,3
2071,3,772,775,88.5,3
2368,2,773,775,88.5,2
2394,8,768,776,88.5,8
2285,8,768,776,88.5,8
2361,3,773,776,88.5,3
2472,3,773,776,88.5,3
2209,9,768,777,88.5,9
2432,5,772,777,88.5,5
2393,1,776,777,88.5,1
2405,3,775,778,88.5,3
2403,2,776,778,88.5,2
2320,2,776,778,88.5,2
2400,1,777,778,88.5,1
2140,9,770,779,88.5,9
2207,5,774,779,88.5,5
2379,4,775,779,88.5,4
2483,3,776,779,88.5,3
2190,8,772,780,88.5,8
2554,8,772,780,88.5,8
2434,3,777,780,88.5,3
2211,1,779,780,88.5,1
2409,3,778,781,88.5,3
2089,7,775,782,88.5,7
2234,5,777,782,88.5,5
2178,9,774,783,88.5,9
2300,8,775,783,88.5,8
2191,3,780,783,88.5,3
2568,3,780,783,88.5,3
2242,1,782,783,88.5,1
2154,5,779,784,88.5,5
2506,5,779,784,88.5,5
2339,7,778,785,88.5,7
2422,7,778,785,88.5,7
2261,5,780,785,88.5,5
2210,2,783,785,88.5,2
2196,2,783,785,88.5,2
2404,8,778,786,88.5,8
2438,6,780,786,88.5,6
2437,9,779,788,88.5,9
2419,7,781,788,88.5,7
2112,6,782,788,88.5,6
2600,5,783,788,88.5,5
2254,5,783,788,88.5,5
2213,3,785,788,88.5,3
2408,3,786,789,88.5,3
2474,3,786,789,88.5,3
2270,5,785,790,88.5,5
2127,2,788,790,88.5,2
2259,2,788,790,88.5,2
2302,8,783,791,88.5,8
2519,7,784,791,88.5,7
2353,6,785,791,88.5,6
2444,3,788,791,88.5,3
2605,3,788,791,88.5,3
2273,1,790,791,88.5,1
2166,8,784,792,88.5,8
2214,7,785,792,88.5,7
2362,1,791,792,88.5,1
2412,4,789,793,88.5,4
2460,9,785,794,88.5,9
2245,6,788,794,88.5,6
2491,5,789,794,88.5,5
2139,4,790,794,88.5,4
2290,4,790,794,88.5,4
2425,7,788,795,88.5,7
2215,3,792,795,88.5,3
2495,1,794,795,88.5,1
2521,5,791,796,88.5,5
2415,3,793,796,88.5,3
2466,2,794,796,88.5,2
2220,1,795,796,88.5,1
2510,1,795,796,88.5,1
2176,5,792,797,88.5,5
2155,3,794,797,88.5,3
2450,7,791,798,88.5,7
2621,7,791,798,88.5,7
2364,6,792,798,88.5,6
2469,2,796,798,88.5,2
2313,8,791,799,88.5,8
2471,4,795,799,88.5,4
2274,9,791,800,88.5,9
2315,6,794,800,88.5,6
2182,3,797,800,88.5,3
2451,2,798,800,88.5,2
2262,8,794,802,88.5,8
2511,6,796,802,88.5,6
2170,5,797,802,88.5,5
2319,3,799,802,88.5,3
2478,5,798,803,88.5,5
2298,1,802,803,88.5,1
2426,8,796,804,88.5,8
2322,4,800,804,88.5,4
2335,2,802,804,88.5,2
2526,9,796,805,88.5,9
2221,9,796,805,88.5,9
2677,7,798,805,88.5,7
2278,6,800,806,88.5,6
2376,9,798,807,88.5,9
2189,7,800,807,88.5,7
2461,7,800,807,88.5,7
2427,3,804,807,88.5,3
2354,3,804,807,88.5,3
2686,2,805,807,88.5,2
2485,9,799,808,88.5,9
2516,6,802,808,88.5,6
2307,6,803,809,88.5,6
2181,8,802,810,88.5,8
2237,5,805,810,88.5,5
2279,4,806,810,88.5,4
2705,3,807,810,88.5,3
2487,4,807,811,88.5,4
2498,9,803,812,88.5,9
2541,7,805,812,88.5,7
2194,5,807,812,88.5,5
2428,5,807,812,88.5,5
2338,9,804,813,88.5,9
2378,7,807,814,88.5,7
2724,4,810,814,88.5,4
2355,8,807,815,88.5,8
2546,8,808,816,88.5,8
2287,6,810,816,88.5,6
2533,5,811,816,88.5,5
2381,2,814,816,88.5,2
2486,9,808,817,88.5,9
2314,8,809,817,88.5,8
2550,5,812,817,88.5,5
2539,1,816,817,88.5,1
2187,8,810,818,88.5,8
2257,8,810,818,88.5,8
2227,6,812,818,88.5,6
2433,7,812,819,88.5,7
2347,6,813,819,88.5,6
2729,5,814,819,88.5,5
2543,2,817,819,88.5,2
2505,8,812,820,88.5,8
2288,4,816,820,88.5,4
2205,2,818,820,88.5,2
2356,6,815,821,88.5,6
2489,4,817,821,88.5,4
2258,3,818,821,88.5,3
2545,3,819,822,88.5,3
2382,7,816,823,88.5,7
2571,3,820,823,88.5,3
2567,8,816,824,88.5,8
2351,5,819,824,88.5,5
2587,8,817,825,88.5,8
2497,4,821,825,88.5,4
2276,4,821,825,88.5,4
2328,9,817,826,88.5,9
2272,9,818,827,88.5,9
2435,8,819,827,88.5,8
2222,7,820,827,88.5,7
2590,3,824,827,88.5,3
2523,2,825,827,88.5,2
2280,2,825,827,88.5,2
2341,1,826,827,88.5,1
2730,9,819,828,88.5,9
2325,8,820,828,88.5,8
2360,7,821,828,88.5,7
2548,6,822,828,88.5,6
2375,5,824,829,88.5,5
2611,2,827,829,88.5,2
2281,3,827,830,88.5,3
2527,3,827,830,88.5,3
2395,8,823,831,88.5,8
2593,8,823,831,88.5,8
2363,3,828,831,88.5,3
2534,1,830,831,88.5,1
2406,4,828,832,88.5,4
2565,4,828,832,88.5,4
2224,6,827,833,88.5,6
2597,2,831,833,88.5,2
2617,9,825,834,88.5,9
2446,7,827,834,88.5,7
2284,7,827,834,88.5,7
2345,7,827,834,88.5,7
2536,3,831,834,88.5,3
2399,4,831,835,88.5,4
2377,7,829,836,88.5,7
2569,4,832,836,88.5,4
2654,2,834,836,88.5,2
2735,9,828,837,88.5,9
2411,5,832,837,88.5,5
2286,4,833,837,88.5,4
2598,4,833,837,88.5,4
2458,3,834,837,88.5,3
2570,3,834,837,88.5,3
2624,9,829,838,88.5,9
2331,8,830,838,88.5,8
2410,3,835,838,88.5,3
2742,1,837,838,88.5,1
2369,5,834,839,88.5,5
2701,3,836,839,88.5,3
2416,2,837,839,88.5,2
2431,1,838,839,88.5,1
2385,9,831,840,88.5,9
2294,6,834,840,88.5,6
2594,3,837,840,88.5,3
2743,3,838,841,88.5,3
2610,5,837,842,88.5,5
2671,4,838,842,88.5,4
2359,4,838,842,88.5,4
2392,2,840,842,88.5,2
2299,3,840,843,88.5,3
2596,3,840,843,88.5,3
2676,1,842,843,88.5,1
2304,1,843,844,88.5,1
2684,1,843,844,88.5,1
2384,9,836,845,88.5,9
2580,9,836,845,88.5,9
2291,8,837,845,88.5,8
2708,6,839,845,88.5,6
2462,9,837,846,88.5,9
2441,7,839,846,88.5,7
2613,4,842,846,88.5,4
2374,4,842,846,88.5,4
2407,4,842,846,88.5,4
2420,9,839,848,88.5,9
2481,9,839,848,88.5,9
2311,3,845,848,88.5,3
2443,2,846,848,88.5,2
2631,2,846,848,88.5,2
2479,2,846,848,88.5,2
2754,8,841,849,88.5,8
2732,4,845,849,88.5,4
2470,3,846,849,88.5,3
2318,1,848,849,88.5,1
2464,1,848,849,88.5,1
2468,1,849,850,88.5,1
2429,3,848,851,88.5,3
2484,2,849,851,88.5,2
2616,9,843,852,88.5,9
2306,8,844,852,88.5,8
2717,8,844,852,88.5,8
2482,4,848,852,88.5,4
2744,3,849,852,88.5,3
2321,3,849,852,88.5,3
2500,1,851,852,88.5,1
2389,9,845,854,88.5,9
2638,9,845,854,88.5,9
2492,2,852,854,88.5,2
2430,9,846,855,88.5,9
2522,5,850,855,88.5,5
2493,8,848,856,88.5,8
2644,8,848,856,88.5,8
2761,7,849,856,88.5,7
2436,5,851,856,88.5,5
2619,4,852,856,88.5,4
2509,4,852,856,88.5,4
2440,3,855,858,88.5,3
2746,7,852,859,88.5,7
2326,8,852,860,88.5,8
2780,4,856,860,88.5,4
2309,9,852,861,88.5,9
2718,9,852,861,88.5,9
2447,5,856,861,88.5,5
2330,1,860,861,88.5,1
2791,1,860,861,88.5,1
2439,8,854,862,88.5,8
2663,8,854,862,88.5,8
2549,7,855,862,88.5,7
2657,6,856,862,88.5,6
2496,9,854,863,88.5,9
2499,8,856,864,88.5,8
2628,8,856,864,88.5,8
2556,2,862,864,88.5,2
2513,9,856,865,88.5,9
2445,7,858,865,88.5,7
2459,4,861,865,88.5,4
2583,2,864,866,88.5,2
2755,9,859,868,88.5,9
2323,7,861,868,88.5,7
2737,7,861,868,88.5,7
2463,6,862,868,88.5,6
2692,6,862,868,88.5,6
2634,2,866,868,88.5,2
2508,5,864,869,88.5,5
2520,4,865,869,88.5,4
2337,9,861,870,88.5,9
2803,9,861,870,88.5,9
2668,8,862,870,88.5,8
2332,2,868,870,88.5,2
2695,2,868,870,88.5,2
2518,8,863,871,88.5,8
2648,7,864,871,88.5,7
2517,6,865,871,88.5,6
2473,4,868,872,88.5,4
2767,5,868,873,88.5,5
2537,4,869,873,88.5,4
2807,3,870,873,88.5,3
2673,3,870,873,88.5,3
2553,2,871,873,88.5,2
2653,2,871,873,88.5,2
2490,9,865,874,88.5,9
2525,5,869,874,88.5,5
2656,1,873,874,88.5,1
2748,7,868,875,88.5,7
2502,3,872,875,88.5,3
2531,1,874,875,88.5,1
2699,9,868,877,88.5,9
2348,7,870,877,88.5,7
2700,7,870,877,88.5,7
2675,3,874,877,88.5,3
2680,5,873,878,88.5,5
2575,5,873,878,88.5,5
2343,9,870,879,88.5,9
2532,8,871,879,88.5,8
2538,6,873,879,88.5,6
2713,2,877,879,88.5,2
2688,1,878,879,88.5,1
2595,1,878,879,88.5,1
2771,7,873,880,88.5,7
2819,7,873,880,88.5,7
2494,7,874,881,88.5,7
2769,6,875,881,88.5,6
2524,6,875,881,88.5,6
2552,6,875,881,88.5,6
2367,4,877,881,88.5,4
2603,2,879,881,88.5,2
2685,6,877,883,88.5,6
2535,4,879,883,88.5,4
2504,2,881,883,88.5,2
2702,7,877,884,88.5,7
2344,5,879,884,88.5,5
2784,5,880,885,88.5,5
2386,4,881,885,88.5,4
2716,7,879,886,88.5,7
2558,5,881,886,88.5,5
2559,6,881,887,88.5,6
2542,9,879,888,88.5,9
2696,9,879,888,88.5,9
2831,8,880,888,88.5,8
2562,5,883,888,88.5,5
2398,4,884,888,88.5,4
2805,3,885,888,88.5,3
2608,8,881,889,88.5,8
2528,6,883,889,88.5,6
2414,4,885,889,88.5,4
2795,9,881,890,88.5,9
2714,7,883,890,88.5,7
2740,7,884,891,88.5,7
2745,5,886,891,88.5,5
2560,6,886,892,88.5,6
2573,5,887,892,88.5,5
2421,3,889,892,88.5,3
2821,2,890,892,88.5,2
2738,2,890,892,88.5,2
2768,1,891,892,88.5,1
2557,5,888,893,88.5,5
2540,5,889,894,88.5,5
2584,1,893,894,88.5,1
2817,7,888,895,88.5,7
2749,4,891,895,88.5,4
2837,8,888,896,88.5,8
2576,8,888,896,88.5,8
2764,4,892,896,88.5,4
2712,9,888,897,88.5,9
2413,9,888,897,88.5,9
2625,8,889,897,88.5,8
2840,1,896,897,88.5,1
2581,1,896,897,88.5,1
2787,3,895,898,88.5,3
2572,7,892,899,88.5,7
2424,7,892,899,88.5,7
2818,4,895,899,88.5,4
2442,2,897,899,88.5,2
2825,8,892,900,88.5,8
2599,3,897,900,88.5,3
2456,1,899,900,88.5,1
2623,9,892,901,88.5,9
2786,9,892,901,88.5,9
2544,7,894,901,88.5,7
2765,5,896,901,88.5,5
2601,8,894,902,88.5,8
2843,6,897,903,88.5,6
2578,4,899,903,88.5,4
2715,7,897,904,88.5,7
2501,4,900,904,88.5,4
2845,1,903,904,88.5,1
2630,9,897,906,88.5,9
2453,7,899,906,88.5,7
2832,6,900,906,88.5,6
2612,4,902,906,88.5,4
2582,3,903,906,88.5,3
2790,9,898,907,88.5,9
2830,8,899,907,88.5,8
2618,7,900,907,88.5,7
2547,6,901,907,88.5,6
2641,7,901,908,88.5,7
2776,7,901,908,88.5,7
2867,4,904,908,88.5,4
2794,8,901,909,88.5,8
2591,3,906,909,88.5,3
2853,2,907,909,88.5,2
2870,3,908,911,88.5,3
2857,2,909,911,88.5,2
2719,8,904,912,88.5,8
2635,6,906,912,88.5,6
2813,5,907,912,88.5,5
2512,9,904,913,88.5,9
2839,7,906,913,88.5,7
2457,8,906,914,88.5,8
2626,8,906,914,88.5,8
2804,5,909,914,88.5,5
2849,1,913,914,88.5,1
2551,8,907,915,88.5,8
2642,7,908,915,88.5,7
2606,6,909,915,88.5,6
2529,2,913,915,88.5,2
2620,9,907,916,88.5,9
2465,2,914,916,88.5,2
2806,2,914,916,88.5,2
2888,2,914,916,88.5,2
2797,9,908,917,88.5,9
2901,6,911,917,88.5,6
2820,5,912,917,88.5,5
2646,2,915,917,88.5,2
2874,7,911,918,88.5,7
2614,3,915,918,88.5,3
2800,1,917,918,88.5,1
2645,6,914,920,88.5,6
2627,4,916,920,88.5,4
2889,4,916,920,88.5,4
2622,2,918,920,88.5,2
2731,9,912,921,88.5,9
2649,9,912,921,88.5,9
2824,4,917,921,88.5,4
2810,3,918,921,88.5,3
2672,1,920,921,88.5,1
2917,1,920,921,88.5,1
2475,6,916,922,88.5,6
2647,2,920,922,88.5,2
2566,8,915,923,88.5,8
2829,2,921,923,88.5,2
2530,9,915,924,88.5,9
2912,7,917,924,88.5,7
2902,6,918,924,88.5,6
2629,4,920,924,88.5,4
2669,3,921,924,88.5,3
2687,3,921,924,88.5,3
2577,1,923,924,88.5,1
2809,9,916,925,88.5,9
2816,4,921,925,88.5,4
2908,1,924,925,88.5,1
2639,1,924,925,88.5,1
2650,9,917,926,88.5,9
2915,2,924,926,88.5,2
2586,2,924,926,88.5,2
2836,1,925,926,88.5,1
2930,6,921,927,88.5,6
2860,4,923,927,88.5,4
2476,6,922,928,88.5,6
2561,4,924,928,88.5,4
2864,1,927,928,88.5,1
2792,9,921,930,88.5,9
2662,8,922,930,88.5,8
2681,7,924,931,88.5,7
2919,5,926,931,88.5,5
2877,5,926,931,88.5,5
2691,8,924,932,88.5,8
2920,8,925,933,88.5,8
2640,8,925,933,88.5,8
2588,7,926,933,88.5,7
2503,5,928,933,88.5,5
2563,5,928,933,88.5,5
2855,3,930,933,88.5,3
2834,9,925,934,88.5,9
2670,8,926,934,88.5,8
2878,6,928,934,88.5,6
2955,8,927,935,88.5,8
2683,4,931,935,88.5,4
2564,2,933,935,88.5,2
2515,3,933,936,88.5,3
2707,1,935,936,88.5,1
2924,4,933,937,88.5,4
2956,2,935,937,88.5,2
2720,8,930,938,88.5,8
2923,7,931,938,88.5,7
2679,4,934,938,88.5,4
2709,3,936,939,88.5,3
2972,2,937,939,88.5,2
2733,1,938,939,88.5,1
2886,9,931,940,88.5,9
2721,9,932,941,88.5,9
2589,8,933,941,88.5,8
2858,8,933,941,88.5,8
2772,2,939,941,88.5,2
2651,9,933,942,88.5,9
2884,8,934,942,88.5,8
2961,5,937,942,88.5,5
2775,1,941,942,88.5,1
2881,9,934,943,88.5,9
2592,8,935,943,88.5,8
2936,5,938,943,88.5,5
2723,4,939,943,88.5,4
2652,1,942,943,88.5,1
3007,5,939,944,88.5,5
2778,2,942,944,88.5,2
2940,1,943,944,88.5,1
2555,9,936,945,88.5,9
2694,7,938,945,88.5,7
2726,4,941,945,88.5,4
2893,3,942,945,88.5,3
2667,2,943,945,88.5,2
2898,6,940,946,88.5,6
2885,5,941,946,88.5,5
2892,3,943,946,88.5,3
2682,1,945,946,88.5,1
2609,7,941,948,88.5,7
2906,2,946,948,88.5,2
2994,7,942,949,88.5,7
3033,5,944,949,88.5,5
2703,4,945,949,88.5,4
2796,6,944,950,88.5,6
2574,5,945,950,88.5,5
2914,5,946,951,88.5,5
2706,5,946,951,88.5,5
3044,2,949,951,88.5,2
2602,9,943,952,88.5,9
2728,9,943,952,88.5,9
2727,7,945,952,88.5,7
2946,9,944,953,88.5,9
2900,8,945,953,88.5,8
2633,5,948,953,88.5,5
2926,2,951,953,88.5,2
2711,5,949,954,88.5,5
2808,4,950,954,88.5,4
2579,4,950,954,88.5,4
2636,1,953,954,88.5,1
2909,9,946,955,88.5,9
2922,7,948,955,88.5,7
2722,4,951,955,88.5,4
2607,3,952,955,88.5,3
2756,3,952,955,88.5,3
3056,5,951,956,88.5,5
2734,4,952,956,88.5,4
2725,2,954,956,88.5,2
2997,9,949,958,88.5,9
2947,5,953,958,88.5,5
3017,5,953,958,88.5,5
2659,3,955,958,88.5,3
3066,2,956,958,88.5,2
2933,4,955,959,88.5,4
3000,1,958,959,88.5,1
3071,1,958,959,88.5,1
2812,6,954,960,88.5,6
2585,6,954,960,88.5,6
2949,2,958,960,88.5,2
3088,1,959,960,88.5,1
2929,8,953,961,88.5,8
2757,6,955,961,88.5,6
2660,3,958,961,88.5,3
2604,1,960,961,88.5,1
2664,9,954,963,88.5,9
2916,8,955,963,88.5,8
2758,8,955,963,88.5,8
2741,7,956,963,88.5,7
2762,8,956,964,88.5,8
3039,6,958,964,88.5,6
2969,4,960,964,88.5,4
2962,3,961,964,88.5,3
2934,6,959,965,88.5,6
2678,2,963,965,88.5,2
2763,1,964,965,88.5,1
2841,6,960,966,88.5,6
2785,5,961,966,88.5,5
2698,1,965,966,88.5,1
3010,8,959,967,88.5,8
3090,8,960,968,88.5,8
2661,7,961,968,88.5,7
2615,7,961,968,88.5,7
3049,4,964,968,88.5,4
2982,4,964,968,88.5,4
2964,5,964,969,88.5,5
2879,3,966,969,88.5,3
2760,7,963,970,88.5,7
2935,5,965,970,88.5,5
2802,4,966,970,88.5,4
2665,2,968,970,88.5,2
3104,3,968,971,88.5,3
2632,3,968,971,88.5,3
2927,9,963,972,88.5,9
2766,9,963,972,88.5,9
2774,7,965,972,88.5,7
2942,2,970,972,88.5,2
2815,2,970,972,88.5,2
2941,1,972,973,88.5,1
2779,1,972,973,88.5,1
2948,1,972,973,88.5,1
2710,8,966,974,88.5,8
2983,6,968,974,88.5,6
2783,4,970,974,88.5,4
2848,2,972,974,88.5,2
3013,8,967,975,88.5,8
2637,4,971,975,88.5,4
3116,8,968,976,88.5,8
2973,8,969,977,88.5,8
2689,7,970,977,88.5,7
2869,5,972,977,88.5,5
3018,2,975,977,88.5,2
2883,9,969,978,88.5,9
2990,5,973,978,88.5,5
2984,4,974,978,88.5,4
2811,4,974,978,88.5,4
2943,6,973,979,88.5,6
2793,6,973,979,88.5,6
2747,2,977,979,88.5,2
2872,2,977,979,88.5,2
2987,1,978,979,88.5,1
3106,9,971,980,88.5,9
2823,2,978,980,88.5,2
2643,6,975,981,88.5,6
3019,3,978,981,88.5,3
3041,2,979,981,88.5,2
3109,1,980,981,88.5,1
2736,8,974,982,88.5,8
2863,9,974,983,88.5,9
2998,6,977,983,88.5,6
2931,5,978,983,88.5,5
3118,8,976,984,88.5,8
3048,7,977,984,88.5,7
2904,6,979,985,88.5,6
3123,4,981,985,88.5,4
2753,3,982,985,88.5,3
2752,7,979,986,88.5,7
3004,3,983,986,88.5,3
2952,8,979,987,88.5,8
2798,8,979,987,88.5,8
3054,6,981,987,88.5,6
3122,3,984,987,88.5,3
2827,8,980,988,88.5,8
3020,7,981,988,88.5,7
3008,2,986,988,88.5,2
2655,8,981,989,88.5,8
3131,2,987,989,88.5,2
2950,7,983,990,88.5,7
2773,5,985,990,88.5,5
2770,4,986,990,88.5,4
3129,6,985,991,88.5,6
2782,1,990,991,88.5,1
2903,9,983,992,88.5,9
3091,8,984,992,88.5,8
2989,5,987,992,88.5,5
2850,1,991,992,88.5,1
2945,8,985,993,88.5,8
2838,5,988,993,88.5,5
2861,1,992,993,88.5,1
2658,5,989,994,88.5,5
2799,8,987,995,88.5,8
2957,5,990,995,88.5,5
3082,9,987,996,88.5,9
3043,8,988,996,88.5,8
3040,8,988,996,88.5,8
2995,4,992,996,88.5,4
2844,3,993,996,88.5,3
3171,8,989,997,88.5,8
3151,7,991,998,88.5,7
2666,4,994,998,88.5,4
3092,2,996,998,88.5,2
2777,9,990,999,88.5,9
2873,6,993,999,88.5,6
3094,2,998,1000,88.5,2
2944,9,992,1001,88.5,9
3105,9,992,1001,88.5,9
3059,5,996,1001,88.5,5
2971,9,993,1002,88.5,9
2968,7,995,1002,88.5,7
3001,6,996,1002,88.5,6
2847,6,996,1002,88.5,6
3178,6,997,1003,88.5,6
2959,2,1001,1003,88.5,2
2980,1,1002,1003,88.5,1
2814,9,995,1004,88.5,9
3055,8,996,1004,88.5,8
3202,7,998,1005,88.5,7
2674,7,998,1005,88.5,7
3099,5,1000,1005,88.5,5
2781,7,999,1006,88.5,7
3189,3,1003,1006,88.5,3
3078,6,1001,1007,88.5,6
2965,4,1003,1007,88.5,4
2822,3,1004,1007,88.5,3
3100,2,1005,1007,88.5,2
2875,9,999,1008,88.5,9
3206,3,1005,1008,88.5,3
2690,3,1005,1008,88.5,3
2828,1,1007,1008,88.5,1
3148,1,1007,1008,88.5,1
3136,8,1001,1009,88.5,8
3016,7,1002,1009,88.5,7
2856,7,1002,1009,88.5,7
3236,1,1008,1009,88.5,1
2974,8,1002,1010,88.5,8
2999,7,1003,1010,88.5,7
3080,4,1007,1011,88.5,4
2966,4,1007,1011,88.5,4
2851,3,1008,1011,88.5,3
3173,3,1008,1011,88.5,3
3062,8,1004,1012,88.5,8
3147,3,1009,1012,88.5,3
2789,7,1006,1013,88.5,7
3207,8,1006,1014,88.5,8
2693,6,1008,1014,88.5,6
3063,5,1009,1014,88.5,5
3186,3,1011,1014,88.5,3
3112,2,1012,1014,88.5,2
2859,6,1009,1015,88.5,6
3114,1,1014,1015,88.5,1
3003,6,1010,1016,88.5,6
3152,4,1012,1016,88.5,4
3127,1,1015,1016,88.5,1
2890,9,1008,1017,88.5,9
2981,6,1011,1017,88.5,6
2697,3,1014,1017,88.5,3
3012,1,1016,1017,88.5,1
3257,9,1009,1018,88.5,9
2866,3,1015,1018,88.5,3
2894,1,1017,1018,88.5,1
3009,9,1010,1019,88.5,9
3089,8,1011,1019,88.5,8
2852,8,1011,1019,88.5,8
2801,6,1013,1019,88.5,6
3187,6,1014,1020,88.5,6
3067,7,1014,1021,88.5,7
3175,6,1016,1022,88.5,6
3128,6,1016,1022,88.5,6
2913,4,1018,1022,88.5,4
3015,3,1019,1022,88.5,3
2835,3,1019,1022,88.5,3
3073,1,1021,1022,88.5,1
3211,9,1014,1023,88.5,9
3269,5,1018,1023,88.5,5
2868,5,1018,1023,88.5,5
2862,4,1019,1023,88.5,4
3029,7,1017,1024,88.5,7
2704,8,1017,1025,88.5,8
3014,8,1017,1025,88.5,8
2842,3,1022,1025,88.5,3
3215,2,1023,1025,88.5,2
3031,1,1024,1025,88.5,1
3183,4,1022,1026,88.5,4
2925,4,1022,1026,88.5,4
2911,3,1023,1026,88.5,3
3046,1,1025,1026,88.5,1
3132,5,1022,1027,88.5,5
3097,9,1019,1028,88.5,9
2871,5,1023,1028,88.5,5
3212,9,1020,1029,88.5,9
3142,7,1022,1029,88.5,7
2739,4,1025,1029,88.5,4
2846,4,1025,1029,88.5,4
2880,1,1028,1029,88.5,1
3023,8,1022,1030,88.5,8
3298,7,1023,1030,88.5,7
3239,5,1025,1030,88.5,5
3069,4,1026,1030,88.5,4
3134,3,1027,1030,88.5,3
3228,1,1029,1030,88.5,1
3182,1,1029,1030,88.5,1
2932,5,1026,1031,88.5,5
3329,1,1030,1031,88.5,1
2891,3,1029,1032,88.5,3
3223,2,1030,1032,88.5,2
2953,1,1031,1032,88.5,1
2750,4,1029,1033,88.5,4
3250,3,1030,1033,88.5,3
2895,1,1032,1033,88.5,1
3022,9,1025,1034,88.5,9
3204,8,1026,1034,88.5,8
2938,8,1026,1034,88.5,8
3101,6,1028,1034,88.5,6
3086,5,1030,1035,88.5,5
3247,5,1030,1035,88.5,5
3115,1,1034,1035,88.5,1
3259,3,1033,1036,88.5,3
2899,3,1033,1036,88.5,3
3038,7,1030,1037,88.5,7
3138,7,1030,1037,88.5,7
2751,4,1033,1037,88.5,4
3032,3,1034,1037,88.5,3
3135,2,1035,1037,88.5,2
2854,9,1029,1038,88.5,9
2905,2,1036,1038,88.5,2
3035,1,1037,1038,88.5,1
3218,5,1034,1039,88.5,5
2976,5,1034,1039,88.5,5
3263,3,1036,1039,88.5,3
3154,2,1037,1039,88.5,2
3338,9,1031,1040,88.5,9
3036,2,1038,1040,88.5,2
3224,9,1032,1041,88.5,9
2954,9,1032,1041,88.5,9
3042,4,1037,1041,88.5,4
3162,2,1039,1041,88.5,2
3251,7,1035,1042,88.5,7
3155,6,1037,1043,88.5,6
2759,6,1037,1043,88.5,6
2876,5,1038,1043,88.5,5
2979,4,1039,1043,88.5,4
3267,1,1042,1043,88.5,1
3139,9,1035,1044,88.5,9
2918,6,1038,1044,88.5,6
3232,5,1039,1044,88.5,5
3414,4,1040,1044,88.5,4
2977,3,1041,1044,88.5,3
3052,6,1040,1046,88.5,6
3277,8,1039,1047,88.5,8
3225,6,1041,1047,88.5,6
3077,6,1041,1047,88.5,6
2882,4,1043,1047,88.5,4
3140,3,1044,1047,88.5,3
3282,5,1043,1048,88.5,5
2986,4,1044,1048,88.5,4
3164,8,1041,1049,88.5,8
2788,6,1043,1049,88.5,6
3416,5,1044,1049,88.5,5
3143,2,1047,1049,88.5,2
3034,1,1048,1049,88.5,1
3060,4,1046,1050,88.5,4
3233,3,1047,1050,88.5,3
3283,2,1048,1050,88.5,2
3103,4,1047,1051,88.5,4
3144,2,1049,1051,88.5,2
3064,1,1050,1051,88.5,1
3159,9,1043,1052,88.5,9
2985,9,1043,1052,88.5,9
2921,9,1044,1053,88.5,9
3240,9,1044,1053,88.5,9
3172,4,1049,1053,88.5,4
3079,2,1051,1053,88.5,2
3262,1,1053,1054,88.5,1
2887,8,1047,1055,88.5,8
3467,6,1049,1055,88.5,6
3292,9,1047,1056,88.5,9
3299,6,1050,1056,88.5,6
3165,4,1052,1056,88.5,4
2988,5,1052,1057,88.5,5
3301,1,1056,1057,88.5,1
2826,9,1049,1058,88.5,9
3058,9,1049,1058,88.5,9
2928,5,1053,1058,88.5,5
3190,5,1053,1058,88.5,5
3096,5,1053,1058,88.5,5
3234,9,1050,1059,88.5,9
3160,8,1051,1059,88.5,8
3145,8,1051,1059,88.5,8
3274,5,1054,1059,88.5,5
2897,4,1055,1059,88.5,4
3306,2,1057,1059,88.5,2
2993,3,1057,1060,88.5,3
3288,1,1059,1060,88.5,1
2910,1,1059,1060,88.5,1
3481,6,1055,1061,88.5,6
2937,3,1058,1061,88.5,3
3313,6,1056,1062,88.5,6
3133,4,1058,1062,88.5,4
3237,4,1059,1063,88.5,4
3307,3,1060,1063,88.5,3
3192,8,1056,1064,88.5,8
3074,6,1058,1064,88.5,6
2833,7,1058,1065,88.5,7
3185,6,1059,1065,88.5,6
2967,5,1060,1065,88.5,5
3203,1,1064,1065,88.5,1
3491,5,1061,1066,88.5,5
3325,3,1063,1066,88.5,3
3195,9,1058,1067,88.5,9
3161,8,1059,1067,88.5,8
3308,8,1059,1067,88.5,8
3181,5,1062,1067,88.5,5
3238,4,1063,1067,88.5,4
2975,2,1065,1067,88.5,2
2865,3,1065,1068,88.5,3
3167,1,1067,1068,88.5,1
3002,9,1060,1069,88.5,9
3087,5,1064,1069,88.5,5
2951,9,1061,1070,88.5,9
3191,5,1065,1070,88.5,5
3328,4,1066,1070,88.5,4
3324,9,1062,1071,88.5,9
3179,3,1068,1071,88.5,3
3201,5,1067,1072,88.5,5
3216,8,1065,1073,88.5,8
3323,6,1067,1073,88.5,6
3331,3,1070,1073,88.5,3
3519,8,1066,1074,88.5,8
3260,7,1067,1074,88.5,7
3209,2,1072,1074,88.5,2
3245,1,1073,1074,88.5,1
3199,5,1070,1075,88.5,5
3249,9,1067,1076,88.5,9
2978,9,1067,1076,88.5,9
2896,8,1068,1076,88.5,8
3340,3,1073,1076,88.5,3
3525,2,1074,1076,88.5,2
3108,8,1069,1077,88.5,8
2960,7,1070,1077,88.5,7
3193,6,1071,1077,88.5,6
3272,3,1074,1077,88.5,3
3006,9,1069,1078,88.5,9
3339,7,1071,1078,88.5,7
3286,2,1076,1078,88.5,2
3253,5,1074,1079,88.5,5
3532,3,1076,1079,88.5,3
2963,2,1077,1079,88.5,2
3352,1,1078,1079,88.5,1
3265,6,1074,1080,88.5,6
2907,4,1076,1080,88.5,4
3196,3,1077,1080,88.5,3
3011,3,1078,1081,88.5,3
3271,1,1080,1081,88.5,1
3345,9,1073,1082,88.5,9
3281,5,1077,1082,88.5,5
3566,3,1079,1082,88.5,3
2939,2,1080,1082,88.5,2
3214,8,1075,1083,88.5,8
2991,7,1076,1083,88.5,7
3347,7,1076,1083,88.5,7
3021,2,1081,1083,88.5,2
3153,7,1077,1084,88.5,7
3303,6,1078,1084,88.5,6
2970,5,1079,1084,88.5,5
3025,1,1083,1084,88.5,1
2992,1,1084,1085,88.5,1
3200,6,1080,1086,88.5,6
3384,4,1082,1086,88.5,4
3024,1,1085,1086,88.5,1
3220,4,1083,1087,88.5,4
3005,4,1083,1087,88.5,4
3314,3,1084,1087,88.5,3
3219,1,1086,1087,88.5,1
3254,9,1079,1088,88.5,9
3369,9,1079,1088,88.5,9
3582,6,1082,1088,88.5,6
3028,4,1084,1088,88.5,4
3030,1,1087,1088,88.5,1
3275,8,1081,1089,88.5,8
2958,7,1082,1089,88.5,7
3349,6,1083,1089,88.5,6
3584,1,1088,1089,88.5,1
3163,6,1084,1090,88.5,6
3291,1,1089,1090,88.5,1
3363,1,1089,1090,88.5,1
3289,9,1082,1091,88.5,9
3256,4,1087,1091,88.5,4
3047,3,1088,1091,88.5,3
3037,3,1088,1091,88.5,3
3241,5,1087,1092,88.5,5
3197,2,1090,1092,88.5,2
3061,1,1091,1092,88.5,1
3400,7,1086,1093,88.5,7
3027,7,1086,1093,88.5,7
3333,6,1087,1093,88.5,6
3615,4,1089,1093,88.5,4
3266,6,1088,1094,88.5,6
3050,3,1091,1094,88.5,3
3053,1,1093,1094,88.5,1
3398,7,1088,1095,88.5,7
3261,4,1091,1095,88.5,4
3244,3,1092,1095,88.5,3
3310,6,1090,1096,88.5,6
3065,4,1092,1096,88.5,4
3334,4,1093,1097,88.5,4
3268,3,1094,1097,88.5,3
3070,3,1094,1097,88.5,3
3248,2,1095,1097,88.5,2
3081,1,1096,1097,88.5,1
2996,9,1089,1098,88.5,9
3376,8,1090,1098,88.5,8
3296,7,1091,1098,88.5,7
3616,5,1093,1098,88.5,5
3068,4,1094,1098,88.5,4
3380,1,1097,1098,88.5,1
3076,1,1097,1098,88.5,1
3410,6,1093,1099,88.5,6
3084,1,1098,1099,88.5,1
3243,8,1092,1100,88.5,8
3419,5,1095,1100,88.5,5
3255,3,1097,1100,88.5,3
3679,3,1098,1101,88.5,3
3085,2,1099,1101,88.5,2
3264,8,1095,1103,88.5,8
3413,4,1099,1103,88.5,4
3698,2,1101,1103,88.5,2
3311,8,1096,1104,88.5,8
3428,1,1103,1104,88.5,1
3728,1,1103,1104,88.5,1
3285,8,1097,1105,88.5,8
3095,8,1097,1105,88.5,8
3386,7,1098,1105,88.5,7
3455,5,1100,1105,88.5,5
3305,8,1098,1106,88.5,8
3072,8,1098,1106,88.5,8
3390,8,1098,1106,88.5,8
3273,6,1100,1106,88.5,6
3026,9,1098,1107,88.5,9
3276,7,1100,1107,88.5,7
3098,6,1101,1107,88.5,6
3401,1,1106,1107,88.5,1
3465,3,1105,1108,88.5,3
3279,1,1107,1108,88.5,1
3045,2,1107,1109,88.5,2
3402,2,1107,1109,88.5,2
3290,1,1108,1109,88.5,1
3439,6,1104,1110,88.5,6
3749,6,1104,1110,88.5,6
3146,5,1105,1110,88.5,5
3396,5,1105,1110,88.5,5
3284,4,1106,1110,88.5,4
3295,8,1103,1111,88.5,8
3294,2,1109,1111,88.5,2
3075,6,1106,1112,88.5,6
3466,3,1109,1112,88.5,3
3769,2,1110,1112,88.5,2
3315,9,1104,1113,88.5,9
3309,8,1105,1113,88.5,8
3342,2,1111,1113,88.5,2
3773,1,1112,1113,88.5,1
3320,3,1111,1114,88.5,3
3321,1,1113,1114,88.5,1
3791,1,1113,1114,88.5,1
3344,9,1106,1115,88.5,9
3110,8,1107,1115,88.5,8
3487,7,1108,1115,88.5,7
3412,5,1110,1115,88.5,5
3107,3,1112,1115,88.5,3
3796,1,1114,1115,88.5,1
3119,1,1115,1116,88.5,1
3483,5,1112,1117,88.5,5
3322,3,1114,1117,88.5,3
3801,2,1115,1117,88.5,2
3051,9,1109,1118,88.5,9
3444,8,1110,1118,88.5,8
3168,8,1110,1118,88.5,8
3354,3,1115,1118,88.5,3
3427,3,1115,1118,88.5,3
3492,1,1117,1118,88.5,1
3335,1,1117,1118,88.5,1
3804,1,1117,1118,88.5,1
3300,9,1110,1119,88.5,9
3366,5,1114,1119,88.5,5
3809,1,1118,1119,88.5,1
3312,7,1113,1120,88.5,7
3117,5,1115,1120,88.5,5
3170,2,1118,1120,88.5,2
3355,2,1118,1120,88.5,2
3453,2,1118,1120,88.5,2
3497,2,1118,1120,88.5,2
3343,8,1113,1121,88.5,8
3448,3,1118,1121,88.5,3
3316,1,1120,1121,88.5,1
3057,4,1118,1122,88.5,4
3406,3,1119,1122,88.5,3
3810,3,1119,1122,88.5,3
3137,2,1120,1122,88.5,2
3208,2,1120,1122,88.5,2
3533,8,1115,1123,88.5,8
3120,7,1116,1123,88.5,7
3470,3,1120,1123,88.5,3
3514,3,1120,1123,88.5,3
3359,6,1118,1124,88.5,6
3383,4,1120,1124,88.5,4
3846,4,1122,1126,88.5,4
3121,3,1123,1126,88.5,3
3318,8,1119,1127,88.5,8
3336,6,1121,1127,88.5,6
3452,7,1121,1128,88.5,7
3141,6,1122,1128,88.5,6
3381,4,1124,1128,88.5,4
3847,2,1126,1128,88.5,2
3126,2,1126,1128,88.5,2
3346,8,1121,1129,88.5,8
3548,6,1123,1129,88.5,6
3480,6,1123,1129,88.5,6
3520,6,1123,1129,88.5,6
3422,8,1122,1130,88.5,8
3150,2,1128,1130,88.5,2
3083,9,1122,1131,88.5,9
3226,9,1122,1131,88.5,9
3326,4,1127,1131,88.5,4
3461,3,1128,1131,88.5,3
3156,3,1128,1131,88.5,3
3392,3,1128,1131,88.5,3
3377,2,1129,1131,88.5,2
3420,8,1124,1132,88.5,8
3551,3,1129,1132,88.5,3
3876,6,1128,1134,88.5,6
3521,5,1129,1134,88.5,5
3230,3,1131,1134,88.5,3
3504,4,1131,1135,88.5,4
3158,4,1131,1135,88.5,4
3405,4,1131,1135,88.5,4
3432,3,1132,1135,88.5,3
3258,1,1134,1135,88.5,1
3337,9,1127,1136,88.5,9
3157,6,1130,1136,88.5,6
3425,7,1130,1137,88.5,7
3093,6,1131,1137,88.5,6
3495,9,1129,1138,88.5,9
3555,7,1132,1139,88.5,7
3903,5,1134,1139,88.5,5
3423,4,1135,1139,88.5,4
3357,9,1131,1140,88.5,9
3415,9,1131,1140,88.5,9
3507,5,1135,1140,88.5,5
3558,1,1139,1140,88.5,1
3426,1,1139,1140,88.5,1
3435,6,1135,1141,88.5,6
3360,5,1136,1141,88.6,5
3518,3,1138,1141,88.6,3
3441,1,1140,1141,88.6,1
3542,8,1134,1142,88.6,8
3297,7,1135,1142,88.6,7
3102,5,1137,1142,88.6,5
3516,2,1140,1142,88.6,2
3919,4,1139,1143,88.6,4
3367,3,1140,1143,88.6,3
3365,2,1141,1143,88.6,2
3177,9,1135,1144,88.6,9
3174,8,1136,1144,88.6,8
3442,3,1141,1144,88.6,3
3923,1,1143,1144,88.6,1
3194,1,1144,1145,88.6,1
3176,1,1144,1145,88.6,1
3431,9,1137,1146,88.6,9
3527,4,1142,1146,88.6,4
3378,3,1143,1146,88.6,3
3379,3,1143,1146,88.6,3
3417,7,1140,1147,88.6,7
3596,7,1140,1147,88.6,7
3353,5,1142,1147,88.6,5
3547,7,1141,1148,88.6,7
3579,7,1142,1149,88.6,7
3459,5,1144,1149,88.6,5
3188,4,1145,1149,88.6,4
3388,3,1146,1149,88.6,3
3382,3,1146,1149,88.6,3
3451,9,1141,1150,88.6,9
3111,8,1142,1150,88.6,8
3610,3,1147,1150,88.6,3
3975,8,1144,1152,88.6,8
3437,6,1146,1152,88.7,6
3528,6,1146,1152,88.7,6
3429,5,1147,1152,88.8,5
3198,8,1145,1153,88.7,8
3560,5,1148,1153,88.7,5
3490,1,1152,1153,88.7,1
3391,5,1149,1154,88.7,5
3362,8,1147,1155,88.7,8
3456,5,1150,1155,88.7,5
3573,2,1153,1155,88.7,2
3588,7,1149,1156,88.7,7
3205,7,1149,1156,88.7,7
3501,3,1153,1156,88.7,3
3471,8,1149,1157,88.7,8
3438,8,1149,1157,88.7,8
3364,2,1155,1157,88.7,2
3604,1,1156,1157,88.7,1
3624,8,1150,1158,88.7,8
3387,1,1157,1158,88.7,1
3113,9,1150,1159,88.7,9
3434,8,1152,1160,88.7,8
3445,6,1154,1160,88.7,6
4034,9,1152,1161,88.7,9
3535,9,1152,1161,88.7,9
3221,8,1153,1161,88.7,8
3473,6,1155,1161,88.7,6
3508,5,1156,1161,88.7,5
3436,1,1160,1161,88.7,1
3585,8,1155,1163,88.7,8
3210,7,1156,1163,88.7,7
3450,6,1157,1163,88.7,6
3394,6,1158,1164,88.7,6
3235,3,1161,1164,88.7,3
3479,3,1161,1164,88.7,3
3594,1,1163,1164,88.7,1
3606,8,1157,1165,88.7,8
3462,5,1160,1165,88.7,5
3536,4,1161,1165,88.7,4
3421,1,1164,1165,88.7,1
3620,1,1164,1165,88.7,1
3478,9,1157,1166,88.7,9
3632,8,1158,1166,88.7,8
3124,7,1159,1166,88.7,7
3440,5,1161,1166,88.7,5
3278,2,1164,1166,88.7,2
3523,6,1161,1167,88.7,6
3222,4,1163,1167,88.7,4
3630,2,1165,1167,88.7,2
4047,7,1161,1168,88.7,7
3649,3,1165,1168,88.7,3
3463,3,1165,1168,88.7,3
3125,2,1166,1168,88.7,2
3454,6,1163,1169,88.7,6
3475,3,1166,1169,88.7,3
3653,2,1167,1169,88.7,2
3130,1,1168,1169,88.7,1
3493,6,1164,1170,88.7,6
3633,4,1166,1170,88.7,4
3149,1,1169,1170,88.7,1
4048,3,1168,1171,88.7,3
3538,7,1165,1172,88.7,7
3668,4,1168,1172,88.7,4
3447,8,1165,1173,88.7,8
3540,1,1172,1173,88.7,1
3280,8,1166,1174,88.7,8
3482,5,1169,1174,88.7,5
3494,4,1170,1174,88.7,4
3663,4,1170,1174,88.7,4
3510,9,1166,1175,88.7,9
3539,8,1167,1175,88.7,8
3227,8,1167,1175,88.7,8
3477,7,1168,1175,88.7,7
3676,3,1172,1175,88.7,3
3484,2,1173,1175,88.7,2
3317,1,1174,1175,88.7,1
3671,1,1174,1175,88.7,1
4061,5,1171,1176,88.7,5
3166,7,1170,1177,88.7,7
3513,9,1169,1178,88.7,9
3658,9,1169,1178,88.7,9
3586,5,1173,1178,88.7,5
3485,3,1175,1178,88.7,3
3509,5,1174,1179,88.7,5
3319,4,1175,1179,88.7,4
3541,5,1175,1180,88.7,5
3486,5,1175,1180,88.7,5
3681,5,1175,1180,88.7,5
3246,6,1175,1181,88.7,6
3680,6,1175,1181,88.7,6
4070,5,1176,1181,88.7,5
3341,2,1179,1181,88.7,2
3537,7,1175,1182,88.7,7
3543,2,1180,1182,88.7,2
3496,2,1180,1182,88.7,2
3692,2,1180,1182,88.7,2
4088,1,1181,1182,88.7,1
3511,9,1174,1183,88.7,9
3515,5,1178,1183,88.7,5
3664,5,1178,1183,88.7,5
3293,2,1181,1183,88.7,2
3356,2,1181,1183,88.7,2
3696,2,1182,1184,88.7,2
3302,1,1183,1184,88.7,1
3488,7,1178,1185,88.7,7
3534,2,1183,1185,88.7,2
3169,9,1177,1186,88.7,9
3618,9,1178,1187,88.7,9
3557,5,1182,1187,88.7,5
3723,3,1184,1187,88.7,3
3327,3,1184,1187,88.7,3
3517,9,1179,1188,88.7,9
3572,6,1182,1188,88.7,6
3670,5,1183,1188,88.7,5
3368,6,1183,1189,88.7,6
3330,2,1187,1189,88.7,2
3703,1,1188,1189,88.7,1
3683,9,1181,1190,88.7,9
4094,8,1182,1190,88.7,8
3522,2,1188,1190,88.7,2
3332,1,1189,1190,88.7,1
3529,9,1182,1191,88.7,9
3373,2,1189,1191,88.7,2
3524,9,1183,1192,88.7,9
3180,6,1186,1192,88.7,6
3622,5,1187,1192,88.7,5
3685,2,1190,1192,88.7,2
3397,1,1191,1192,88.7,1
3489,8,1185,1193,88.7,8
3885,6,1187,1193,88.7,6
3552,9,1185,1194,88.7,9
3577,8,1187,1195,88.7,8
3184,4,1192,1196,88.7,4
3686,4,1192,1196,88.7,4
3411,4,1192,1196,88.7,4
3559,2,1194,1196,88.7,2
3598,9,1188,1197,88.7,9
3720,8,1189,1197,88.7,8
3544,8,1190,1198,88.7,8
3348,8,1190,1198,88.7,8
3498,5,1193,1198,88.7,5
4111,9,1190,1199,88.7,9
3531,8,1191,1199,88.7,8
3526,7,1192,1199,88.7,7
3614,4,1195,1199,88.7,4
3418,3,1196,1199,88.7,3
3530,1,1198,1199,88.7,1
3708,4,1196,1200,88.7,4
3628,9,1192,1201,88.7,9
3907,9,1193,1202,88.7,9
3213,7,1196,1203,88.7,7
3730,6,1197,1203,88.7,6
3550,4,1199,1203,88.7,4
3561,8,1196,1204,88.7,8
3568,6,1198,1204,88.7,6
4116,5,1199,1204,88.7,5
3611,9,1197,1206,88.7,9
3350,9,1198,1207,88.7,9
3554,8,1199,1207,88.7,8
3433,8,1199,1207,88.7,8
3636,6,1201,1207,88.7,6
3217,4,1203,1207,88.8,4
3553,9,1199,1208,88.9,9
3619,9,1199,1208,88.9,9
3623,2,1206,1208,88.9,2
3642,1,1207,1208,88.9,1
3734,9,1200,1209,88.9,9
3910,7,1202,1209,88.9,7
3745,6,1203,1209,88.9,6
3569,5,1204,1209,88.9,5
3571,7,1203,1210,88.9,7
3574,6,1204,1210,88.9,6
4121,6,1204,1210,88.9,6
3634,3,1208,1211,88.9,3
3747,2,1209,1211,88.9,2
3564,6,1207,1213,88.9,6
3457,6,1207,1213,88.9,6
3648,5,1208,1213,88.9,5
3595,3,1210,1213,88.9,3
3229,7,1207,1214,88.9,7
3792,3,1211,1214,88.9,3
3460,1,1213,1214,88.9,1
3370,8,1207,1215,88.9,8
3570,7,1208,1215,88.9,7
3691,7,1208,1215,88.9,7
3652,2,1213,1215,88.9,2
3739,7,1209,1216,88.9,7
3592,6,1210,1216,88.9,6
3575,3,1213,1216,88.9,3
3688,1,1215,1216,88.9,1
3605,4,1213,1217,88.9,4
3589,2,1215,1217,88.9,2
3959,9,1209,1218,88.9,9
3576,9,1209,1218,88.9,9
3231,4,1214,1218,88.9,4
3472,4,1214,1218,88.9,4
3601,2,1216,1218,88.9,2
4147,9,1210,1219,88.9,9
3701,4,1215,1219,88.9,4
3583,1,1218,1219,88.9,1
3651,9,1211,1220,88.9,9
3795,6,1214,1220,88.9,6
3695,4,1216,1220,88.9,4
3965,3,1218,1221,88.9,3
3587,2,1219,1221,88.9,2
3748,6,1216,1222,88.9,6
4153,3,1219,1222,88.9,3
3661,2,1220,1222,88.9,2
3242,5,1218,1223,88.9,5
3981,2,1221,1223,88.9,2
3372,9,1215,1224,88.9,9
3665,8,1216,1224,88.9,8
3666,2,1222,1224,88.9,2
3984,1,1223,1224,88.9,1
3808,5,1220,1225,88.9,5
3597,4,1221,1225,88.9,4
3374,1,1224,1225,88.9,1
3682,9,1217,1226,88.9,9
3600,9,1217,1226,88.9,9
3612,1,1225,1226,88.9,1
3474,9,1218,1227,88.9,9
3639,9,1218,1227,88.9,9
3713,8,1219,1227,88.9,8
3753,5,1222,1227,88.9,5
3710,1,1226,1227,88.9,1
4178,6,1222,1228,88.9,6
3699,4,1224,1228,88.9,4
3740,1,1227,1228,88.9,1
3704,9,1220,1229,88.9,9
3715,2,1227,1229,88.9,2
3684,6,1224,1230,88.9,6
3603,4,1226,1230,88.9,4
3991,7,1224,1231,88.9,7
4183,3,1228,1231,88.9,3
3252,9,1223,1232,88.9,9
3375,7,1225,1232,88.9,7
3819,8,1225,1233,88.9,8
3643,6,1227,1233,88.9,6
3613,3,1230,1233,88.9,3
4184,2,1231,1233,88.9,2
3627,8,1226,1234,88.9,8
3476,7,1227,1234,88.8,7
3765,7,1227,1234,88.8,7
3760,6,1228,1234,88.8,6
3705,5,1229,1234,88.8,5
3725,5,1229,1234,88.8,5
3843,2,1233,1235,88.8,2
3502,1,1234,1235,88.8,1
3637,3,1233,1236,88.8,3
3851,1,1235,1236,88.8,1
3700,9,1228,1237,88.8,9
3629,3,1234,1237,88.8,3
3503,2,1235,1237,88.8,2
3857,1,1236,1237,88.8,1
3709,8,1230,1238,88.8,8
3270,6,1232,1238,88.8,6
3774,4,1234,1238,88.8,4
3741,4,1234,1238,88.8,4
4006,8,1231,1239,88.8,8
4211,6,1233,1239,88.8,6
3770,5,1234,1239,88.8,5
3722,5,1234,1239,88.8,5
3389,8,1232,1240,88.8,8
3716,2,1238,1240,88.8,2
3505,4,1237,1241,88.8,4
3772,2,1239,1241,88.8,2
3399,1,1240,1241,88.8,1
3645,9,1233,1242,88.8,9
3858,5,1237,1242,88.8,5
4014,3,1239,1242,88.8,3
3780,1,1241,1242,88.8,1
3718,6,1237,1243,88.8,6
3641,8,1236,1244,88.8,8
3735,5,1239,1244,88.8,5
3746,4,1240,1244,88.8,4
3785,2,1242,1244,88.8,2
3638,8,1237,1245,88.8,8
3823,1,1244,1245,88.8,1
3783,8,1238,1246,88.8,8
3743,8,1238,1246,88.8,8
3736,3,1243,1246,88.8,3
3287,9,1238,1247,88.8,9
4222,8,1239,1247,88.8,8
3512,6,1241,1247,88.8,6
3403,7,1241,1248,88.8,7
4028,6,1242,1248,88.8,6
3835,3,1245,1248,88.8,3
3793,2,1246,1248,88.8,2
3756,5,1244,1249,88.8,5
4032,1,1248,1249,88.8,1
3881,8,1242,1250,88.8,8
3751,6,1244,1250,88.8,6
3750,4,1246,1250,88.8,4
4224,3,1247,1250,88.8,3
3646,9,1242,1251,88.8,9
3759,6,1246,1252,88.8,6
3545,5,1247,1252,88.8,5
4040,3,1249,1252,88.8,3
3644,9,1244,1253,88.8,9
3640,8,1245,1253,88.8,8
3404,6,1248,1254,88.8,6
3768,5,1249,1254,88.8,5
3657,1,1253,1254,88.8,1
3304,8,1247,1255,88.8,8
3758,5,1250,1255,88.8,5
3549,3,1252,1255,88.8,3
3662,1,1254,1255,88.8,1
3803,8,1248,1256,88.8,8
3844,9,1248,1257,88.8,9
3650,6,1251,1257,88.8,6
3889,8,1250,1258,88.8,8
3752,9,1250,1259,88.8,9
4248,9,1250,1259,88.8,9
3409,5,1254,1259,88.8,5
3656,2,1257,1259,88.8,2
3936,1,1258,1259,88.8,1
3781,8,1252,1260,88.8,8
3782,5,1255,1260,88.8,5
3673,1,1259,1260,88.8,1
4073,9,1252,1261,88.8,9
3443,2,1259,1261,88.8,2
3654,9,1253,1262,88.8,9
3788,8,1254,1262,88.8,8
3351,7,1255,1262,88.8,7
3563,7,1255,1262,88.8,7
3971,3,1259,1262,88.8,3
3786,3,1260,1263,88.8,3
3855,1,1262,1263,88.8,1
3567,1,1262,1263,88.8,1
3669,9,1255,1264,88.8,9
4083,3,1261,1264,88.8,3
3449,3,1261,1264,88.8,3
3867,1,1263,1264,88.8,1
3826,9,1256,1265,88.8,9
3854,8,1257,1265,88.8,8
3799,2,1263,1265,88.8,2
4287,7,1259,1266,88.8,7
3697,6,1260,1266,88.8,6
3358,4,1262,1266,88.8,4
3578,3,1263,1266,88.8,3
3458,2,1264,1266,88.8,2
3757,8,1259,1267,88.8,8
3973,5,1262,1267,88.8,5
3468,1,1266,1267,88.8,1
3690,4,1264,1268,88.8,4
3871,4,1264,1268,88.8,4
3813,3,1265,1268,88.8,3
3499,1,1267,1268,88.8,1
3794,9,1260,1269,88.8,9
3667,7,1262,1269,88.8,7
3837,4,1265,1269,88.8,4
3732,3,1266,1269,88.8,3
3500,1,1268,1269,88.8,1
3872,5,1265,1270,88.8,5
3766,4,1267,1271,88.8,4
4124,9,1264,1273,88.8,9
3580,7,1266,1273,88.8,7
3816,5,1268,1273,88.8,5
3850,4,1269,1273,88.8,4
4299,8,1266,1274,88.8,8
3361,8,1266,1274,88.8,8
3862,1,1273,1274,88.8,1
3702,7,1268,1275,88.8,7
3888,7,1268,1275,88.8,7
3371,1,1274,1275,88.8,1
3985,9,1267,1276,88.8,9
3556,7,1269,1276,88.8,7
3875,6,1270,1276,88.8,6
4137,3,1273,1276,88.8,3
3797,8,1269,1277,88.8,8
3784,8,1269,1277,88.8,8
3672,9,1269,1278,88.8,9
3800,1,1277,1278,88.8,1
3767,8,1271,1279,88.8,8
3787,2,1277,1279,88.8,2
3807,1,1278,1279,88.8,1
3590,8,1273,1281,88.8,8
4141,5,1276,1281,88.8,5
3822,9,1273,1282,88.8,9
3868,8,1274,1282,88.8,8
4149,1,1281,1282,88.8,1
4309,9,1274,1283,88.8,9
3714,8,1275,1283,88.8,8
3385,8,1275,1283,88.8,8
3789,4,1279,1283,88.8,4
3812,4,1279,1283,88.8,4
4151,1,1282,1283,88.8,1
3892,9,1275,1284,88.8,9
3562,8,1276,1284,88.8,8
3712,6,1278,1284,88.8,6
3873,2,1282,1284,88.8,2
3393,1,1283,1284,88.8,1
3988,9,1276,1285,88.8,9
3917,9,1276,1285,88.8,9
3771,6,1279,1285,88.8,6
4311,2,1283,1285,88.8,2
3790,4,1283,1287,88.8,4
3738,3,1284,1287,88.8,3
3874,5,1283,1288,88.8,5
4167,5,1283,1288,88.8,5
3911,4,1284,1288,88.9,4
3744,1,1287,1288,88.9,1
3599,8,1281,1289,88.9,8
4328,4,1285,1289,88.9,4
3824,8,1282,1290,88.9,8
3602,6,1284,1290,88.9,6
3727,8,1283,1291,88.9,8
3926,7,1284,1291,88.9,7
3866,4,1287,1291,88.9,4
3754,3,1288,1291,88.9,3
3761,1,1291,1292,88.9,1
3395,9,1284,1293,88.9,9
4018,8,1285,1293,88.9,8
3929,5,1288,1293,88.9,5
3608,4,1289,1293,88.9,4
3928,9,1285,1294,88.9,9
3776,9,1285,1294,88.9,9
3825,4,1290,1294,88.9,4
3407,2,1293,1295,88.9,2
3957,1,1294,1295,88.9,1
3883,8,1288,1296,88.9,8
4336,7,1289,1296,88.9,7
3932,3,1293,1296,88.9,3
3966,1,1295,1296,88.9,1
4172,9,1288,1297,88.9,9
3934,6,1291,1297,88.9,6
3894,6,1291,1297,88.9,6
3830,3,1294,1297,88.9,3
3408,2,1295,1297,88.9,2
3607,8,1290,1298,88.9,8
4026,6,1293,1299,88.9,6
3896,3,1296,1299,88.9,3
4221,2,1297,1299,88.9,2
3733,9,1291,1300,88.9,9
3946,4,1296,1300,88.9,4
3424,3,1297,1300,88.9,3
4029,1,1299,1300,88.9,1
3811,9,1292,1301,88.9,9
3617,8,1293,1301,88.9,8
3942,2,1299,1301,88.9,2
3815,8,1294,1302,88.9,8
3941,5,1297,1302,88.9,5
3945,1,1301,1302,88.9,1
4349,7,1296,1303,88.9,7
3968,7,1296,1303,88.9,7
3817,2,1301,1303,88.9,2
3831,7,1297,1304,88.9,7
3950,4,1300,1304,88.9,4
4053,5,1300,1305,88.9,5
3625,4,1301,1305,88.9,4
3915,9,1297,1306,88.9,9
3626,1,1305,1306,88.9,1
3647,9,1298,1307,88.9,9
4231,8,1299,1307,88.9,8
3430,8,1300,1308,88.9,8
3836,5,1303,1308,88.9,5
3838,4,1304,1308,88.9,4
3755,9,1300,1309,88.9,9
4096,4,1305,1309,88.9,4
3948,8,1302,1310,88.9,8
4361,7,1303,1310,88.9,7
3980,7,1303,1310,88.9,7
3958,6,1304,1310,88.9,6
3678,3,1307,1310,88.9,3
3864,2,1308,1310,88.8,2
3833,9,1302,1311,88.8,9
3952,9,1302,1311,88.8,9
4240,4,1307,1311,88.8,4
3956,1,1310,1311,88.8,1
3972,1,1311,1312,88.8,1
3918,7,1306,1313,88.8,7
3869,3,1310,1313,88.8,3
3763,5,1309,1314,88.8,5
4364,4,1310,1314,88.8,4
3631,9,1306,1315,88.8,9
3717,5,1310,1315,88.8,5
4289,4,1311,1315,88.8,4
3925,2,1313,1315,88.8,2
3891,8,1308,1316,88.8,8
4132,7,1309,1316,88.8,7
3999,6,1310,1316,88.8,6
3960,6,1310,1316,88.8,6
3446,9,1308,1317,88.8,9
3974,5,1312,1317,88.8,5
4374,3,1314,1317,88.8,3
3719,3,1315,1318,88.8,3
3841,8,1311,1319,88.8,8
4011,3,1316,1319,88.8,3
3983,2,1317,1319,88.8,2
4408,2,1317,1319,88.8,2
3978,9,1311,1320,88.8,9
3877,7,1313,1320,88.8,7
3775,7,1314,1321,88.8,7
3961,6,1316,1322,88.8,6
3655,8,1315,1323,88.8,8
3927,8,1315,1323,88.8,8
4024,4,1319,1323,88.8,4
3998,3,1320,1323,88.8,3
4352,9,1315,1324,88.8,9
4144,8,1316,1324,88.8,8
3986,5,1319,1324,88.8,5
3895,9,1316,1325,88.8,9
3464,8,1317,1325,88.8,8
4005,3,1322,1325,88.8,3
3659,2,1323,1325,88.8,2
3987,1,1324,1325,88.8,1
3721,9,1318,1327,88.8,9
4424,8,1319,1327,88.8,8
3778,6,1321,1327,88.8,6
4001,2,1325,1327,88.8,2
3852,9,1319,1328,88.8,9
3884,8,1320,1328,88.8,8
4015,6,1323,1329,88.8,6
4370,5,1324,1329,88.8,5
3798,3,1327,1330,88.8,3
3887,2,1328,1330,88.8,2
3954,8,1323,1331,88.8,8
3898,6,1325,1331,88.8,6
3674,6,1325,1331,88.8,6
3726,4,1327,1331,88.8,4
3893,1,1330,1331,88.8,1
4025,9,1323,1332,88.8,9
4157,8,1324,1332,88.8,8
4478,5,1327,1332,88.8,5
4020,3,1329,1332,88.8,3
4008,8,1325,1333,88.8,8
3675,2,1331,1333,88.8,2
3897,2,1331,1333,88.8,2
4054,1,1332,1333,88.8,1
3469,9,1325,1334,88.8,9
4481,2,1332,1334,88.8,2
3687,1,1333,1334,88.8,1
4385,6,1329,1335,88.8,6
3955,4,1331,1335,88.8,4
4023,9,1327,1336,88.8,9
3861,8,1328,1336,88.8,8
3729,5,1331,1336,88.8,5
3802,7,1330,1337,88.8,7
3909,6,1331,1337,88.8,6
3901,4,1333,1337,88.8,4
4017,5,1333,1338,88.8,5
3506,4,1334,1338,88.8,4
4495,4,1334,1338,88.8,4
3689,4,1334,1338,88.8,4
3962,4,1335,1339,88.8,4
3737,3,1336,1339,88.8,3
4027,8,1332,1340,88.8,8
3863,4,1336,1340,88.8,4
4164,9,1332,1341,88.8,9
4058,8,1333,1341,88.8,8
4389,6,1335,1341,88.8,6
4033,5,1336,1341,88.8,5
3762,2,1339,1341,88.8,2
3930,5,1337,1342,88.8,5
3908,5,1337,1342,88.8,5
4191,2,1341,1343,88.8,2
3546,6,1338,1344,88.8,6
3828,8,1337,1345,88.8,8
4059,4,1341,1345,88.8,4
4398,4,1341,1345,88.8,4
4036,4,1341,1345,88.8,4
3931,3,1342,1345,88.8,3
4515,8,1338,1346,88.8,8
3693,8,1338,1346,88.8,8
3764,5,1341,1346,88.8,5
4071,9,1338,1347,88.8,9
3865,7,1340,1347,88.8,7
4522,1,1346,1347,88.8,1
3970,9,1339,1348,88.8,9
3890,1,1347,1348,88.8,1
4526,1,1347,1348,88.8,1
4042,9,1340,1349,88.8,9
3913,7,1342,1349,88.8,7
3989,1,1348,1349,88.8,1
4193,7,1343,1350,88.8,7
3840,5,1345,1350,88.8,5
4065,5,1345,1350,88.8,5
4411,5,1345,1350,88.8,5
4055,6,1345,1351,88.8,6
3949,6,1345,1351,88.8,6
3947,2,1349,1351,88.8,2
3990,2,1349,1351,88.8,2
3845,1,1350,1351,88.8,1
3565,8,1344,1352,88.8,8
3777,6,1346,1352,88.8,6
4204,2,1350,1352,88.8,2
3977,1,1351,1352,88.8,1
4100,6,1347,1353,88.8,6
3581,1,1352,1353,88.8,1
3707,8,1346,1354,88.8,8
4559,6,1348,1354,88.8,6
4429,4,1350,1354,88.8,4
4064,3,1351,1354,88.8,3
3853,3,1351,1354,88.8,3
3899,7,1348,1355,88.8,7
4303,3,1352,1355,88.8,3
3591,2,1353,1355,88.8,2
4570,2,1354,1356,88.8,2
4069,2,1354,1356,88.8,2
4052,8,1349,1357,88.8,8
3997,6,1351,1357,88.8,6
3779,5,1352,1357,88.8,5
3906,3,1355,1358,88.8,3
4062,1,1357,1358,88.8,1
4067,9,1350,1359,88.8,9
3969,8,1351,1359,88.8,8
4002,7,1352,1359,88.8,7
4435,5,1354,1359,88.8,5
3859,5,1354,1359,88.8,5
4571,3,1356,1359,88.8,3
4085,4,1356,1360,88.8,4
3992,1,1359,1360,88.8,1
3593,6,1355,1361,88.8,6
4115,9,1353,1362,88.8,9
3711,9,1354,1363,88.8,9
4016,6,1357,1363,88.8,6
3820,6,1357,1363,88.8,6
4075,5,1358,1363,88.8,5
4312,9,1355,1364,88.8,9
4451,5,1359,1364,88.8,5
4577,5,1359,1364,88.8,5
4156,2,1362,1364,88.8,2
4022,1,1363,1364,88.8,1
3912,7,1358,1365,88.8,7
4000,5,1360,1365,88.8,5
4162,2,1364,1366,88.8,2
4010,8,1359,1367,88.8,8
3882,8,1359,1367,88.8,8
4581,3,1364,1367,88.8,3
4117,9,1359,1368,88.8,9
4003,3,1365,1368,88.8,3
4175,2,1366,1368,88.8,2
4134,9,1360,1369,88.8,9
3818,6,1363,1369,88.8,6
4456,5,1364,1369,88.8,5
4039,5,1364,1369,88.8,5
4177,1,1368,1369,88.8,1
3609,9,1361,1370,88.8,9
4319,6,1364,1370,88.8,6
3935,5,1365,1370,88.8,5
3900,3,1367,1370,88.8,3
3827,8,1363,1371,88.8,8
4007,3,1368,1371,88.8,3
4084,9,1363,1372,88.8,9
4161,3,1369,1372,88.8,3
4049,3,1369,1372,88.8,3
3904,2,1370,1372,88.8,2
3870,4,1369,1373,88.8,4
3621,3,1370,1373,88.8,3
4063,1,1372,1373,88.8,1
4154,6,1368,1374,88.8,6
4488,5,1369,1374,88.8,5
3635,1,1373,1374,88.8,1
4600,8,1367,1375,88.8,8
3943,5,1370,1375,88.8,5
4012,9,1367,1376,88.8,9
4323,6,1370,1376,88.8,6
3916,4,1372,1376,88.8,4
4159,2,1374,1376,88.8,2
3832,6,1371,1377,88.8,6
4030,6,1371,1377,88.8,6
4090,5,1372,1377,88.8,5
4187,9,1369,1378,88.8,9
3660,4,1374,1378,88.8,4
4170,2,1376,1378,88.8,2
3953,4,1375,1379,88.8,4
4038,3,1376,1379,88.8,3
4185,8,1372,1380,88.8,8
4066,7,1373,1380,88.8,7
4607,5,1375,1380,88.8,5
4331,4,1376,1380,88.8,4
3905,8,1373,1381,88.8,8
4192,1,1380,1381,88.8,1
4490,8,1374,1382,88.8,8
3834,5,1377,1382,88.8,5
4037,6,1377,1383,88.8,6
3677,5,1378,1383,88.8,5
4212,2,1381,1383,88.8,2
3933,8,1376,1384,88.8,8
4188,6,1378,1384,88.8,6
4044,5,1379,1384,88.8,5
4332,4,1380,1384,88.8,4
3976,6,1379,1385,88.8,6
4103,9,1377,1386,88.8,9
4626,6,1380,1386,88.8,6
3922,5,1381,1386,88.8,5
4203,9,1378,1387,88.8,9
4045,4,1383,1387,88.8,4
4246,4,1383,1387,88.8,4
4340,3,1384,1387,88.8,3
4089,8,1380,1388,88.8,8
4196,4,1384,1388,88.8,4
4276,1,1387,1388,88.8,1
3937,5,1384,1389,88.8,5
4501,8,1382,1390,88.8,8
3694,7,1383,1390,88.8,7
3995,5,1385,1390,88.8,5
3839,9,1382,1391,88.8,9
4633,5,1386,1391,88.8,5
4359,4,1387,1391,88.8,4
4277,3,1388,1391,88.8,3
4104,6,1386,1392,88.8,6
4101,4,1388,1392,88.8,4
4050,9,1384,1393,88.8,9
4200,5,1388,1393,88.8,5
4241,7,1387,1394,88.8,7
4524,4,1390,1394,88.8,4
3967,9,1386,1395,88.8,9
4079,8,1387,1395,88.8,8
4201,2,1393,1395,88.8,2
4535,1,1394,1395,88.8,1
3939,7,1389,1396,88.8,7
4019,6,1390,1396,88.8,6
4634,5,1391,1396,88.8,5
3706,7,1390,1397,88.8,7
4102,5,1392,1397,88.8,5
4057,4,1393,1397,88.8,4
4119,2,1395,1397,88.8,2
3940,1,1396,1397,88.8,1
3842,7,1391,1398,88.8,7
4396,7,1391,1398,88.8,7
4118,1,1397,1398,88.8,1
4131,1,1397,1398,88.8,1
3951,1,1397,1398,88.8,1
4205,7,1392,1399,88.8,7
4539,4,1395,1399,88.8,4
3724,2,1397,1399,88.8,2
4288,9,1391,1400,88.8,9
4209,5,1395,1400,88.8,5
4216,1,1399,1400,88.8,1
3993,6,1395,1401,88.8,6
4031,5,1396,1401,88.8,5
4659,5,1396,1401,88.8,5
4140,3,1398,1401,88.8,3
4315,1,1400,1401,88.8,1
4257,8,1394,1402,88.8,8
4076,5,1397,1402,88.8,5
4438,4,1398,1402,88.8,4
3964,4,1398,1402,88.8,4
4556,3,1399,1402,88.8,3
3731,3,1399,1402,88.8,3
4215,2,1400,1402,88.8,2
4148,1,1401,1402,88.8,1
4041,2,1401,1403,88.8,2
4093,1,1402,1403,88.8,1
4473,1,1402,1403,88.8,1
4223,1,1402,1403,88.8,1
3849,6,1398,1404,88.8,6
4128,6,1398,1404,88.8,6
3994,3,1401,1404,88.8,3
4046,1,1403,1404,88.8,1
4264,3,1402,1405,88.8,3
3742,3,1402,1405,88.8,3
4109,3,1403,1406,88.8,3
4330,6,1401,1407,88.8,6
3982,5,1402,1407,88.8,5
3996,3,1404,1407,88.8,3
4672,7,1401,1408,88.8,7
4060,4,1404,1408,88.8,4
4220,9,1400,1409,88.8,9
4136,5,1404,1409,88.8,5
4122,3,1406,1409,88.8,3
4520,7,1403,1410,88.8,7
4004,3,1407,1410,88.8,3
4226,1,1409,1410,88.8,1
4588,9,1402,1411,88.8,9
4210,9,1402,1411,88.8,9
4245,8,1403,1411,88.8,8
4293,6,1405,1411,88.8,6
3805,6,1405,1411,88.8,6
3878,8,1404,1412,88.8,8
4139,3,1409,1412,88.8,3
3806,1,1411,1412,88.8,1
4692,6,1408,1414,88.8,6
4135,5,1409,1414,88.8,5
4339,8,1407,1415,88.8,8
4035,5,1410,1415,88.8,5
4618,4,1411,1415,88.8,4
4056,9,1407,1416,88.8,9
4237,6,1410,1416,88.8,6
3814,4,1412,1416,88.8,4
4106,9,1408,1417,88.8,9
4546,7,1410,1417,88.8,7
4285,6,1411,1417,88.8,6
4304,7,1411,1418,88.8,7
4142,7,1412,1419,88.8,7
4051,4,1415,1419,88.8,4
4072,3,1416,1419,88.8,3
4291,2,1417,1419,88.8,2
4273,9,1411,1420,88.8,9
3880,8,1412,1420,88.8,8
4697,6,1414,1420,88.8,6
4630,6,1415,1421,88.8,6
4338,3,1418,1421,88.8,3
4182,8,1414,1422,88.8,8
4239,6,1416,1422,88.8,6
4082,3,1419,1422,88.8,3
3902,2,1420,1422,88.8,2
4362,8,1415,1423,88.8,8
3821,7,1416,1423,88.8,7
4551,6,1417,1423,88.8,6
4636,2,1421,1423,88.8,2
4113,7,1417,1424,88.8,7
4190,2,1422,1424,88.8,2
3914,2,1422,1424,88.8,2
4306,6,1419,1425,88.8,6
4698,5,1420,1425,88.8,5
4214,1,1424,1425,88.8,1
4305,6,1420,1426,88.8,6
3920,2,1424,1426,88.8,2
4732,1,1425,1426,88.8,1
4150,8,1419,1427,88.8,8
4081,8,1419,1427,88.8,8
4244,5,1422,1427,88.8,5
4158,1,1427,1428,88.8,1
4087,7,1422,1429,88.8,7
3829,6,1423,1429,88.8,6
4554,6,1423,1429,88.8,6
4670,6,1423,1429,88.8,6
4342,9,1421,1430,88.8,9
4130,6,1424,1430,88.8,6
3921,4,1426,1430,88.8,4
4739,4,1426,1430,88.8,4
4091,1,1429,1430,88.8,1
4186,3,1428,1431,88.8,3
4561,2,1429,1431,88.8,2
4378,9,1423,1432,88.8,9
4228,7,1425,1432,88.8,7
4318,6,1426,1432,88.8,6
4356,2,1430,1432,88.8,2
4173,2,1430,1432,88.8,2
4345,8,1425,1433,88.8,8
4250,6,1427,1433,88.8,6
3848,4,1429,1433,88.8,4
4380,1,1432,1433,88.8,1
4233,1,1432,1433,88.8,1
4198,1,1432,1433,88.8,1
3924,4,1430,1434,88.8,4
4758,4,1430,1434,88.8,4
4092,4,1430,1434,88.8,4
4098,8,1427,1435,88.8,8
4404,2,1433,1435,88.8,2
4771,1,1434,1435,88.8,1
4382,4,1432,1436,88.8,4
4371,5,1432,1437,88.8,5
4715,9,1429,1438,88.8,9
4197,7,1431,1438,88.8,7
3856,5,1433,1438,88.8,5
4238,5,1433,1438,88.8,5
3938,5,1434,1439,88.8,5
4386,3,1436,1439,88.8,3
4608,9,1431,1440,88.8,9
4259,8,1433,1441,88.8,8
4099,6,1435,1441,88.8,6
4418,6,1435,1441,88.8,6
4350,9,1433,1442,88.8,9
4208,9,1433,1442,88.8,9
4095,9,1434,1443,88.8,9
4781,8,1435,1443,88.8,8
4375,6,1437,1443,88.8,6
3860,5,1438,1443,88.8,5
4625,3,1440,1443,88.8,3
4419,2,1441,1443,88.8,2
4218,1,1442,1443,88.8,1
4097,1,1443,1444,88.8,1
4427,1,1443,1444,88.8,1
4736,7,1438,1445,88.8,7
3963,6,1439,1445,88.8,6
4206,8,1438,1446,88.8,8
4243,8,1438,1446,88.8,8
4391,7,1439,1446,88.8,7
4279,5,1441,1446,88.8,5
4225,3,1443,1446,88.8,3
4107,2,1444,1446,88.8,2
3979,1,1445,1446,88.8,1
4664,4,1443,1447,88.8,4
4433,4,1444,1448,88.8,4
4108,2,1446,1448,88.8,2
4114,9,1441,1450,88.8,9
4353,8,1442,1450,88.8,8
4811,7,1443,1450,88.8,7
4401,7,1443,1450,88.8,7
4437,2,1448,1450,88.8,2
3879,8,1443,1451,88.8,8
4227,5,1446,1451,88.8,5
4284,5,1446,1451,88.8,5
4009,5,1446,1451,88.8,5
4756,7,1445,1452,88.8,7
4251,6,1446,1452,88.8,6
4399,7,1446,1453,88.8,7
4232,2,1451,1453,88.8,2
4703,7,1447,1454,88.8,7
4230,9,1446,1455,88.8,9
4126,7,1448,1455,88.8,7
4439,5,1450,1455,88.8,5
4043,4,1451,1455,88.8,4
4373,6,1450,1456,88.8,6
4430,6,1450,1456,88.8,6
4316,5,1451,1456,88.8,5
4262,4,1452,1456,88.8,4
4728,2,1454,1456,88.8,2
4812,7,1450,1457,88.8,7
4138,8,1450,1458,88.8,8
4780,6,1452,1458,88.8,6
4376,2,1456,1458,88.8,2
4256,6,1453,1459,88.8,6
4129,4,1455,1459,88.8,4
4074,4,1455,1459,88.8,4
4322,3,1456,1459,88.8,3
4280,3,1456,1459,88.8,3
4784,1,1458,1459,88.8,1
4377,1,1458,1459,88.8,1
3886,9,1451,1460,88.8,9
4446,5,1455,1460,88.8,5
4080,1,1459,1460,88.8,1
4292,1,1459,1460,88.8,1
4412,8,1453,1461,88.8,8
4442,5,1456,1461,88.8,5
4841,4,1457,1461,88.8,4
4464,2,1460,1462,88.8,2
4236,9,1455,1464,88.8,9
4748,8,1456,1464,88.8,8
4261,5,1459,1464,88.8,5
4143,5,1459,1464,88.8,5
4086,5,1460,1465,88.8,5
4308,5,1460,1465,88.8,5
4458,4,1461,1465,88.8,4
4146,8,1458,1466,88.8,8
4494,4,1462,1466,88.8,4
4335,8,1459,1467,88.8,8
4263,3,1464,1467,88.8,3
4160,1,1466,1467,88.8,1
4790,9,1459,1468,88.8,9
4387,9,1459,1468,88.8,9
3944,8,1460,1468,88.8,8
4314,3,1465,1468,88.8,3
4347,1,1467,1468,88.8,1
4846,8,1461,1469,88.8,8
4761,5,1464,1469,88.8,5
4145,5,1464,1469,88.8,5
4179,2,1467,1469,88.8,2
4390,1,1468,1469,88.8,1
4413,9,1461,1470,88.8,9
4459,5,1465,1470,88.8,5
4242,7,1464,1471,88.8,7
4869,2,1469,1471,88.8,2
4789,2,1469,1471,88.8,2
4181,2,1469,1471,88.8,2
4797,4,1468,1472,88.8,4
4253,1,1471,1472,88.8,1
4807,1,1471,1472,88.8,1
4110,8,1465,1473,88.8,8
4267,6,1467,1473,88.8,6
4013,5,1468,1473,88.8,5
4476,3,1470,1473,88.8,3
4426,6,1468,1474,88.8,6
4502,9,1466,1475,88.8,9
4810,3,1472,1475,88.8,3
4021,2,1473,1475,88.8,2
4354,8,1468,1476,88.8,8
4112,3,1473,1476,88.8,3
4491,3,1473,1476,88.8,3
4155,9,1469,1478,88.9,9
4392,9,1469,1478,88.9,9
4416,8,1470,1478,88.9,8
4897,7,1471,1478,88.9,7
4189,7,1471,1478,88.9,7
4827,7,1472,1479,88.9,7
4850,4,1475,1479,88.9,4
4269,7,1473,1480,88.9,7
4068,5,1475,1480,88.9,5
4355,4,1476,1480,88.9,4
4163,2,1478,1480,88.9,2
4195,2,1478,1480,88.9,2
4254,9,1472,1481,88.9,9
4898,2,1479,1481,88.9,2
4910,4,1478,1482,88.9,4
4839,3,1479,1482,88.9,3
4434,9,1474,1483,88.9,9
4542,7,1476,1483,88.9,7
4270,3,1480,1483,88.9,3
4077,3,1480,1483,88.9,3
4511,9,1475,1484,88.9,9
4123,8,1476,1484,88.9,8
4902,3,1481,1484,88.9,3
4394,7,1478,1485,88.9,7
4229,5,1480,1485,88.9,5
4932,3,1482,1485,88.9,3
4272,2,1483,1485,88.9,2
4357,6,1480,1486,88.9,6
4166,6,1480,1486,88.9,6
4281,1,1485,1486,88.9,1
4425,9,1478,1487,88.9,9
4078,4,1483,1487,88.9,4
4258,2,1485,1487,88.9,2
4169,1,1486,1487,88.9,1
4268,7,1481,1488,88.9,7
4512,4,1484,1488,88.9,4
4918,4,1484,1488,88.9,4
4934,3,1485,1488,88.9,3
4171,1,1487,1488,88.9,1
4840,7,1482,1489,88.9,7
4548,6,1483,1489,88.9,6
4265,2,1487,1489,88.9,2
4133,6,1484,1490,88.9,6
4286,4,1486,1490,88.9,4
4956,2,1488,1490,88.9,2
4444,9,1483,1492,88.9,9
4853,3,1489,1492,88.9,3
4557,3,1489,1492,88.9,3
4436,6,1487,1493,88.9,6
4274,5,1488,1493,88.9,5
4477,1,1492,1493,88.9,1
4402,9,1485,1494,88.9,9
4513,6,1488,1494,88.9,6
4961,4,1490,1494,88.9,4
4365,9,1486,1495,88.9,9
4105,8,1487,1495,88.9,8
4971,1,1494,1495,88.9,1
4940,8,1488,1496,88.9,8
4174,8,1488,1496,88.9,8
4295,7,1489,1496,88.9,7
4946,1,1496,1497,88.9,1
4300,1,1496,1497,88.9,1
4406,4,1494,1498,88.9,4
4165,9,1490,1499,88.9,9
4296,9,1490,1499,88.9,9
4862,7,1492,1499,88.9,7
4466,6,1493,1499,88.9,6
4368,4,1495,1499,88.9,4
4120,4,1495,1499,88.9,4
4979,5,1495,1500,88.9,5
4974,3,1497,1500,88.9,3
4575,9,1492,1501,88.9,9
4275,8,1493,1501,88.9,8
4987,1,1500,1501,88.9,1
4484,9,1493,1502,88.9,9
4168,3,1499,1502,88.9,3
4981,2,1500,1502,88.9,2
4592,1,1501,1502,88.9,1
4538,9,1494,1503,88.9,9
4176,7,1496,1503,88.9,7
4993,2,1501,1503,88.9,2
4320,8,1497,1505,88.9,8
4125,6,1499,1505,88.9,6
4447,8,1498,1506,88.9,8
4996,4,1502,1506,88.9,4
4297,6,1501,1507,88.9,6
4521,5,1502,1507,88.9,5
4596,5,1502,1507,88.9,5
4326,2,1505,1507,88.9,2
4337,9,1499,1508,88.9,9
4867,9,1499,1508,88.9,9
4467,9,1499,1508,88.9,9
4372,9,1499,1508,88.9,9
4180,6,1502,1508,88.9,6
4127,3,1505,1508,88.9,3
4343,1,1507,1508,88.9,1
4469,3,1506,1509,88.9,3
4358,1,1508,1509,88.9,1
4213,7,1503,1510,88.9,7
4627,3,1507,1510,88.9,3
4405,2,1508,1510,88.9,2
4152,2,1508,1510,88.9,2
4474,1,1509,1510,88.9,1
4207,1,1510,1511,88.9,1
4540,9,1503,1512,88.9,9
4313,5,1507,1512,88.9,5
4566,5,1507,1512,88.9,5
4194,4,1508,1512,88.9,4
4997,7,1506,1513,88.8,7
4591,1,1512,1513,88.8,1
4479,4,1510,1514,88.8,4
4870,7,1508,1515,88.8,7
4217,4,1511,1515,88.8,4
4388,7,1509,1516,88.8,7
4646,6,1510,1516,88.8,6
4431,6,1510,1516,88.8,6
4344,9,1508,1517,88.8,9
4475,9,1508,1517,88.8,9
4410,1,1516,1517,88.8,1
4219,8,1510,1518,88.8,8
4235,3,1515,1518,88.8,3
4321,7,1512,1519,88.8,7
4567,7,1512,1519,88.8,7
4489,5,1514,1519,88.8,5
4661,4,1516,1520,88.8,4
4199,9,1512,1521,88.8,9
4598,8,1513,1521,88.8,8
4428,4,1517,1521,88.8,4
4877,7,1515,1522,88.8,7
4453,6,1516,1522,88.8,6
4381,5,1517,1522,88.8,5
4249,4,1518,1522,88.8,4
4202,1,1521,1522,88.8,1
4383,1,1522,1523,88.8,1
4327,5,1519,1524,88.8,5
4573,5,1519,1524,88.8,5
4879,2,1522,1524,88.8,2
4534,8,1517,1525,88.8,8
4234,8,1518,1526,88.8,8
4260,4,1522,1526,88.8,4
4883,2,1524,1526,88.8,2
4492,8,1519,1527,88.8,8
4663,9,1520,1529,88.8,9
4612,9,1521,1530,88.8,9
4448,9,1521,1530,88.8,9
4471,8,1522,1530,88.8,8
4252,8,1522,1530,88.8,8
4562,5,1525,1530,88.8,5
4247,4,1526,1530,88.9,4
4384,8,1523,1531,88.9,8
4346,7,1524,1531,88.9,7
4503,5,1527,1532,88.9,5
4255,2,1530,1532,88.9,2
4589,9,1524,1533,88.9,9
4348,2,1531,1533,88.9,2
4302,8,1526,1534,88.9,8
4637,4,1530,1534,88.9,4
4266,4,1530,1534,88.9,4
4887,9,1526,1535,88.9,9
4678,7,1529,1536,88.9,7
4450,7,1530,1537,88.9,7
4496,7,1530,1537,88.9,7
4643,7,1530,1537,88.9,7
4271,5,1532,1537,88.9,5
4407,7,1531,1538,88.9,7
4505,6,1532,1538,88.9,6
4599,5,1533,1538,88.9,5
4422,5,1533,1538,88.9,5
4307,5,1534,1539,88.9,5
4278,6,1534,1540,88.9,6
4461,4,1537,1541,88.9,4
4537,3,1538,1541,88.9,3
4440,3,1538,1541,88.9,3
4894,7,1535,1542,88.9,7
4282,5,1537,1542,88.9,5
4638,9,1534,1543,88.9,9
4324,4,1539,1543,88.9,4
4716,8,1536,1544,88.9,8
4508,7,1537,1544,88.9,7
4605,6,1538,1544,88.9,6
4658,1,1543,1544,88.9,1
4650,8,1537,1545,88.9,8
4483,7,1538,1545,88.9,7
4290,5,1540,1545,88.9,5
4541,4,1541,1545,88.9,4
4913,3,1542,1545,88.9,3
4441,5,1541,1546,88.9,5
4514,1,1545,1546,88.9,1
4465,6,1541,1547,88.9,6
4283,5,1542,1547,88.9,5
4480,1,1547,1548,88.9,1
4294,4,1545,1549,88.9,4
4930,4,1545,1549,88.9,4
4329,7,1543,1550,88.9,7
4620,6,1544,1550,88.9,6
4544,6,1545,1551,88.9,6
4443,5,1546,1551,88.9,5
4317,2,1549,1551,88.9,2
4688,8,1544,1552,88.9,8
4652,7,1545,1552,88.9,7
4482,4,1548,1552,88.9,4
4341,2,1550,1552,88.9,2
4725,9,1544,1553,88.9,9
4527,9,1544,1553,88.9,9
4325,2,1551,1553,88.9,2
4298,7,1547,1554,88.9,7
4791,1,1553,1554,88.9,1
4550,9,1546,1555,88.9,9
4950,6,1549,1555,88.9,6
4622,5,1550,1555,88.9,5
4675,3,1552,1555,88.9,3
4460,5,1551,1556,88.9,5
4615,1,1555,1556,88.9,1
4558,6,1551,1557,88.9,6
4523,5,1552,1557,88.9,5
4360,6,1552,1558,88.9,6
4334,5,1553,1558,88.9,5
4676,3,1555,1558,88.9,3
4649,4,1555,1559,88.9,4
4529,2,1557,1559,88.9,2
4689,8,1552,1560,88.9,8
4528,7,1553,1560,88.9,7
4795,6,1554,1560,88.9,6
4579,3,1557,1560,88.9,3
4301,7,1554,1561,88.9,7
4965,7,1555,1562,88.9,7
4702,4,1558,1562,88.9,4
4532,3,1559,1562,88.9,3
4624,7,1556,1563,88.9,7
4351,5,1558,1563,88.9,5
4463,8,1556,1564,88.9,8
4710,4,1560,1564,88.9,4
4536,2,1562,1564,88.9,2
4660,6,1559,1565,88.9,6
4549,1,1564,1565,88.9,1
4366,8,1558,1566,88.9,8
4310,5,1561,1566,88.9,5
4805,7,1560,1567,88.9,7
4470,3,1564,1567,88.9,3
4367,5,1563,1568,88.9,5
4545,9,1560,1569,88.9,9
4582,9,1560,1569,88.9,9
4665,4,1565,1569,88.9,4
4553,4,1565,1569,88.9,4
4369,1,1568,1569,88.9,1
4970,8,1562,1570,88.9,8
4704,8,1562,1570,88.9,8
4333,4,1566,1570,88.9,4
4640,8,1563,1571,88.9,8
4485,4,1567,1571,88.9,4
4560,2,1569,1571,88.9,2
4409,2,1569,1571,88.9,2
4738,8,1564,1572,88.9,8
4572,3,1569,1572,88.9,3
4363,2,1570,1572,88.9,2
4711,3,1570,1573,88.9,3
4497,2,1571,1573,88.9,2
4680,5,1569,1574,88.9,5
4585,2,1572,1574,88.9,2
4393,9,1566,1575,88.9,9
4806,8,1567,1575,88.9,8
4498,2,1573,1575,88.9,2
4601,7,1569,1576,88.9,7
4583,5,1571,1576,88.9,5
4655,7,1571,1578,88.9,7
4414,7,1571,1578,88.9,7
4759,6,1572,1578,88.9,6
4617,5,1574,1579,88.9,5
4379,8,1572,1580,88.9,8
4813,5,1575,1580,88.9,5
4734,8,1573,1581,88.9,8
4764,3,1578,1581,88.9,3
4621,2,1579,1581,88.9,2
4686,8,1574,1582,88.9,8
4499,7,1575,1582,88.9,7
4395,2,1580,1582,88.9,2
4397,8,1575,1583,88.9,8
4587,7,1576,1583,88.9,7
4417,5,1578,1583,88.9,5
4788,2,1581,1583,88.9,2
4616,8,1576,1584,88.9,8
4628,3,1581,1584,88.9,3
4400,1,1583,1584,88.9,1
4737,4,1581,1585,88.9,4
4673,8,1578,1586,88.9,8
4802,3,1583,1586,88.9,3
4403,5,1582,1587,88.9,5
4593,4,1583,1587,88.9,4
4420,4,1583,1587,88.9,4
4662,4,1584,1588,88.9,4
4693,2,1586,1588,88.9,2
4831,9,1580,1589,88.9,9
4432,2,1587,1589,88.9,2
4687,8,1582,1590,88.9,8
4519,8,1582,1590,88.9,8
4603,3,1587,1590,88.9,3
4421,3,1587,1590,88.9,3
4415,8,1584,1592,88.9,8
4741,7,1585,1592,88.9,7
4695,4,1588,1592,88.9,4
4455,3,1589,1592,88.9,3
4654,9,1584,1593,88.9,9
4674,5,1588,1593,88.9,5
4423,3,1590,1593,88.9,3
4701,1,1592,1593,88.9,1
4823,9,1586,1595,88.9,9
4525,5,1590,1595,88.9,5
4445,2,1593,1595,88.9,2
4733,6,1590,1596,88.9,6
4530,1,1595,1596,88.9,1
4462,5,1592,1597,88.9,5
4835,2,1595,1597,88.9,2
4832,9,1589,1598,88.9,9
4632,8,1590,1598,88.9,8
4752,5,1593,1598,88.9,5
4449,7,1592,1599,88.9,7
4656,6,1593,1599,88.9,6
4684,6,1593,1599,88.9,6
4563,3,1596,1599,88.9,3
4472,3,1597,1600,88.9,3
4765,2,1598,1600,88.9,2
4750,9,1592,1601,88.9,9
4500,7,1595,1602,88.9,7
4452,3,1599,1602,88.9,3
4714,3,1599,1602,88.9,3
4776,2,1600,1602,88.9,2
4641,5,1598,1603,88.9,5
4751,8,1596,1604,88.9,8
4486,4,1600,1604,88.9,4
4868,7,1598,1605,88.9,7
4849,9,1597,1606,88.9,9
4742,4,1602,1606,88.9,4
4507,5,1602,1607,88.9,5
4671,9,1599,1608,88.9,9
4565,9,1599,1608,88.9,9
4454,6,1602,1608,88.9,6
4773,8,1601,1609,88.9,8
4809,7,1602,1609,88.9,7
4457,2,1608,1610,88.9,2
4533,4,1607,1611,88.9,4
4816,2,1609,1611,88.9,2
4645,9,1603,1612,88.9,9
4487,8,1604,1612,88.9,8
4856,6,1606,1612,88.9,6
4754,9,1604,1613,88.9,9
4574,5,1608,1613,88.9,5
4880,9,1605,1614,88.9,9
4679,6,1608,1614,88.9,6
4774,5,1609,1614,88.9,5
4552,3,1611,1614,88.9,3
4746,9,1606,1615,88.9,9
4779,2,1613,1615,88.9,2
4804,2,1615,1617,88.9,2
4668,6,1612,1618,88.9,6
4699,4,1614,1618,88.9,4
4468,9,1610,1619,88.9,9
4829,8,1611,1619,88.9,8
4859,7,1612,1619,88.9,7
4843,2,1617,1619,88.9,2
4506,8,1612,1620,88.9,8
4762,5,1615,1620,88.9,5
4851,1,1619,1620,88.9,1
4578,9,1613,1622,88.9,9
4564,8,1614,1622,88.9,8
4763,2,1620,1622,88.9,2
4886,9,1614,1623,88.9,9
4775,9,1614,1623,88.9,9
4683,6,1618,1624,88.9,6
4712,6,1618,1624,88.9,6
4876,5,1620,1625,88.9,5
4920,2,1623,1625,88.9,2
4580,4,1622,1626,88.9,4
4785,4,1622,1626,88.9,4
4493,8,1619,1627,88.9,8
4833,8,1619,1627,88.9,8
4531,7,1620,1627,88.9,7
4606,1,1626,1627,88.9,1
4860,9,1619,1628,88.9,9
4504,1,1627,1628,88.9,1
4834,2,1627,1629,88.9,2
4801,7,1623,1630,88.9,7
4878,5,1625,1630,88.9,5
4787,4,1626,1630,88.9,4
4602,9,1622,1631,88.9,9
4713,7,1624,1631,88.9,7
4723,7,1624,1631,88.9,7
4825,1,1630,1631,88.9,1
4925,8,1625,1633,88.9,8
4863,6,1628,1634,88.9,6
4509,6,1628,1634,88.9,6
4838,5,1629,1634,88.9,5
4722,3,1631,1634,88.9,3
4547,8,1627,1635,88.9,8
4510,1,1634,1635,88.9,1
4614,9,1627,1636,88.9,9
4912,6,1630,1636,88.9,6
4800,6,1630,1636,88.9,6
4610,5,1631,1636,88.9,5
4872,2,1634,1636,88.9,2
4927,4,1633,1637,88.9,4
4731,4,1634,1638,88.9,4
4935,2,1636,1638,88.9,2
4803,2,1636,1638,88.9,2
4937,1,1637,1638,88.9,1
4842,5,1634,1639,88.9,5
4727,9,1631,1640,88.9,9
4895,9,1631,1640,88.9,9
4873,4,1636,1640,88.9,4
4959,2,1638,1640,88.9,2
4555,6,1635,1641,88.9,6
4973,1,1640,1641,88.9,1
4516,7,1635,1642,88.9,7
4619,6,1636,1642,88.9,6
4858,3,1639,1642,88.9,3
4611,7,1636,1643,88.9,7
4933,4,1640,1644,88.9,4
4770,7,1638,1645,88.9,7
4936,7,1638,1645,88.9,7
4730,5,1640,1645,88.9,5
4568,4,1641,1645,88.9,4
4941,1,1644,1645,88.9,1
4631,4,1642,1646,88.9,4
4888,4,1642,1646,88.9,4
4822,9,1638,1647,88.9,9
4517,5,1642,1647,88.9,5
4613,4,1643,1647,88.9,4
4944,2,1645,1647,88.9,2
4744,3,1645,1648,88.9,3
4569,3,1645,1648,88.9,3
4896,9,1640,1649,88.9,9
4891,3,1646,1649,88.9,3
4745,1,1648,1649,88.9,1
4976,9,1641,1650,88.9,9
4953,5,1645,1650,88.9,5
4798,6,1645,1651,88.9,6
4905,2,1649,1651,88.9,2
4623,5,1647,1652,88.9,5
4821,1,1651,1652,88.9,1
4901,4,1649,1653,88.9,4
4747,4,1649,1653,88.9,4
4639,8,1646,1654,88.9,8
4830,8,1647,1655,88.9,8
4966,8,1647,1655,88.9,8
4518,9,1647,1656,88.9,9
4749,3,1653,1656,88.9,3
4848,1,1655,1656,88.9,1
4597,9,1648,1657,88.9,9
4828,5,1652,1657,88.9,5
4864,1,1656,1657,88.9,1
4629,6,1652,1658,88.9,6
4955,9,1650,1659,88.9,9
4647,5,1654,1659,88.9,5
4964,9,1651,1660,88.9,9
4907,7,1653,1660,88.9,7
4871,3,1657,1660,88.9,3
4648,1,1659,1660,88.9,1
4543,6,1656,1662,88.9,6
4755,6,1656,1662,88.9,6
4635,5,1657,1662,88.9,5
4968,2,1660,1662,88.9,2
4977,8,1655,1663,88.9,8
4653,4,1660,1664,88.9,4
4837,8,1657,1665,88.9,8
4915,5,1660,1665,88.9,5
4642,8,1658,1666,88.9,8
4960,7,1659,1666,88.9,7
4980,3,1663,1666,88.9,3
4874,7,1660,1667,88.9,7
4576,5,1662,1667,88.9,5
4644,1,1666,1667,88.9,1
4772,6,1662,1668,88.9,6
4969,6,1662,1668,88.9,6
4651,7,1662,1669,88.9,7
4777,1,1668,1669,88.9,1
4666,6,1664,1670,88.9,6
4884,3,1667,1670,88.9,3
4584,3,1667,1670,88.9,3
4657,1,1669,1670,88.9,1
4916,6,1665,1671,88.9,6
4982,4,1668,1672,88.9,4
4586,2,1670,1672,88.9,2
4892,8,1665,1673,88.9,8
4978,7,1666,1673,88.9,7
4778,4,1669,1673,88.9,4
4975,2,1671,1673,88.9,2
4700,7,1667,1674,88.9,7
4669,4,1670,1674,88.9,4
4889,5,1670,1675,88.9,5
4782,2,1673,1675,88.9,2
4667,6,1670,1676,88.9,6
4990,5,1672,1677,88.9,5
4677,5,1674,1679,88.9,5
4890,5,1675,1680,88.9,5
4799,5,1675,1680,88.9,5
4590,9,1672,1681,88.9,9
4999,8,1673,1681,88.9,8
4706,7,1674,1681,88.9,7
4893,9,1673,1682,88.9,9
4594,1,1681,1682,88.9,1
4682,7,1676,1683,88.9,7
4899,3,1680,1683,88.9,3
4681,5,1679,1684,88.9,5
4817,4,1680,1684,88.9,4
4908,3,1682,1685,88.9,3
4685,2,1683,1685,88.9,2
4994,9,1677,1686,88.9,9
4721,6,1681,1687,88.9,6
4939,5,1683,1688,88.9,5
4690,3,1685,1688,88.9,3
4949,1,1688,1689,88.9,1
4595,8,1682,1690,88.9,8
4861,6,1684,1690,88.9,6
4729,3,1687,1690,88.9,3
4694,8,1684,1692,88.9,8
4914,7,1685,1692,88.9,7
4917,2,1692,1694,88.9,2
4911,5,1690,1695,88.9,5
4696,3,1692,1695,88.9,3
4743,6,1690,1696,88.9,6
4938,1,1695,1696,88.9,1
4691,9,1688,1697,88.9,9
4957,9,1689,1698,88.9,9
4604,9,1690,1699,88.9,9
4998,1,1698,1699,88.9,1
4705,5,1695,1700,88.9,5
4757,4,1696,1700,88.9,4
4921,9,1694,1703,88.9,9
4609,4,1699,1703,88.9,4
4947,8,1696,1704,88.9,8
4717,7,1697,1704,88.9,7
4708,4,1700,1704,88.9,4
4948,1,1704,1705,88.9,1
4760,1,1704,1705,88.9,1
4769,6,1700,1706,88.9,6
4718,2,1704,1706,88.9,2
4942,5,1703,1708,88.9,5
4724,2,1706,1708,88.9,2
4707,8,1703,1711,88.9,8
4991,6,1705,1711,88.9,6
4792,6,1705,1711,88.9,6
4786,6,1706,1712,88.9,6
4726,4,1708,1712,88.9,4
4951,6,1708,1714,88.9,6
4794,4,1711,1715,88.9,4
4796,3,1712,1715,88.9,3
4709,6,1711,1717,88.9,6
4735,7,1712,1719,88.9,7
4992,9,1711,1720,88.9,9
4952,7,1714,1721,88.9,7
4820,7,1715,1722,88.9,7
4808,7,1715,1722,88.9,7
4719,7,1717,1724,88.9,7
4995,5,1720,1725,88.9,5
4983,4,1721,1725,88.9,4
4814,3,1722,1725,88.9,3
4766,8,1719,1727,88.9,8
4865,5,1722,1727,88.9,5
4720,5,1724,1729,88.9,5
4866,2,1727,1729,88.9,2
4989,6,1725,1731,88.9,6
4768,4,1727,1731,88.9,4
4740,2,1729,1731,88.9,2
4900,4,1729,1733,88.9,4
4818,9,1725,1734,88.9,9
4815,6,1731,1737,88.9,6
4753,6,1731,1737,88.9,6
4906,7,1733,1740,88.9,7
4819,3,1737,1740,88.9,3
4767,4,1737,1741,88.9,4
4826,8,1734,1742,88.9,8
4909,4,1740,1744,88.9,4
4783,3,1741,1744,88.9,3
4824,5,1740,1745,88.9,5
4929,1,1744,1745,88.9,1
4793,2,1744,1746,88.9,2
4844,6,1742,1748,88.9,6
4954,3,1745,1748,88.9,3
4847,1,1748,1749,88.9,1
4845,6,1745,1751,88.9,6
4836,5,1746,1751,88.9,5
4958,5,1748,1753,88.9,5
4857,5,1749,1754,88.9,5
4852,5,1751,1756,88.9,5
4854,9,1751,1760,88.9,9
4875,6,1754,1760,88.9,6
4903,5,1756,1761,88.9,5
4967,9,1753,1762,88.9,9
4855,2,1760,1762,88.9,2
4986,4,1762,1766,88.9,4
4904,4,1762,1766,88.9,4
4881,9,1760,1769,88.9,9
4962,9,1761,1770,88.9,9
4919,9,1766,1775,88.9,9
4882,9,1769,1778,88.9,9
4922,8,1775,1783,88.9,8
4885,6,1778,1784,88.9,6
4926,9,1783,1792,88.9,9
4923,8,1784,1792,88.8,8
4928,1,1792,1793,88.8,1
4924,1,1792,1793,88.8,1
4985,7,1793,1800,88.8,7
4931,8,1793,1801,88.8,8
4943,1,1801,1802,88.8,1
4988,6,1800,1806,88.8,6
4945,6,1802,1808,88.8,6
4963,8,1808,1816,88.8,8
4972,8,1816,1824,88.8,8
4984,4,1824,1828,88.8,4
