Task_ID,Duration,Start_Time,End_Time,Memory_Usage,Completion_Time
5,1,0,1,84.6,1
24,1,0,1,84.6,1
2,2,0,2,84.6,2
4,3,0,3,84.6,3
8,3,0,3,84.6,3
9,4,0,4,84.6,4
38,4,0,4,84.6,4
17,1,3,4,84.6,1
0,5,0,5,84.6,5
40,2,4,6,84.6,2
1,7,0,7,84.6,7
6,7,0,7,84.6,7
49,1,6,7,84.6,1
3,8,0,8,84.6,8
11,8,0,8,84.6,8
30,6,2,8,84.6,6
7,5,3,8,84.6,5
151,4,4,8,84.6,4
14,9,0,9,84.6,9
16,9,0,9,84.6,9
21,9,0,9,84.6,9
12,8,1,9,84.6,8
23,2,7,9,84.6,2
25,1,8,9,84.6,1
13,1,8,9,84.6,1
169,1,8,9,84.6,1
60,9,1,10,84.6,9
10,2,8,10,84.6,2
172,1,9,10,84.6,1
27,4,7,11,84.6,4
42,2,9,11,84.6,2
15,7,5,12,84.6,7
31,3,9,12,84.6,3
64,2,10,12,84.6,2
18,9,4,13,84.6,9
63,6,7,13,84.6,6
32,5,9,14,84.6,5
44,5,9,14,84.6,5
181,4,10,14,84.6,4
50,5,10,15,84.6,5
57,4,11,15,84.6,4
51,1,14,15,84.6,1
41,8,8,16,84.6,8
19,7,9,16,84.6,7
20,7,9,16,84.6,7
185,2,14,16,84.6,2
45,1,16,17,84.6,1
28,9,9,18,84.6,9
22,5,13,18,84.6,5
80,2,16,18,84.6,2
43,8,11,19,84.6,8
33,7,12,19,84.6,7
71,7,12,19,84.6,7
26,8,12,20,84.6,8
36,7,14,21,84.6,7
56,4,17,21,84.6,4
116,3,18,21,84.6,3
105,9,13,22,84.6,9
37,1,21,22,84.6,1
78,8,15,23,84.6,8
66,9,15,24,84.6,9
62,9,15,24,84.6,9
207,8,16,24,84.6,8
93,6,18,24,84.6,6
34,5,19,24,84.6,5
58,2,22,24,84.6,2
52,9,16,25,84.6,9
29,7,18,25,84.6,7
121,4,21,25,84.6,4
46,7,19,26,84.6,7
35,6,20,26,84.6,6
230,2,24,26,84.6,2
54,1,25,26,84.6,1
77,8,19,27,84.6,8
86,6,21,27,84.6,6
85,6,23,29,84.6,6
91,2,27,29,84.6,2
108,8,22,30,84.6,8
128,5,25,30,84.6,5
274,4,26,30,84.6,4
59,7,24,31,84.6,7
55,5,26,31,84.6,5
94,2,29,31,84.6,2
118,1,30,31,84.6,1
131,8,24,32,84.6,8
100,8,24,32,84.6,8
75,1,31,32,84.6,1
90,9,24,33,84.6,9
53,9,24,33,84.6,9
81,8,25,33,84.6,8
47,7,26,33,84.6,7
39,7,26,33,84.6,7
89,4,29,33,84.6,4
127,2,31,33,84.6,2
276,4,30,34,84.6,4
112,1,33,34,84.6,1
98,4,31,35,84.6,4
129,9,27,36,84.6,9
79,5,31,36,84.6,5
149,7,30,37,84.6,7
104,4,33,37,84.6,4
83,4,33,37,84.6,4
124,3,34,37,84.6,3
101,6,32,38,84.6,6
132,2,36,38,84.6,2
135,7,32,39,84.6,7
145,7,32,39,84.6,7
111,2,37,39,84.6,2
107,1,38,39,84.6,1
65,7,33,40,84.6,7
157,3,37,40,84.6,3
48,8,33,41,84.6,8
88,4,37,41,84.6,4
61,9,33,42,84.6,9
171,9,33,42,84.6,9
277,9,34,43,84.6,9
110,9,35,44,84.6,9
92,8,36,44,84.6,8
154,5,39,44,84.6,5
126,5,39,44,84.6,5
158,6,39,45,84.6,6
69,5,40,45,84.6,5
152,9,37,46,84.6,9
146,8,38,46,84.6,8
99,6,41,47,84.6,6
313,4,43,47,84.6,4
159,3,44,47,84.6,3
70,2,45,47,84.6,2
114,9,39,48,84.6,9
170,8,40,48,84.6,8
192,6,42,48,84.6,6
137,4,44,48,84.6,4
163,3,45,48,84.6,3
314,1,47,48,84.6,1
72,9,41,50,84.6,9
67,8,42,50,84.6,8
133,6,44,50,84.6,6
161,3,47,50,84.6,3
316,2,48,50,84.6,2
160,5,46,51,84.6,5
102,4,47,51,84.6,4
115,3,48,51,84.6,3
109,8,44,52,84.6,8
148,6,46,52,84.6,6
220,4,48,52,84.6,4
345,2,50,52,84.6,2
76,6,47,53,84.6,6
166,5,48,53,84.6,5
113,1,52,53,84.6,1
68,4,50,54,84.6,4
164,7,48,55,84.6,7
198,8,48,56,84.6,8
73,6,50,56,84.6,6
188,5,51,56,84.6,5
134,7,50,57,84.6,7
162,7,50,57,84.6,7
122,6,51,57,84.6,6
82,3,54,57,84.6,3
223,6,52,58,84.6,6
120,5,53,58,84.6,5
187,3,55,58,84.6,3
138,1,57,58,84.6,1
179,7,52,59,84.6,7
199,3,56,59,84.6,3
119,9,51,60,84.6,9
74,4,56,60,84.6,4
123,3,57,60,84.6,3
210,2,58,60,84.6,2
365,9,52,61,84.6,9
84,8,53,61,84.6,8
234,3,58,61,84.6,3
177,9,53,62,84.6,9
225,5,57,62,84.6,5
141,2,60,62,84.6,2
366,1,61,62,84.6,1
203,4,59,63,84.6,4
97,3,60,63,84.6,3
87,2,61,63,84.6,2
251,2,61,63,84.6,2
221,8,56,64,84.6,8
183,7,57,64,84.6,7
136,7,58,65,84.6,7
232,2,63,65,84.6,2
153,4,62,66,84.6,4
139,1,65,66,84.6,1
147,9,58,67,84.6,9
206,8,59,67,84.6,8
215,7,60,67,84.6,7
200,5,62,67,84.6,5
193,3,64,67,84.6,3
130,8,60,68,84.6,8
241,6,62,68,84.6,6
228,4,64,68,84.6,4
233,3,65,68,84.6,3
194,1,67,68,84.6,1
174,3,66,69,84.6,3
140,3,66,69,84.6,3
208,2,67,69,84.6,2
367,8,62,70,84.6,8
266,7,63,70,84.6,7
209,3,67,70,84.6,3
238,1,69,70,84.6,1
95,8,63,71,84.6,8
393,1,70,71,84.6,1
103,9,63,72,84.6,9
291,2,70,72,84.6,2
257,6,67,73,84.6,6
264,5,68,73,84.6,5
243,5,68,73,84.6,5
175,7,67,74,84.6,7
296,2,72,74,84.6,2
96,4,71,75,84.6,4
117,3,72,75,84.6,3
268,2,73,75,84.6,2
248,2,73,75,84.6,2
142,8,68,76,84.6,8
195,8,68,76,84.6,8
318,2,74,76,84.6,2
106,1,75,76,84.6,1
236,9,68,77,84.6,9
224,7,70,77,84.6,7
409,6,71,77,84.6,6
356,1,76,77,84.6,1
180,9,69,78,84.6,9
156,9,69,78,84.6,9
239,8,70,78,84.6,8
143,3,75,78,84.6,3
214,2,76,78,84.6,2
252,1,77,78,84.6,1
262,6,73,79,84.6,6
253,4,75,79,84.6,4
144,3,76,79,84.6,3
150,1,78,79,84.6,1
247,1,78,79,84.6,1
197,6,74,80,84.6,6
125,4,76,80,84.6,4
267,3,78,81,84.6,3
315,2,79,81,84.6,2
216,4,78,82,84.6,4
255,3,79,82,84.6,3
272,8,75,83,84.6,8
201,3,80,83,84.6,3
270,1,82,83,84.6,1
229,7,77,84,84.6,7
419,8,77,85,84.6,8
399,8,77,85,84.6,8
168,7,78,85,84.6,7
258,6,79,85,84.6,6
165,5,80,85,84.6,5
218,3,82,85,84.6,3
285,8,78,86,84.6,8
155,7,79,86,84.6,7
293,3,83,86,84.6,3
269,2,84,86,84.6,2
240,1,85,86,84.6,1
400,2,85,87,84.6,2
184,9,79,88,84.6,9
182,3,85,88,84.6,3
298,2,86,88,84.6,2
431,4,85,89,84.6,4
259,4,85,89,84.6,4
242,3,86,89,84.6,3
415,2,87,89,84.6,2
273,9,81,90,84.6,9
322,9,81,90,84.6,9
222,7,83,90,84.6,7
284,4,86,90,84.6,4
186,6,85,91,84.6,6
189,3,88,91,84.6,3
280,2,89,91,84.6,2
338,1,90,91,84.6,1
275,9,83,92,84.6,9
286,2,90,92,84.6,2
303,2,90,92,84.6,2
302,7,86,93,84.6,7
306,5,88,93,84.6,5
311,4,89,93,84.6,4
191,3,91,94,84.6,3
287,2,92,94,84.6,2
325,1,93,94,84.6,1
167,9,86,95,84.6,9
416,6,89,95,84.6,6
246,5,90,95,84.6,5
283,4,91,95,84.6,4
196,8,88,96,84.6,8
440,8,89,97,84.6,8
202,6,91,97,84.6,6
205,3,94,97,84.6,3
339,7,91,98,84.6,7
288,6,92,98,84.6,6
312,6,93,99,84.6,6
292,4,95,99,84.6,4
319,8,92,100,84.6,8
340,2,98,100,84.6,2
307,8,93,101,84.6,8
444,4,97,101,84.6,4
295,8,94,102,84.6,8
330,8,94,102,84.6,8
418,7,95,102,84.6,7
334,3,99,102,84.6,3
250,8,95,103,84.6,8
305,4,99,103,84.6,4
453,2,101,103,84.6,2
173,9,95,104,84.6,9
204,8,96,104,84.6,8
213,7,97,104,84.6,7
370,1,103,104,84.6,1
321,3,102,105,84.6,3
212,9,97,106,84.6,9
362,8,98,106,84.6,8
176,2,104,106,84.6,2
331,6,102,108,84.6,6
450,6,102,108,84.6,6
263,5,103,108,84.6,5
326,9,100,109,84.6,9
349,9,100,109,84.6,9
320,8,101,109,84.6,8
333,4,105,109,84.6,4
278,1,108,109,84.6,1
361,8,102,110,84.6,8
327,1,109,110,84.6,1
178,5,106,111,84.6,5
460,9,103,112,84.6,9
448,2,110,112,84.6,2
217,9,104,113,84.6,9
245,9,104,113,84.6,9
378,9,104,113,84.6,9
219,7,106,113,84.6,7
372,7,106,113,84.6,7
344,5,108,113,84.6,5
456,6,108,114,84.6,6
359,5,109,114,84.6,5
470,3,112,115,84.6,3
190,5,111,116,84.6,5
387,3,113,116,84.6,3
475,1,115,116,84.6,1
294,8,109,117,84.6,8
468,5,112,117,84.6,5
323,9,109,118,84.6,9
342,9,109,118,84.6,9
337,8,110,118,84.6,8
260,7,113,120,84.6,7
363,6,114,120,84.6,6
485,3,117,120,84.6,3
231,8,113,121,84.6,8
244,8,113,121,84.6,8
383,8,113,121,84.6,8
348,9,113,122,84.6,9
299,2,120,122,84.6,2
462,9,114,123,84.6,9
211,7,116,123,84.6,7
477,7,116,123,84.6,7
300,6,117,123,84.6,6
249,2,121,123,84.6,2
502,4,120,124,84.6,4
226,1,123,124,84.6,1
301,1,123,124,84.6,1
254,1,123,124,84.6,1
398,9,116,125,84.6,9
324,7,118,125,84.6,7
482,2,123,125,84.6,2
304,1,124,125,84.6,1
261,1,124,125,84.6,1
354,8,118,126,84.6,8
381,6,120,126,84.6,6
540,2,124,126,84.6,2
364,1,125,126,84.6,1
347,9,118,127,84.6,9
227,3,124,127,84.6,3
271,7,121,128,84.6,7
368,6,122,128,84.6,6
380,1,127,128,84.6,1
279,4,125,129,84.6,4
369,3,126,129,84.6,3
427,9,121,130,84.6,9
480,7,123,130,84.6,7
385,4,126,130,84.6,4
371,4,126,130,84.6,4
377,2,128,130,84.6,2
388,2,128,130,84.6,2
379,9,122,131,84.6,9
421,6,125,131,84.6,6
235,4,127,131,84.6,4
373,2,130,132,84.6,2
332,8,125,133,84.6,8
309,4,129,133,84.6,4
389,3,130,133,84.6,3
434,2,131,133,84.6,2
484,9,125,134,84.6,9
548,9,126,135,84.6,9
289,8,128,136,84.6,8
392,7,129,136,84.6,7
509,6,130,136,84.6,6
382,6,130,136,84.6,6
394,5,131,136,84.6,5
237,6,131,137,84.6,6
405,1,136,137,84.6,1
452,8,130,138,84.6,8
408,1,137,138,84.6,1
390,9,130,139,84.6,9
384,7,132,139,84.6,7
335,6,133,139,84.6,6
256,2,137,139,84.6,2
435,7,133,140,84.6,7
553,6,135,141,84.6,6
329,9,133,142,84.6,9
403,9,133,142,84.6,9
491,8,134,142,84.6,8
297,6,136,142,84.6,6
395,6,136,142,84.6,6
407,6,136,142,84.6,6
412,3,139,142,84.6,3
603,1,141,142,84.6,1
607,1,142,143,84.6,1
513,8,136,144,84.6,8
479,6,138,144,84.6,6
396,5,139,144,84.6,5
346,2,142,144,84.6,2
426,2,142,144,84.6,2
618,2,143,145,84.6,2
411,1,144,145,84.6,1
420,4,142,146,84.6,4
429,9,138,147,84.6,9
432,5,142,147,84.6,5
355,3,144,147,84.6,3
336,9,139,148,84.6,9
265,9,139,148,84.6,9
455,8,140,148,84.6,8
501,6,142,148,84.6,6
486,4,144,148,84.6,4
640,4,145,149,84.6,4
281,1,148,149,84.6,1
308,8,142,150,84.6,8
488,6,144,150,84.6,6
436,3,147,150,84.6,3
404,9,142,151,84.6,9
350,3,148,151,84.6,3
413,7,145,152,84.6,7
397,5,147,152,84.6,5
526,9,144,153,84.6,9
490,7,146,153,84.6,7
506,5,148,153,84.6,5
651,4,149,153,84.6,4
494,3,150,153,84.6,3
410,3,151,154,84.6,3
445,5,150,155,84.6,5
351,4,151,155,84.6,4
533,2,153,155,84.6,2
442,9,147,156,84.5,9
497,8,148,156,84.4,8
282,7,149,156,84.4,7
471,9,148,157,84.4,9
425,3,154,157,84.4,3
352,2,155,157,84.4,2
457,2,156,158,84.4,2
310,9,150,159,84.4,9
449,4,155,159,84.4,4
423,8,152,160,84.4,8
545,5,155,160,84.4,5
463,1,159,160,84.4,1
414,9,152,161,84.4,9
529,8,153,161,84.4,8
663,8,153,161,84.4,8
498,5,156,161,84.4,5
528,9,153,162,84.4,9
508,9,153,162,84.4,9
353,6,157,163,84.4,6
474,3,160,163,84.4,3
557,2,161,163,84.4,2
454,7,157,164,84.4,7
496,6,158,164,84.4,6
574,4,160,164,84.4,4
422,3,161,164,84.4,3
692,3,161,164,84.4,3
290,9,156,165,84.4,9
505,4,161,165,84.4,4
472,9,157,166,84.4,9
541,4,162,166,84.4,4
428,7,160,167,84.4,7
438,3,164,167,84.4,3
341,9,159,168,84.4,9
439,1,167,168,84.4,1
343,1,168,169,84.4,1
441,1,168,169,84.4,1
558,7,163,170,84.4,7
499,6,164,170,84.4,6
763,6,164,170,84.4,6
317,5,165,170,84.4,5
360,1,169,170,84.4,1
531,9,162,171,84.4,9
523,8,163,171,84.4,8
478,7,164,171,84.4,7
576,7,164,171,84.4,7
443,2,169,171,84.4,2
570,1,170,171,84.4,1
503,1,170,171,84.4,1
357,9,163,172,84.4,9
514,8,165,173,84.4,8
560,7,166,173,84.4,7
500,3,171,174,84.4,3
489,9,166,175,84.4,9
437,8,167,175,84.4,8
771,5,170,175,84.4,5
328,6,170,176,84.4,6
527,5,171,176,84.4,5
594,5,171,176,84.4,5
566,3,173,176,84.4,3
516,2,174,176,84.4,2
552,6,171,177,84.4,6
577,6,171,177,84.4,6
358,1,176,177,84.4,1
524,7,171,178,84.4,7
596,2,176,178,84.4,2
569,2,176,178,84.4,2
375,9,170,179,84.4,9
561,8,171,179,84.4,8
374,7,172,179,84.4,7
586,1,178,179,84.4,1
519,8,173,181,84.4,8
609,4,177,181,84.4,4
613,3,178,181,84.4,3
386,2,179,181,84.4,2
791,7,175,182,84.4,7
606,5,177,182,84.4,5
619,1,181,182,84.4,1
517,8,175,183,84.4,8
476,8,175,183,84.4,8
555,8,176,184,84.4,8
406,5,179,184,84.4,5
621,3,181,184,84.4,3
542,9,176,185,84.4,9
376,8,177,185,84.4,8
538,7,178,185,84.4,7
483,2,183,185,84.4,2
628,1,184,185,84.4,1
592,7,179,186,84.4,7
588,7,179,186,84.4,7
424,2,184,186,84.4,2
554,1,185,186,84.4,1
638,1,185,186,84.4,1
401,6,181,187,84.4,6
522,2,185,187,84.4,2
600,1,186,187,84.4,1
627,1,186,187,84.4,1
579,7,181,188,84.4,7
564,2,186,188,84.4,2
547,4,185,189,84.4,4
430,3,186,189,84.4,3
647,2,187,189,84.4,2
815,8,182,190,84.4,8
611,8,182,190,84.4,8
641,8,182,190,84.4,8
518,7,183,190,84.4,7
563,6,184,190,84.4,6
539,3,187,190,84.4,3
648,1,189,190,84.4,1
391,6,185,191,84.4,6
608,5,187,192,84.4,5
568,5,188,193,84.4,5
822,3,190,193,84.4,3
643,3,190,193,84.4,3
544,3,190,193,84.4,3
629,1,192,193,84.4,1
654,9,186,195,84.4,9
402,8,187,195,84.4,8
587,7,188,195,84.4,7
617,8,189,197,84.5,8
532,7,190,197,84.5,7
578,7,190,197,84.5,7
658,4,193,197,84.5,4
447,9,189,198,84.5,9
567,5,193,198,84.5,5
417,3,195,198,84.5,3
599,1,197,198,84.5,1
614,9,190,199,84.5,9
669,9,190,199,84.5,9
589,6,193,199,84.5,6
535,2,197,199,84.5,2
446,9,191,200,84.5,9
659,3,197,200,84.5,3
591,2,198,200,84.5,2
849,8,193,201,84.5,8
635,8,193,201,84.5,8
593,6,195,201,84.5,6
693,4,199,203,84.5,4
546,4,199,203,84.5,4
597,2,201,203,84.5,2
689,9,195,204,84.5,9
674,4,200,204,84.5,4
649,8,197,205,84.5,8
458,7,198,205,84.5,7
701,2,203,205,84.5,2
433,8,198,206,84.5,8
624,7,199,206,84.5,7
464,6,200,206,84.5,6
642,5,201,206,84.5,5
679,2,204,206,84.5,2
704,1,205,206,84.5,1
626,9,198,207,84.5,9
451,1,206,207,84.5,1
645,9,199,208,84.5,9
610,8,200,208,84.5,8
917,7,201,208,84.5,7
601,5,203,208,84.5,5
695,5,204,209,84.5,5
481,4,205,209,84.5,4
662,3,206,209,84.5,3
664,2,207,209,84.5,2
612,1,208,209,84.5,1
670,5,205,210,84.5,5
673,1,209,210,84.5,1
551,8,203,211,84.5,8
459,4,207,211,84.5,4
657,3,208,211,84.5,3
492,2,209,211,84.5,2
623,2,209,211,84.5,2
685,1,210,211,84.5,1
741,6,206,212,84.5,6
630,7,206,213,84.5,7
691,7,206,213,84.5,7
615,5,208,213,84.5,5
686,4,209,213,84.5,4
466,8,206,214,84.5,8
930,6,208,214,84.5,6
573,3,211,214,84.5,3
666,4,211,215,84.5,4
710,7,209,216,84.5,7
493,5,211,216,84.5,5
632,5,211,216,84.5,5
700,3,213,216,84.5,3
744,5,212,217,84.5,5
581,3,214,217,84.5,3
616,5,213,218,84.5,5
699,5,213,218,84.5,5
703,2,216,218,84.5,2
765,1,217,218,84.5,1
672,9,210,219,84.5,9
671,6,213,219,84.5,6
487,5,214,219,84.5,5
461,9,211,220,84.5,9
737,9,211,220,84.5,9
748,2,218,220,84.5,2
636,5,216,221,84.5,5
717,7,215,222,84.5,7
938,9,214,223,84.5,9
680,4,219,223,84.5,4
520,4,219,223,84.5,4
720,6,218,224,84.5,6
772,6,218,224,84.5,6
742,4,220,224,84.5,4
944,1,223,224,84.5,1
728,9,216,225,84.5,9
504,9,216,225,84.5,9
625,7,218,225,84.5,7
694,6,219,225,84.5,6
646,4,221,225,84.5,4
961,1,224,225,84.5,1
582,9,217,226,84.5,9
757,3,223,226,84.5,3
465,7,220,227,84.5,7
732,2,225,227,84.5,2
639,2,225,227,84.5,2
583,1,226,227,84.5,1
758,8,220,228,84.5,8
740,6,222,228,84.5,6
962,3,225,228,84.5,3
585,1,227,228,84.5,1
743,5,224,229,84.5,5
706,4,225,229,84.5,4
755,1,228,229,84.5,1
982,1,228,229,84.5,1
730,6,224,230,84.5,6
774,6,224,230,84.5,6
510,5,225,230,84.5,5
761,4,226,230,84.5,4
467,3,227,230,84.5,3
521,8,223,231,84.5,8
650,6,225,231,84.5,6
762,1,230,231,84.5,1
768,4,228,232,84.5,4
746,6,227,233,84.5,6
530,2,231,233,84.5,2
668,2,231,233,84.5,2
747,5,229,234,84.5,5
802,4,230,234,84.5,4
512,4,230,234,84.5,4
469,4,230,234,84.5,4
806,1,233,234,84.5,1
682,1,233,234,84.5,1
644,8,227,235,84.5,8
595,7,228,235,84.5,7
714,6,229,235,84.5,6
1007,6,229,235,84.5,6
515,1,234,235,84.5,1
735,6,230,236,84.5,6
1071,1,235,236,84.5,1
756,8,229,237,84.5,8
778,5,232,237,84.5,5
808,3,234,237,84.5,3
825,7,231,238,84.5,7
749,4,234,238,84.5,4
753,3,235,238,84.5,3
759,2,236,238,84.5,2
790,1,237,238,84.5,1
534,6,233,239,84.5,6
637,4,235,239,84.5,4
812,2,237,239,84.5,2
787,1,238,239,84.5,1
775,2,238,240,84.5,2
656,6,235,241,84.5,6
831,2,239,241,84.5,2
809,8,234,242,84.5,8
559,7,235,242,84.5,7
473,9,234,243,84.5,9
702,9,234,243,84.5,9
1083,7,236,243,84.5,7
536,4,239,243,84.5,4
797,4,239,243,84.5,4
780,3,240,243,84.5,3
764,6,238,244,84.5,6
652,5,239,244,84.5,5
721,1,243,244,84.5,1
807,7,238,245,84.5,7
792,9,237,246,84.5,9
828,9,238,247,84.5,9
819,5,242,247,84.5,5
495,4,243,247,84.5,4
839,2,245,247,84.5,2
604,6,242,248,84.5,6
796,5,243,248,84.5,5
777,4,244,248,84.5,4
859,8,241,249,84.5,8
1087,6,243,249,84.5,6
543,6,243,249,84.5,6
837,2,247,249,84.5,2
507,2,247,249,84.5,2
677,9,241,250,84.5,9
824,8,243,251,84.5,8
866,2,249,251,84.5,2
556,2,249,251,84.5,2
660,8,244,252,84.5,8
729,8,244,252,84.5,8
799,4,248,252,84.5,4
814,7,246,253,84.5,7
882,2,251,253,84.5,2
842,7,247,254,84.5,7
781,6,248,254,84.5,6
1103,5,249,254,84.5,5
678,5,250,255,84.5,5
800,3,252,255,84.5,3
847,9,247,256,84.5,9
653,8,248,256,84.5,8
846,7,249,256,84.5,7
511,7,249,256,84.5,7
850,2,254,256,84.5,2
684,5,252,257,84.5,5
915,4,253,257,84.5,4
813,3,254,257,84.5,3
861,1,256,257,84.5,1
838,7,251,258,84.5,7
525,2,256,258,84.5,2
572,8,251,259,84.5,8
909,6,253,259,84.5,6
835,4,255,259,84.5,4
661,3,256,259,84.5,3
1149,6,254,260,84.5,6
855,4,256,260,84.5,4
864,3,257,260,84.5,3
876,1,259,260,84.5,1
745,9,252,261,84.5,9
927,4,257,261,84.5,4
537,3,258,261,84.5,3
910,2,259,261,84.5,2
1151,1,260,261,84.5,1
707,7,255,262,84.5,7
857,2,260,262,84.5,2
856,7,256,263,84.5,7
818,6,257,263,84.5,6
853,5,258,263,84.5,5
865,1,262,263,84.5,1
945,3,261,264,84.5,3
665,6,259,265,84.5,6
895,5,260,265,84.5,5
897,5,260,265,84.5,5
549,4,261,265,84.5,4
712,3,262,265,84.5,3
966,1,264,265,84.5,1
687,9,257,266,84.5,9
575,7,259,266,84.5,7
891,3,263,266,84.5,3
769,6,261,267,84.5,6
867,4,263,267,84.5,4
924,7,261,268,84.5,7
1166,7,261,268,84.5,7
820,5,263,268,84.5,5
896,4,265,269,84.5,4
690,3,266,269,84.5,3
833,1,268,269,84.5,1
874,7,263,270,84.5,7
713,5,265,270,84.5,5
1185,2,268,270,84.5,2
929,1,269,270,84.5,1
923,6,265,271,84.5,6
911,5,266,271,84.5,5
1217,1,270,271,84.5,1
968,7,265,272,84.5,7
580,6,266,272,84.5,6
958,2,270,272,84.5,2
683,8,265,273,84.5,8
550,8,265,273,84.5,8
877,3,270,273,84.5,3
698,5,269,274,84.5,5
770,8,267,275,84.5,8
953,7,268,275,84.5,7
1226,4,271,275,84.5,4
869,9,267,276,84.5,9
716,6,270,276,84.5,6
922,5,271,276,84.5,5
722,1,276,277,84.5,1
868,9,269,278,84.5,9
776,3,275,278,84.5,3
1237,3,275,278,84.5,3
905,1,278,279,84.5,1
935,9,271,280,84.5,9
969,8,272,280,84.5,8
977,8,272,280,84.5,8
688,7,273,280,84.5,7
980,5,275,280,84.5,5
584,9,272,281,84.5,9
779,3,278,281,84.5,3
562,9,273,282,84.5,9
898,9,273,282,84.5,9
1257,4,278,282,84.5,4
1014,2,280,282,84.5,2
709,9,274,283,84.5,9
795,2,281,283,84.5,2
928,8,276,284,84.5,8
1259,2,282,284,84.5,2
804,1,283,284,84.5,1
902,9,276,285,84.5,9
726,8,277,285,84.5,8
590,4,281,285,84.5,4
711,2,283,285,84.5,2
987,6,280,286,84.5,6
906,1,285,286,84.5,1
739,1,285,286,84.5,1
914,8,279,287,84.5,8
939,7,280,287,84.5,7
565,5,282,287,84.5,5
1042,5,282,287,84.5,5
805,3,284,287,84.5,3
620,2,285,287,84.5,2
727,3,285,288,84.5,3
571,1,287,288,84.5,1
633,1,287,288,84.5,1
983,9,280,289,84.5,9
696,9,280,289,84.5,9
921,2,287,289,84.5,2
1044,2,287,289,84.5,2
598,1,288,289,84.5,1
901,8,282,290,84.5,8
1060,1,289,290,84.5,1
754,5,286,291,84.5,5
904,1,290,291,84.5,1
941,8,284,292,84.5,8
731,4,288,292,84.5,4
1265,9,284,293,84.5,9
908,7,286,293,84.5,7
826,7,287,294,84.5,7
990,5,289,294,84.5,5
932,5,289,294,84.5,5
996,9,286,295,84.5,9
718,6,289,295,84.5,6
602,6,289,295,84.5,6
734,3,292,295,84.5,3
913,2,293,295,84.5,2
947,9,287,296,84.5,9
697,8,288,296,84.5,8
719,2,295,297,84.5,2
956,1,296,297,84.5,1
907,7,291,298,84.5,7
997,4,294,298,84.5,4
750,3,295,298,84.5,3
971,1,297,298,84.5,1
1089,9,290,299,84.5,9
943,7,292,299,84.5,7
1278,6,293,299,84.5,6
752,1,298,299,84.5,1
767,9,291,300,84.5,9
829,6,294,300,84.5,6
957,6,294,300,84.5,6
1019,5,295,300,84.5,5
940,6,295,301,84.5,6
715,5,296,301,84.5,5
760,2,299,301,84.5,2
1286,3,299,302,84.5,3
1032,2,300,302,84.5,2
1099,4,299,303,84.5,4
605,9,295,304,84.5,9
733,7,297,304,84.5,7
1034,2,302,304,84.5,2
925,7,298,305,84.5,7
766,1,304,305,84.5,1
1011,8,298,306,84.5,8
985,8,298,306,84.5,8
972,7,299,306,84.5,7
954,5,301,306,84.5,5
964,7,300,307,84.5,7
834,8,300,308,84.5,8
622,4,304,308,84.5,4
979,2,306,308,84.5,2
783,9,300,309,84.5,9
1017,3,306,309,84.5,3
871,1,308,309,84.5,1
723,9,301,310,84.5,9
782,9,301,310,84.5,9
798,5,305,310,84.5,5
873,1,309,310,84.5,1
1293,9,302,311,84.5,9
959,5,306,311,84.5,5
1106,9,303,312,84.5,9
965,1,311,312,84.5,1
1052,9,304,313,84.5,9
988,7,306,313,84.5,7
999,6,307,313,84.5,6
738,3,310,313,84.5,3
949,9,305,314,84.5,9
631,7,308,315,84.5,7
1037,7,308,315,84.5,7
1055,2,313,315,84.5,2
951,1,314,315,84.5,1
784,7,309,316,84.5,7
1029,7,309,316,84.5,7
975,4,312,316,84.5,4
788,7,310,317,84.5,7
880,7,310,317,84.5,7
1304,6,311,317,84.5,6
1008,4,313,317,84.5,4
1006,1,316,317,84.5,1
1012,1,317,318,84.5,1
823,9,310,319,84.5,9
1015,6,313,319,84.5,6
751,6,313,319,84.5,6
1041,4,315,319,84.5,4
992,4,315,319,84.5,4
810,3,316,319,84.5,3
1307,2,317,319,84.5,2
1018,2,317,319,84.5,2
1111,9,312,321,84.5,9
1023,2,319,321,84.5,2
1057,6,316,322,84.5,6
894,5,317,322,84.5,5
785,3,319,322,84.5,3
1049,3,319,322,84.5,3
1040,3,319,322,84.5,3
899,1,322,323,84.5,1
634,9,315,324,84.5,9
1080,9,315,324,84.5,9
794,7,317,324,84.5,7
811,5,319,324,84.5,5
1318,5,319,324,84.5,5
1066,2,322,324,84.5,2
1085,4,322,326,84.5,4
903,3,323,326,84.5,3
801,2,324,326,84.5,2
1035,9,318,327,84.5,9
998,8,319,327,84.5,8
832,3,324,327,84.5,3
1325,3,324,327,84.5,3
830,9,319,328,84.5,9
789,6,322,328,84.5,6
1059,6,322,328,84.5,6
1109,4,324,328,84.5,4
816,2,326,328,84.5,2
1047,1,327,328,84.5,1
836,1,327,328,84.5,1
1124,8,321,329,84.5,8
1028,8,321,329,84.5,8
852,1,328,329,84.5,1
919,4,326,330,84.5,4
1082,2,328,330,84.5,2
803,3,328,331,84.5,3
1050,3,328,331,84.5,3
863,2,329,331,84.5,2
655,8,324,332,84.5,8
1093,8,324,332,84.5,8
1078,1,331,332,84.5,1
1112,6,328,334,84.5,6
1115,2,332,334,84.5,2
1110,9,326,335,84.5,9
1010,8,327,335,84.5,8
1397,8,327,335,84.5,8
926,5,330,335,84.5,5
1088,3,332,335,84.5,3
1107,6,330,336,84.5,6
1142,2,334,336,84.5,2
1122,2,334,336,84.5,2
1434,1,335,336,84.5,1
1095,1,335,336,84.5,1
827,9,328,337,84.5,9
878,9,328,337,84.5,9
1148,8,329,337,84.5,8
1184,1,336,337,84.5,1
1031,9,329,338,84.5,9
1153,1,337,338,84.5,1
870,8,331,339,84.5,8
817,9,331,340,84.5,9
667,8,332,340,84.5,8
1020,6,335,341,84.5,6
942,6,335,341,84.5,6
1219,4,337,341,84.5,4
872,2,339,341,84.5,2
675,2,340,342,84.5,2
1113,7,336,343,84.5,7
1098,7,336,343,84.5,7
840,6,337,343,84.5,6
887,6,337,343,84.5,6
1123,9,335,344,84.5,9
1146,8,336,344,84.5,8
948,3,341,344,84.5,3
1279,3,341,344,84.5,3
676,2,342,344,84.5,2
1495,9,336,345,84.5,9
821,5,340,345,84.5,5
875,4,341,345,84.5,4
889,2,343,345,84.5,2
1027,5,341,346,84.5,5
1125,3,343,346,84.5,3
1130,2,344,346,84.5,2
845,1,345,346,84.5,1
879,1,345,346,84.5,1
1053,9,338,347,84.5,9
1164,9,338,347,84.5,9
1387,4,344,348,84.5,4
952,6,344,350,84.5,6
1043,4,346,350,84.5,4
883,4,346,350,84.5,4
1395,2,348,350,84.5,2
843,8,343,351,84.5,8
681,7,344,351,84.5,7
893,6,345,351,84.5,6
884,1,350,351,84.5,1
1442,1,350,351,84.5,1
1104,9,343,352,84.5,9
967,2,350,352,84.5,2
1048,2,350,352,84.5,2
705,1,351,352,84.5,1
1158,9,344,353,84.5,9
1496,8,345,353,84.5,8
1131,7,346,353,84.5,7
1058,6,347,353,84.5,6
851,2,351,353,84.5,2
860,1,353,354,84.5,1
1135,9,346,355,84.5,9
854,9,346,355,84.5,9
1192,8,347,355,84.5,8
1451,4,351,355,84.5,4
1503,2,353,355,84.5,2
1062,2,353,355,84.5,2
890,5,351,356,84.5,5
1197,1,355,356,84.5,1
1068,1,355,356,84.5,1
1159,4,353,357,84.5,4
933,1,356,357,84.5,1
1152,6,352,358,84.5,6
1144,4,355,359,84.5,4
1524,4,355,359,84.5,4
912,9,351,360,84.5,9
978,8,352,360,84.5,8
708,8,352,360,84.5,8
1171,7,353,360,84.5,7
886,5,355,360,84.5,5
1075,4,356,360,84.5,4
1054,9,352,361,84.5,9
1216,5,356,361,84.5,5
1181,1,360,361,84.5,1
862,8,354,362,84.5,8
1456,7,355,362,84.5,7
1163,5,357,362,84.5,5
937,5,357,362,84.5,5
1116,2,360,362,84.5,2
1174,5,358,363,84.5,5
1182,2,361,363,84.5,2
1172,1,362,363,84.5,1
1117,1,362,363,84.5,1
994,4,360,364,84.5,4
1072,3,361,364,84.5,3
1191,1,363,364,84.5,1
1187,6,359,365,84.5,6
900,5,360,365,84.5,5
1186,2,363,365,84.5,2
1547,8,359,367,84.5,8
920,7,360,367,84.5,7
724,7,360,367,84.5,7
1137,4,363,367,84.5,4
1202,3,364,367,84.5,3
916,6,362,368,84.5,6
1459,6,362,368,84.5,6
1218,8,361,369,84.5,8
970,7,362,369,84.5,7
1178,6,363,369,84.5,6
1004,5,364,369,84.5,5
1206,5,365,370,84.5,5
1204,3,367,370,84.5,3
918,6,365,371,84.5,6
1179,2,369,371,84.5,2
1077,8,364,372,84.5,8
1189,7,365,372,84.5,7
934,5,367,372,84.5,5
1460,5,368,373,84.5,5
1558,7,367,374,84.5,7
931,6,368,374,84.5,6
1016,5,369,374,84.5,5
1155,8,367,375,84.5,8
1214,5,370,375,84.5,5
1211,5,370,375,84.5,5
1026,1,374,375,84.5,1
725,9,367,376,84.5,9
1222,7,369,376,84.5,7
1180,5,371,376,84.5,5
1201,4,372,376,84.5,4
936,4,372,376,84.5,4
1030,1,375,376,84.5,1
1576,3,374,377,84.5,3
736,1,376,377,84.5,1
974,9,369,378,84.5,9
1223,3,375,378,84.5,3
973,8,371,379,84.5,8
1105,7,372,379,84.5,7
1491,6,373,379,84.5,6
950,3,376,379,84.5,3
1079,3,376,379,84.5,3
1205,4,376,380,84.5,4
1207,4,376,380,84.5,4
773,3,377,380,84.5,3
976,1,379,380,84.5,1
1251,5,376,381,84.5,5
1229,3,378,381,84.5,3
960,8,374,382,84.5,8
1177,7,375,382,84.5,7
1224,7,375,382,84.5,7
1118,3,379,382,84.5,3
1081,3,379,382,84.5,3
1225,2,380,382,84.5,2
786,2,380,382,84.5,2
984,3,380,383,84.5,3
1236,1,382,383,84.5,1
1615,7,377,384,84.5,7
991,7,378,385,84.5,7
1003,2,383,385,84.5,2
986,7,379,386,84.5,7
1500,7,379,386,84.5,7
1290,6,381,387,84.5,6
1250,6,381,387,84.5,6
1084,5,382,387,84.5,5
793,5,382,387,84.5,5
1033,2,385,387,84.5,2
1233,8,380,388,84.5,8
1119,6,382,388,84.5,6
1508,2,386,388,84.5,2
1036,1,387,388,84.5,1
963,7,382,389,84.5,7
1269,6,383,389,84.5,6
1620,5,384,389,84.5,5
1297,2,387,389,84.5,2
1273,2,387,389,84.5,2
1196,8,382,390,84.5,8
1232,8,382,390,84.5,8
1126,2,388,390,84.5,2
1308,1,389,390,84.5,1
841,4,387,391,84.5,4
1039,7,385,392,84.5,7
1097,5,387,392,84.5,5
1200,2,390,392,84.5,2
1009,7,386,393,84.5,7
1246,6,388,394,84.5,6
1234,4,390,394,84.5,4
1108,2,392,394,84.5,2
1203,2,392,394,84.5,2
1240,1,394,395,84.5,1
1530,8,388,396,84.5,8
1038,8,388,396,84.5,8
981,8,389,397,84.5,8
1288,8,389,397,84.5,8
1647,8,389,397,84.5,8
1150,7,390,397,84.5,7
1310,7,390,397,84.5,7
1258,2,395,397,84.5,2
1303,9,389,398,84.5,9
1021,5,393,398,84.5,5
1248,4,394,398,84.5,4
1239,4,394,398,84.5,4
1067,2,396,398,84.5,2
1296,1,397,398,84.5,1
844,8,391,399,84.5,8
1120,5,394,399,84.5,5
1056,8,392,400,84.5,8
1252,2,398,400,84.5,2
1298,2,398,400,84.5,2
993,4,397,401,84.5,4
1320,3,398,401,84.5,3
1249,3,398,401,84.5,3
848,2,399,401,84.5,2
1552,6,396,402,84.5,6
1326,5,397,402,84.5,5
1069,4,398,402,84.5,4
1343,1,401,402,84.5,1
1074,5,398,403,84.5,5
1121,4,399,403,84.5,4
1061,3,400,403,84.5,3
1070,1,402,403,84.5,1
1272,7,397,404,84.5,7
858,3,401,404,84.5,3
1566,2,402,404,84.5,2
1655,8,397,405,84.5,8
1156,9,397,406,84.5,9
1132,3,403,406,84.5,3
1073,3,403,406,84.5,3
1253,7,400,407,84.5,7
1255,7,401,408,84.5,7
1076,5,403,408,84.5,5
1324,4,404,408,84.5,4
1577,4,404,408,84.5,4
1302,9,400,409,84.5,9
1346,7,402,409,84.5,7
1000,9,401,410,84.5,9
1330,8,402,410,84.5,8
1092,7,403,410,84.5,7
881,6,404,410,84.5,6
1359,1,409,410,84.5,1
1128,3,408,411,84.5,3
885,1,410,411,84.5,1
1167,7,406,413,84.5,7
1175,7,406,413,84.5,7
1262,6,407,413,84.5,6
1344,5,408,413,84.5,5
1590,5,408,413,84.5,5
888,2,411,413,84.5,2
1673,9,405,414,84.5,9
1134,3,411,414,84.5,3
892,1,413,414,84.5,1
1086,9,406,415,84.5,9
1337,5,410,415,84.5,5
1256,8,408,416,84.5,8
1305,7,409,416,84.5,7
1365,6,410,416,84.5,6
1270,3,413,416,84.5,3
1347,1,415,416,84.5,1
1170,4,413,417,84.5,4
946,3,414,417,84.5,3
1328,1,416,417,84.5,1
1136,8,410,418,84.5,8
1597,5,413,418,84.5,5
1138,4,414,418,84.5,4
1351,2,416,418,84.5,2
1001,9,410,419,84.5,9
1198,2,417,419,84.5,2
1195,7,413,420,84.5,7
1281,4,416,420,84.5,4
1145,2,418,420,84.5,2
1735,7,414,421,84.5,7
1090,6,415,421,84.5,6
1227,1,420,421,84.5,1
1348,9,413,422,84.5,9
1267,6,416,422,84.5,6
1375,6,416,422,84.5,6
1368,5,417,422,84.5,5
1357,4,418,422,84.5,4
1168,3,420,423,84.5,3
1381,1,422,423,84.5,1
1139,6,418,424,84.5,6
1641,6,418,424,84.5,6
1294,4,420,424,84.5,4
1406,1,423,424,84.5,1
955,8,417,425,84.5,8
1013,6,419,425,84.5,6
1238,4,421,425,84.5,4
1235,7,419,426,84.5,7
1102,5,421,426,84.5,5
1652,2,424,426,84.5,2
1761,6,421,427,84.5,6
1379,5,422,427,84.5,5
1277,6,422,428,84.5,6
1169,4,424,428,84.5,4
1414,4,424,428,84.5,4
1309,5,424,429,84.5,5
1190,7,423,430,84.5,7
989,5,425,430,84.5,5
1241,4,426,430,84.5,4
1763,3,427,430,84.5,3
1385,3,427,430,84.5,3
1316,1,429,430,84.5,1
1349,9,422,431,84.5,9
1374,9,422,431,84.5,9
1242,6,425,431,84.5,6
1289,3,428,431,84.5,3
1173,3,428,431,84.5,3
1025,7,425,432,84.5,7
1127,7,426,433,84.5,7
1424,6,428,434,84.5,6
1390,4,430,434,84.5,4
1306,3,431,434,84.5,3
1653,9,426,435,84.5,9
1361,4,431,435,84.5,4
1392,4,431,435,84.5,4
1285,4,431,435,84.5,4
1176,4,431,435,84.5,4
1051,3,432,435,84.5,3
1193,6,430,436,84.5,6
1243,6,430,436,84.5,6
1776,6,430,436,84.5,6
1319,2,434,436,84.5,2
995,7,430,437,84.5,7
1363,2,435,437,84.5,2
1063,2,435,437,84.5,2
1331,2,436,438,84.5,2
1317,9,430,439,84.5,9
1427,5,434,439,84.5,5
1786,3,436,439,84.5,3
1291,5,435,440,84.5,5
1423,7,434,441,84.5,7
1284,5,436,441,84.5,5
1129,9,433,442,84.5,9
1399,7,435,442,84.5,7
1183,7,435,442,84.5,7
1002,5,437,442,84.5,5
1336,3,439,442,84.5,3
1800,3,439,442,84.5,3
1292,2,440,442,84.5,2
1658,8,435,443,84.5,8
1435,2,441,443,84.5,2
1299,2,441,443,84.5,2
1353,1,442,443,84.5,1
1301,1,442,443,84.5,1
1212,8,436,444,84.5,8
1364,7,437,444,84.5,7
1409,2,442,444,84.5,2
1064,8,437,445,84.5,8
1208,3,442,445,84.5,3
1444,2,443,445,84.5,2
1411,1,444,445,84.5,1
1448,7,439,446,84.5,7
1221,1,445,446,84.5,1
1340,9,438,447,84.5,9
1446,2,445,447,84.5,2
1005,6,442,448,84.5,6
1676,5,443,448,84.5,5
1455,2,446,448,84.5,2
1362,6,443,449,84.5,6
1312,6,443,449,84.5,6
1260,3,446,449,84.5,3
1677,1,448,449,84.5,1
1808,8,442,450,84.5,8
1314,7,443,450,84.5,7
1215,6,444,450,84.5,6
1369,6,444,450,84.5,6
1457,3,447,450,84.5,3
1022,2,448,450,84.5,2
1321,1,449,450,84.5,1
1140,9,442,451,84.5,9
1261,2,449,451,84.5,2
1065,7,445,452,84.5,7
1335,2,450,452,84.5,2
1721,4,449,453,84.5,4
1338,1,452,453,84.5,1
1415,9,445,454,84.5,9
1479,7,448,455,84.5,7
1373,6,449,455,84.5,6
1230,5,450,455,84.5,5
1730,2,453,455,84.5,2
1371,9,447,456,84.5,9
1143,5,451,456,84.5,5
1263,5,451,456,84.5,5
1024,7,450,457,84.5,7
1400,2,455,457,84.5,2
1825,8,450,458,84.5,8
1342,8,450,458,84.5,8
1091,6,452,458,84.5,6
1483,3,455,458,84.5,3
1413,1,457,458,84.5,1
1388,9,450,459,84.5,9
1469,9,450,459,84.5,9
1734,5,455,460,84.5,5
1380,4,456,460,84.5,4
1160,4,456,460,84.5,4
1480,1,459,460,84.5,1
1352,8,453,461,84.5,8
1419,7,454,461,84.5,7
1487,3,458,461,84.5,3
1231,7,455,462,84.5,7
1045,5,457,462,84.5,5
1842,4,458,462,84.5,4
1402,3,459,462,84.5,3
1355,5,458,463,84.5,5
1489,2,461,463,84.5,2
1264,8,456,464,84.5,8
1429,3,461,464,84.5,3
1275,2,462,464,84.5,2
1751,5,460,465,84.5,5
1401,5,460,465,84.5,5
1864,3,462,465,84.5,3
1421,3,462,465,84.5,3
1430,1,464,465,84.5,1
1094,8,458,466,84.5,8
1432,8,458,466,84.5,8
1358,5,461,466,84.5,5
1295,3,464,467,84.5,3
1366,1,466,467,84.5,1
1209,8,460,468,84.5,8
1537,8,460,468,84.5,8
1268,4,464,468,84.5,4
1046,9,462,471,84.5,9
1509,8,463,471,84.5,8
1096,5,466,471,84.5,5
1372,9,463,472,84.5,9
1759,7,465,472,84.5,7
1433,7,465,472,84.5,7
1551,4,468,472,84.5,4
1883,8,465,473,84.5,8
1428,8,465,473,84.5,8
1436,7,466,473,84.5,7
1777,1,472,473,84.5,1
1422,9,465,474,84.5,9
1386,7,467,474,84.5,7
1450,2,472,474,84.5,2
1322,8,467,475,84.5,8
1220,8,468,476,84.5,8
1892,3,473,476,84.5,3
1276,9,468,477,84.5,9
1141,7,471,478,84.5,7
1100,8,471,479,84.5,8
1515,8,471,479,84.5,8
1376,7,472,479,84.5,7
1462,6,473,479,84.5,6
1313,3,477,480,84.5,3
1520,1,479,480,84.5,1
1389,1,479,480,84.5,1
1571,9,472,481,84.5,9
1783,8,473,481,84.5,8
1403,7,474,481,84.5,7
1492,9,473,482,84.5,9
1452,8,474,482,84.5,8
1360,7,475,482,84.5,7
1467,9,474,483,84.5,9
1245,7,476,483,84.5,7
1579,2,481,483,84.5,2
1900,8,476,484,84.5,8
1147,6,478,484,84.5,6
1101,5,479,484,84.5,5
1497,1,483,484,84.5,1
1472,6,479,485,84.5,6
1470,4,481,485,84.5,4
1916,1,484,485,84.5,1
1162,1,484,485,84.5,1
1499,1,484,485,84.5,1
1494,4,482,486,84.5,4
1377,4,482,486,84.5,4
1619,3,483,486,84.5,3
1315,7,480,487,84.5,7
1529,7,480,487,84.5,7
1391,7,480,487,84.5,7
1944,2,485,487,84.5,2
1803,7,481,488,84.5,7
1188,3,485,488,84.5,3
1949,1,487,488,84.5,1
1383,3,486,489,84.5,3
1461,8,482,490,84.5,8
1632,4,486,490,84.5,4
1266,9,483,492,84.5,9
1114,8,484,492,84.5,8
1502,7,485,492,84.5,7
1398,5,487,492,84.5,5
1810,4,488,492,84.5,4
2036,4,488,492,84.5,4
1519,8,485,493,84.5,8
1504,8,485,493,84.5,8
1510,7,486,493,84.5,7
1534,6,487,493,84.5,6
1194,5,488,493,84.5,5
1466,3,490,493,84.5,3
1417,1,492,493,84.5,1
1425,5,489,494,84.5,5
1505,2,492,494,84.5,2
1533,1,493,494,84.5,1
1323,8,487,495,84.5,8
2049,3,492,495,84.5,3
1484,2,493,495,84.5,2
1271,4,492,496,84.5,4
1506,3,493,496,84.5,3
1522,3,493,496,84.5,3
1636,7,490,497,84.5,7
1133,5,492,497,84.5,5
1199,4,493,497,84.5,4
1561,1,496,497,84.5,1
1550,1,496,497,84.5,1
1868,6,492,498,84.5,6
1437,5,493,498,84.5,5
1154,1,497,498,84.5,1
1525,5,494,499,84.5,5
1885,1,498,499,84.5,1
1569,7,493,500,84.5,7
2053,5,495,500,84.5,5
1583,3,497,500,84.5,3
1213,4,497,501,84.5,4
1244,1,501,502,84.5,1
1439,9,494,503,84.5,9
1545,9,494,503,84.5,9
1356,8,495,503,84.5,8
2069,3,500,503,84.5,3
1516,9,495,504,84.5,9
1274,8,496,504,84.5,8
1443,6,498,504,84.5,6
1157,6,498,504,84.5,6
1919,5,499,504,84.5,5
1637,8,497,505,84.5,8
1560,8,497,505,84.5,8
1595,6,500,506,84.5,6
1404,3,503,506,84.5,3
1517,2,504,506,84.5,2
1572,7,500,507,84.5,7
1247,5,502,507,84.5,5
2075,4,503,507,84.5,4
1657,2,505,507,84.5,2
1518,1,506,507,84.5,1
1528,9,499,508,84.5,9
1559,5,503,508,84.5,5
2082,1,507,508,84.5,1
1449,6,503,509,84.5,6
1280,5,504,509,84.5,5
1161,5,504,509,84.5,5
1596,3,506,509,84.5,3
1431,3,506,509,84.5,3
1575,2,507,509,84.5,2
1934,6,504,510,84.5,6
1574,5,505,510,84.5,5
1536,3,507,510,84.5,3
2085,3,508,511,84.5,3
1584,2,509,511,84.5,2
1447,8,504,512,84.5,8
1663,5,507,512,84.5,5
1440,3,509,512,84.5,3
1585,2,510,512,84.5,2
1591,5,508,513,84.5,5
1300,4,509,513,84.5,4
1165,4,509,513,84.5,4
1477,5,509,514,84.5,5
1586,3,512,515,84.5,3
1598,2,513,515,84.5,2
1254,9,507,516,84.5,9
1605,7,509,516,84.5,7
1539,6,510,516,84.5,6
1592,5,511,516,84.5,5
1549,9,508,517,84.5,9
2087,6,511,517,84.5,6
1441,5,512,517,84.5,5
1464,6,512,518,84.5,6
1327,5,513,518,84.5,5
1486,4,514,518,84.5,4
1938,9,510,519,84.5,9
1672,7,512,519,84.5,7
1333,3,516,519,84.5,3
1554,2,517,519,84.5,2
1445,2,517,519,84.5,2
1210,8,513,521,84.5,8
1603,6,515,521,84.5,6
1339,2,519,521,84.5,2
1329,4,518,522,84.5,4
1488,4,518,522,84.5,4
1611,7,516,523,84.5,7
1556,7,516,523,84.5,7
1680,4,519,523,84.5,4
1454,4,519,523,84.5,4
1332,1,522,523,84.5,1
1601,9,515,524,84.5,9
1616,9,516,525,84.5,9
1567,6,519,525,84.5,6
1514,3,522,525,84.5,3
1463,2,523,525,84.5,2
2093,9,517,526,84.5,9
1941,7,519,526,84.5,7
1341,5,521,526,84.5,5
1683,3,523,526,84.5,3
1581,1,525,526,84.5,1
1474,9,518,527,84.5,9
1621,6,521,527,84.5,6
1523,3,525,528,84.5,3
2114,2,526,528,84.5,2
1684,2,526,528,84.5,2
1614,6,523,529,84.5,6
1475,4,525,529,84.5,4
1228,9,521,530,84.5,9
1478,1,529,530,84.5,1
1557,8,523,531,84.5,8
1334,8,523,531,84.5,8
1527,3,528,531,84.5,3
1694,3,528,531,84.5,3
1282,1,530,531,84.5,1
1608,8,524,532,84.5,8
1350,6,526,532,84.5,6
1283,1,531,532,84.5,1
1669,8,525,533,84.5,8
1963,7,526,533,84.5,7
1629,4,529,533,84.5,4
1481,3,530,533,84.5,3
1367,2,531,533,84.5,2
1594,9,526,535,84.5,9
1485,8,527,535,84.5,8
1640,8,527,535,84.5,8
1711,4,531,535,84.5,4
1674,2,533,535,84.4,2
1378,4,532,536,84.4,4
1287,4,532,536,84.4,4
1982,3,533,536,84.4,3
2115,9,528,537,84.4,9
1370,4,533,537,84.4,4
1717,2,535,537,84.4,2
1662,5,533,538,84.4,5
2127,1,537,538,84.4,1
1568,8,531,539,84.4,8
1512,4,535,539,84.4,4
1999,3,536,539,84.4,3
1720,2,537,539,84.4,2
1532,9,531,540,84.4,9
1628,9,532,541,84.4,9
1482,8,533,541,84.4,8
1394,5,536,541,84.4,5
2000,2,539,541,84.4,2
1670,7,535,542,84.4,7
1526,3,539,542,84.4,3
1490,1,541,542,84.4,1
1599,8,535,543,84.4,8
1668,5,538,543,84.4,5
2133,5,538,543,84.4,5
1678,1,542,543,84.4,1
1755,9,535,544,84.4,9
1311,8,536,544,84.4,8
1573,5,539,544,84.4,5
1722,5,539,544,84.4,5
1405,3,541,544,84.4,3
1602,1,543,544,84.4,1
1695,1,543,544,84.4,1
2056,4,541,545,84.4,4
1542,3,542,545,84.4,3
1531,3,542,545,84.4,3
1382,9,537,546,84.4,9
1543,6,540,546,84.4,6
1630,6,541,547,84.4,6
1607,3,544,547,84.4,3
1535,2,545,547,84.4,2
1606,4,544,548,84.4,4
1546,3,545,548,84.4,3
2136,6,543,549,84.4,6
1737,5,544,549,84.4,5
1697,5,544,549,84.4,5
1396,3,546,549,84.4,3
1609,3,547,550,84.4,3
2186,1,549,550,84.4,1
1679,8,543,551,84.4,8
2078,6,545,551,84.4,6
1553,5,546,551,84.4,5
1758,8,544,552,84.4,8
1345,8,544,552,84.4,8
1416,8,544,552,84.4,8
1418,1,552,553,84.4,1
1704,5,549,554,84.4,5
2226,4,550,554,84.4,4
2086,4,551,555,84.4,4
1555,4,551,555,84.4,4
1785,3,552,555,84.4,3
1644,9,547,556,84.4,9
1538,9,547,556,84.4,9
1563,8,548,556,84.4,8
1740,7,549,556,84.4,7
1420,7,549,556,84.4,7
1633,6,550,556,84.4,6
1696,5,551,556,84.4,5
2228,2,554,556,84.4,2
1565,1,555,556,84.4,1
1610,9,548,557,84.4,9
1631,1,556,557,84.4,1
1600,1,556,557,84.4,1
1354,7,552,559,84.4,7
1708,6,554,560,84.4,6
1804,5,555,560,84.4,5
1767,4,556,560,84.4,4
2249,4,556,560,84.4,4
1613,3,557,560,84.4,3
1703,5,556,561,84.4,5
1384,2,559,561,84.4,2
1471,9,553,562,84.4,9
1646,6,556,562,84.4,6
1706,6,556,562,84.4,6
1638,5,557,562,84.4,5
1625,5,557,562,84.4,5
1725,2,560,562,84.4,2
2100,8,555,563,84.4,8
1548,7,556,563,84.4,7
1649,1,562,563,84.4,1
1426,9,556,565,84.4,9
1623,5,560,565,84.4,5
1393,4,561,565,84.4,4
1659,2,563,565,84.4,2
2251,6,560,566,84.4,6
1656,4,562,566,84.4,4
1407,1,565,566,84.4,1
1690,1,565,566,84.4,1
1819,7,560,567,84.4,7
1727,7,561,568,84.4,7
1626,6,562,568,84.4,6
1643,3,565,568,84.4,3
2254,2,566,568,84.4,2
1774,9,560,569,84.4,9
1476,7,562,569,84.4,7
1732,8,562,570,84.4,8
1728,8,562,570,84.4,8
1408,4,566,570,84.4,4
1570,8,563,571,84.4,8
2304,3,568,571,84.4,3
1792,2,569,571,84.4,2
2126,9,563,572,84.4,9
1671,7,566,573,84.4,7
1822,6,567,573,84.4,6
1438,9,565,574,84.4,9
1700,8,566,574,84.4,8
1654,6,568,574,84.4,6
2305,3,571,574,84.4,3
1736,5,570,575,84.4,5
1588,4,571,575,84.4,4
1748,8,568,576,84.4,8
1645,8,568,576,84.4,8
1745,6,570,576,84.4,6
1410,6,570,576,84.4,6
1498,8,569,577,84.4,8
1820,6,571,577,84.4,6
1719,3,574,577,84.4,3
1760,1,576,577,84.4,1
2134,6,572,578,84.4,6
1756,2,576,578,84.4,2
1666,2,576,578,84.4,2
1709,6,573,579,84.4,6
1746,2,577,579,84.4,2
1660,6,574,580,84.4,6
1738,5,575,580,84.4,5
1604,5,575,580,84.5,5
1412,5,576,581,84.5,5
1831,4,577,581,84.5,4
1710,2,579,581,84.5,2
1743,1,580,581,84.5,1
1839,9,573,582,84.5,9
1465,8,574,582,84.5,8
2325,8,574,582,84.5,8
1757,4,578,582,84.5,4
1667,4,578,582,84.5,4
1540,6,577,583,84.5,6
1765,1,582,583,84.5,1
1768,7,577,584,84.5,7
1691,4,580,584,84.5,4
1832,3,581,584,84.5,3
1685,2,582,584,84.5,2
2140,7,578,585,84.5,7
1747,6,579,585,84.5,6
2326,3,582,585,84.5,3
1772,1,584,585,84.5,1
1861,4,582,586,84.5,4
1693,2,584,586,84.5,2
1723,6,581,587,84.5,6
1752,6,581,587,84.5,6
1787,4,583,587,84.5,4
1689,3,584,587,84.5,3
1612,8,580,588,84.5,8
1869,3,586,589,84.5,3
1453,9,581,590,84.5,9
2161,5,585,590,84.5,5
1664,2,588,590,84.5,2
1468,9,582,591,84.5,9
1578,8,583,591,84.5,8
2392,6,585,591,84.5,6
1766,5,586,591,84.5,5
1754,7,585,592,84.5,7
1789,5,587,592,84.5,5
1886,3,589,592,84.5,3
1458,2,590,592,84.5,2
1834,9,584,593,84.5,9
1784,8,585,593,84.5,8
1699,6,587,593,84.5,6
1742,7,587,594,84.5,7
1473,4,591,595,84.5,4
1582,4,591,595,84.5,4
1896,3,592,595,84.5,3
1799,9,587,596,84.5,9
1771,5,591,596,84.5,5
1807,4,592,596,84.5,4
1617,1,595,596,84.5,1
1501,5,592,597,84.5,5
2166,8,590,598,84.5,8
1836,5,593,598,84.5,5
1681,9,590,599,84.5,9
2393,8,591,599,84.5,8
1812,3,596,599,84.5,3
1809,8,592,600,84.5,8
1797,7,593,600,84.5,7
1702,7,593,600,84.5,7
1744,6,594,600,84.5,6
1899,5,595,600,84.5,5
1811,4,596,600,84.5,4
1507,3,597,600,84.5,3
1845,2,599,601,84.5,2
1857,1,600,601,84.5,1
1713,1,600,601,84.5,1
1782,6,596,602,84.5,6
2187,4,598,602,84.5,4
2397,4,599,603,84.5,4
1816,3,600,603,84.5,3
1715,2,601,603,84.5,2
1793,1,602,603,84.5,1
1493,9,595,604,84.5,9
1634,8,596,604,84.5,8
2196,2,602,604,84.5,2
1639,1,604,605,84.5,1
2206,1,604,605,84.5,1
1837,9,598,607,84.5,9
1827,7,600,607,84.5,7
1909,7,600,607,84.5,7
1511,7,600,607,84.5,7
1855,6,601,607,84.5,6
1682,9,599,608,84.5,9
1773,8,600,608,84.5,8
1893,7,601,608,84.5,7
1729,5,603,608,84.5,5
1911,2,607,609,84.5,2
1686,1,608,609,84.5,1
1901,1,608,609,84.5,1
1796,7,603,610,84.5,7
1587,3,607,610,84.5,3
1846,4,607,611,84.5,4
1866,4,607,611,84.5,4
1739,3,608,611,84.5,3
1926,2,609,611,84.5,2
2400,9,603,612,84.5,9
1835,9,603,612,84.5,9
1513,8,604,612,84.5,8
2209,7,605,612,84.5,7
1790,4,608,612,84.5,4
1798,2,610,612,84.5,2
1650,8,605,613,84.5,8
1618,3,610,613,84.5,3
1849,1,612,613,84.5,1
1828,7,607,614,84.5,7
1905,7,609,616,84.5,7
1882,5,611,616,84.5,5
1939,5,611,616,84.5,5
1795,4,612,616,84.5,4
1749,8,609,617,84.5,8
1843,3,614,617,84.5,3
1741,7,611,618,84.5,7
2220,6,612,618,84.5,6
1651,5,613,618,84.5,5
1859,5,613,618,84.5,5
1854,8,611,619,84.5,8
1801,3,616,619,84.5,3
2403,8,612,620,84.5,8
1813,8,612,620,84.5,8
1821,1,619,620,84.5,1
1521,9,612,621,84.5,9
1622,8,613,621,84.5,8
1775,4,617,621,84.5,4
1769,3,618,621,84.5,3
1888,2,619,621,84.5,2
1912,6,616,622,84.5,6
1778,1,621,622,84.5,1
1907,7,616,623,84.5,7
1940,7,616,623,84.5,7
2241,5,618,623,84.5,5
1865,6,618,624,84.5,6
1624,3,621,624,84.5,3
1848,8,617,625,84.5,8
1661,8,618,626,84.5,8
2430,6,620,626,84.5,6
1945,5,621,626,84.5,5
1953,3,623,626,84.5,3
1818,7,620,627,84.5,7
1922,4,623,627,84.5,4
1853,8,620,628,84.5,8
1794,7,621,628,84.5,7
1935,6,622,628,84.5,6
1779,6,622,628,84.5,6
1627,4,624,628,84.5,4
1665,2,626,628,84.5,2
2453,2,626,628,84.5,2
1960,2,626,628,84.5,2
1541,8,621,629,84.5,8
1871,5,624,629,84.5,5
1863,1,628,629,84.5,1
2505,1,628,629,84.5,1
2298,7,623,630,84.5,7
1851,3,627,630,84.5,3
1852,6,625,631,84.5,6
1862,3,628,631,84.5,3
1936,5,627,632,84.5,5
1957,4,628,632,84.5,4
1877,3,629,632,84.5,3
1687,5,628,633,84.5,5
1544,4,629,633,84.5,4
1876,4,629,633,84.5,4
2518,4,629,633,84.5,4
2301,3,630,633,84.5,3
1946,8,626,634,84.5,8
1698,1,633,634,84.5,1
1562,1,633,634,84.5,1
1870,4,631,635,84.5,4
1973,1,634,635,84.5,1
2022,8,628,636,84.5,8
1964,4,632,636,84.5,4
1806,9,628,637,84.5,9
1688,9,628,637,84.5,9
1873,7,630,637,84.5,7
1894,5,632,637,84.5,5
1701,3,634,637,84.5,3
1874,7,631,638,84.5,7
1962,6,632,638,84.5,6
1891,3,635,638,84.5,3
1692,2,637,639,84.5,2
2309,7,633,640,84.5,7
1564,6,634,640,84.5,6
1875,2,638,640,84.5,2
1878,8,633,641,84.5,8
2531,8,633,641,84.5,8
2031,5,636,641,84.5,5
1983,6,636,642,84.5,6
1881,5,637,642,84.5,5
1920,5,637,642,84.5,5
1707,3,639,642,84.5,3
1951,1,641,642,84.5,1
1975,9,635,644,84.5,9
1814,7,637,644,84.5,7
1903,6,638,644,84.5,6
2318,4,640,644,84.5,4
1580,4,640,644,84.5,4
2003,3,642,645,84.5,3
1995,1,644,645,84.5,1
1705,9,637,646,84.5,9
1969,9,638,647,84.5,9
2539,6,641,647,84.5,6
1815,3,644,647,84.5,3
1884,9,640,649,84.5,9
2057,8,641,649,84.5,8
2007,4,645,649,84.5,4
1823,2,647,649,84.5,2
1968,8,642,650,84.5,8
1733,4,646,650,84.5,4
1972,3,647,650,84.5,3
1889,9,642,651,84.5,9
1932,9,642,651,84.5,9
1712,9,642,651,84.5,9
1977,1,650,651,84.5,1
1917,8,644,652,84.5,8
2321,8,644,652,84.5,8
1589,8,644,652,84.5,8
2019,7,645,652,84.5,7
1890,3,649,652,84.5,3
1930,1,651,652,84.5,1
1714,1,651,652,84.5,1
2557,7,647,654,84.5,7
1716,2,652,654,84.5,2
2063,4,651,655,84.5,4
2020,3,652,655,84.5,3
2033,7,649,656,84.5,7
1750,6,650,656,84.5,6
1925,4,652,656,84.5,4
1918,4,652,656,84.5,4
1942,4,652,656,84.5,4
2037,1,655,656,84.5,1
2062,8,649,657,84.5,8
2329,5,652,657,84.5,5
1593,5,652,657,84.5,5
2561,3,654,657,84.5,3
1724,3,654,657,84.5,3
1948,1,656,657,84.5,1
2044,1,656,657,84.5,1
1850,9,649,658,84.5,9
1970,8,650,658,84.5,8
1954,8,651,659,84.5,8
2068,4,655,659,84.5,4
2360,2,657,659,84.5,2
2562,3,657,660,84.5,3
1965,3,657,660,84.5,3
1762,5,656,661,84.5,5
1927,5,656,661,84.5,5
2067,5,657,662,84.5,5
1635,5,657,662,84.5,5
2077,3,659,662,84.5,3
2565,3,660,663,84.5,3
1642,1,662,663,84.5,1
2381,5,659,664,84.5,5
1764,3,661,664,84.5,3
2088,2,662,664,84.5,2
2061,9,656,665,84.5,9
1967,9,656,665,84.5,9
1726,8,657,665,84.5,8
2052,8,657,665,84.5,8
1974,6,659,665,84.5,6
1931,4,661,665,84.5,4
2101,4,662,666,84.5,4
1770,2,664,666,84.5,2
1867,9,658,667,84.5,9
1976,9,658,667,84.5,9
1971,7,660,667,84.5,7
1802,2,665,667,84.5,2
2124,1,666,667,84.5,1
2445,4,664,668,84.5,4
2147,4,664,668,84.5,4
1994,1,667,668,84.5,1
1648,6,663,669,84.5,6
1978,4,665,669,84.5,4
1780,3,666,669,84.5,3
1997,3,667,670,84.5,3
2064,6,665,671,84.5,6
2054,6,665,671,84.5,6
2150,3,668,671,84.5,3
2001,1,670,671,84.5,1
2566,9,663,672,84.5,9
1979,7,665,672,84.5,7
1887,5,667,672,84.5,5
1830,5,667,672,84.5,5
1986,3,669,672,84.5,3
1781,3,669,672,84.5,3
2152,1,671,672,84.5,1
1937,8,665,673,84.5,8
2447,5,668,673,84.5,5
2012,5,668,673,84.5,5
1675,4,669,673,84.5,4
2059,2,671,673,84.5,2
2177,1,672,673,84.5,1
2576,2,672,674,84.5,2
2015,1,673,674,84.5,1
2156,8,667,675,84.5,8
2073,4,671,675,84.5,4
2006,4,671,675,84.5,4
1895,3,672,675,84.5,3
1987,3,672,675,84.5,3
2065,2,673,675,84.5,2
1844,4,672,676,84.5,4
1980,5,672,677,84.5,5
2027,3,674,677,84.5,3
1872,1,676,677,84.5,1
2476,5,673,678,84.5,5
1718,5,673,678,84.5,5
2587,4,674,678,84.5,4
2210,3,675,678,84.5,3
1950,6,673,679,84.5,6
2203,6,673,679,84.5,6
2034,4,675,679,84.5,4
2011,2,677,679,84.5,2
2597,1,678,679,84.5,1
1788,8,672,680,84.5,8
2043,1,679,680,84.5,1
2048,1,680,681,84.5,1
1897,7,675,682,84.5,7
1992,7,675,682,84.5,7
1989,3,679,682,84.5,3
2026,3,679,682,84.5,3
2050,1,681,682,84.5,1
2108,8,675,683,84.5,8
1731,5,678,683,84.5,5
2081,9,675,684,84.5,9
2227,6,678,684,84.5,6
1753,1,683,684,84.5,1
2484,7,678,685,84.5,7
2252,6,679,685,84.5,6
2002,3,682,685,84.5,3
2030,3,682,685,84.5,3
2029,9,677,686,84.5,9
1913,9,677,686,84.5,9
2648,7,679,686,84.5,7
1791,6,680,686,84.5,6
2095,2,684,686,84.5,2
1898,5,682,687,84.5,5
1921,1,686,687,84.5,1
2153,5,683,688,84.5,5
1824,5,684,689,84.5,5
2009,4,685,689,84.5,4
1902,2,687,689,84.5,2
1990,8,682,690,84.5,8
2042,5,685,690,84.5,5
2071,4,686,690,84.5,4
1826,1,689,690,84.5,1
2055,9,682,691,84.5,9
2072,1,690,691,84.5,1
2324,7,685,692,84.5,7
2649,6,686,692,84.5,6
2230,9,684,693,84.5,9
1805,7,686,693,84.5,7
2102,3,690,693,84.5,3
1829,3,690,693,84.5,3
2486,9,685,694,84.5,9
2103,8,686,694,84.5,8
1929,7,687,694,84.5,7
2164,6,688,694,84.5,6
2014,5,689,694,84.5,5
1833,2,693,695,84.5,2
2107,1,694,695,84.5,1
2058,5,691,696,84.5,5
2650,4,692,696,84.5,4
1908,8,689,697,84.5,8
2080,6,691,697,84.5,6
1817,4,693,697,84.5,4
2111,2,695,697,84.5,2
2239,5,693,698,84.5,5
1993,9,690,699,84.5,9
2332,7,692,699,84.5,7
1952,5,694,699,84.5,5
2175,5,694,699,84.5,5
2017,5,694,699,84.5,5
1838,4,695,699,84.5,4
2712,3,696,699,84.5,3
1841,3,697,700,84.5,3
2130,4,697,701,84.5,4
2154,4,697,701,84.5,4
2035,2,699,701,84.5,2
2109,9,693,702,84.5,9
2352,3,699,702,84.5,3
1956,3,699,702,84.5,3
2135,1,701,702,84.5,1
2514,9,694,703,84.5,9
1914,6,697,703,84.5,6
2714,4,699,703,84.5,4
2158,2,701,703,84.5,2
2370,1,702,703,84.5,1
2094,8,696,704,84.5,8
2004,5,699,704,84.5,5
2143,3,702,705,84.5,3
2257,8,698,706,84.5,8
2516,3,703,706,84.5,3
2372,3,703,706,84.5,3
2181,8,699,707,84.5,8
1996,5,702,707,84.5,5
2532,1,706,707,84.5,1
1840,9,699,708,84.5,9
2039,7,701,708,84.5,7
1915,5,703,708,84.5,5
2159,5,703,708,84.5,5
1856,9,700,709,84.5,9
2021,5,704,709,84.5,5
2046,1,708,709,84.5,1
2123,8,702,710,84.5,8
1943,2,708,710,84.5,2
1858,2,709,711,84.5,2
2023,2,709,711,84.5,2
2717,9,703,712,84.5,9
2096,8,704,712,84.5,8
2119,3,709,712,84.5,3
2155,8,705,713,84.5,8
2377,7,706,713,84.5,7
2025,6,707,713,84.5,6
2259,8,706,714,84.5,8
2537,7,707,714,84.5,7
1847,6,708,714,84.5,6
2172,6,708,714,84.5,6
2079,3,711,714,84.5,3
2188,8,707,715,84.5,8
2091,1,714,715,84.5,1
2171,3,713,716,84.5,3
2032,3,713,716,84.5,3
1879,2,714,716,84.5,2
2128,7,710,717,84.5,7
1961,8,710,718,84.5,8
2122,6,712,718,84.5,6
2588,4,714,718,84.5,4
2176,4,714,718,84.5,4
1860,8,711,719,84.5,8
2729,7,712,719,84.5,7
2098,7,712,719,84.5,7
2174,3,716,719,84.5,3
1981,1,718,719,84.5,1
2383,7,713,720,84.5,7
2731,1,719,720,84.5,1
2129,3,718,721,84.5,3
2591,3,718,721,84.5,3
2047,6,716,722,84.5,6
2139,5,717,722,84.5,5
2190,3,719,722,84.5,3
2277,9,714,723,84.5,9
2191,8,715,723,84.5,8
1910,7,716,723,84.5,7
2185,5,718,723,84.5,5
2099,4,719,723,84.5,4
1985,4,719,723,84.5,4
2132,2,721,723,84.5,2
2626,2,721,723,84.5,2
2092,9,715,724,84.5,9
1880,5,719,724,84.5,5
1923,1,723,724,84.5,1
2105,1,723,724,84.5,1
1988,1,723,724,84.5,1
1904,1,724,725,84.5,1
2051,4,722,726,84.5,4
2199,4,722,726,84.5,4
2137,3,723,726,84.5,3
2213,4,723,727,84.5,4
2106,3,724,727,84.5,3
2060,1,726,727,84.5,1
2759,8,720,728,84.5,8
2149,6,722,728,84.5,6
2647,5,723,728,84.5,5
2387,9,720,729,84.5,9
1928,6,724,730,84.5,6
2219,4,726,730,84.5,4
2142,4,726,730,84.5,4
2284,8,723,731,84.5,8
2192,8,723,731,84.5,8
2097,7,724,731,84.5,7
1906,6,725,731,84.5,6
1947,1,730,731,84.5,1
1991,8,724,732,84.5,8
2144,5,727,732,84.5,5
1924,2,731,733,84.5,2
2218,8,727,735,84.5,8
2760,7,728,735,84.5,7
2669,7,728,735,84.5,7
2245,5,730,735,84.5,5
2066,9,727,736,84.5,9
2180,8,728,736,84.5,8
1955,5,731,736,84.5,5
2399,8,729,737,84.5,8
2146,7,730,737,84.5,7
2157,6,732,738,84.5,6
1933,5,733,738,84.5,5
2234,3,735,738,84.5,3
2198,2,736,738,84.5,2
1998,2,736,738,84.5,2
2116,8,731,739,84.5,8
2303,9,731,740,84.5,9
2216,9,731,740,84.5,9
2008,8,732,740,84.5,8
2104,4,736,740,84.5,4
2777,6,735,741,84.5,6
2678,6,735,741,84.5,6
2246,6,735,741,84.5,6
2412,4,737,741,84.5,4
2148,4,737,741,84.5,4
2120,2,739,741,84.5,2
2070,1,740,741,84.5,1
2413,1,741,742,84.5,1
2074,1,741,742,84.5,1
2289,2,741,743,84.5,2
2165,2,741,743,84.5,2
2193,6,738,744,84.5,6
2005,7,738,745,84.5,7
1958,8,738,746,84.5,8
2275,8,738,746,84.5,8
2200,8,738,746,84.5,8
2728,5,741,746,84.5,5
2431,4,742,746,84.5,4
2089,4,742,746,84.5,4
2786,6,741,747,84.5,6
2163,6,741,747,84.5,6
2232,8,740,748,84.5,8
2118,8,740,748,84.5,8
2314,9,740,749,84.5,9
2281,3,746,749,84.5,3
2300,7,743,750,84.5,7
2167,7,743,750,84.5,7
1959,4,746,750,84.5,4
2439,4,746,750,84.5,4
2224,7,744,751,84.5,7
2010,6,745,751,84.5,6
2169,4,747,751,84.5,4
2306,1,750,751,84.5,1
1966,1,750,751,84.5,1
2207,6,746,752,84.5,6
2121,4,748,752,84.5,4
2295,3,749,752,84.5,3
1984,1,751,752,84.5,1
2160,7,746,753,84.5,7
2790,6,747,753,84.5,6
2182,3,750,753,84.5,3
2016,2,751,753,84.5,2
2179,2,751,753,84.5,2
2315,5,749,754,84.5,5
2307,2,752,754,84.5,2
2013,2,752,754,84.5,2
2018,1,753,754,84.5,1
2751,9,746,755,84.5,9
2138,3,752,755,84.5,3
2450,6,750,756,84.5,6
2248,5,751,756,84.5,5
2189,3,753,756,84.5,3
2235,9,748,757,84.5,9
2311,6,751,757,84.5,6
2334,3,754,757,84.5,3
2320,4,754,758,84.5,4
2024,4,754,758,84.5,4
2212,2,756,758,84.5,2
2231,7,752,759,84.5,7
2250,3,756,759,84.5,3
2338,4,757,761,84.5,4
2800,9,753,762,84.5,9
2184,9,753,762,84.5,9
2183,9,753,762,84.5,9
2028,8,754,762,84.5,8
2141,7,755,762,84.5,7
2757,8,755,763,84.5,8
2451,9,756,765,84.5,9
2261,8,757,765,84.5,8
2344,8,757,765,84.5,8
2040,8,758,766,84.5,8
2340,5,761,766,84.5,5
2345,1,765,766,84.5,1
2335,9,758,767,84.5,9
2221,9,758,767,84.5,9
2256,8,759,767,84.5,8
2038,5,762,767,84.5,5
2240,9,759,768,84.5,9
2215,6,762,768,84.5,6
2201,6,762,768,84.5,6
2151,6,762,768,84.5,6
2349,2,766,768,84.5,2
2818,7,762,769,84.5,7
2354,2,767,769,84.5,2
2781,7,763,770,84.5,7
2268,5,765,770,84.5,5
2076,3,767,770,84.5,3
2237,2,768,770,84.5,2
2041,5,766,771,84.5,5
2452,7,765,772,84.5,7
2379,6,766,772,84.5,6
2222,5,767,772,84.5,5
2168,4,768,772,84.5,4
2271,3,770,773,84.5,3
2084,4,770,774,84.5,4
2272,8,767,775,84.5,8
2253,7,768,775,84.5,7
2204,8,768,776,84.5,8
2353,8,768,776,84.5,8
2368,7,769,776,84.5,7
2788,6,770,776,84.5,6
2170,4,772,776,84.5,4
2276,4,773,777,84.5,4
2282,2,775,777,84.5,2
2852,9,769,778,84.5,9
2382,6,772,778,84.5,6
2297,1,777,778,84.5,1
2243,9,770,779,84.5,9
2045,8,771,779,84.5,8
2229,7,772,779,84.5,7
2211,3,776,779,84.5,3
2811,3,776,779,84.5,3
2461,8,772,780,84.5,8
2090,6,774,780,84.5,6
2373,4,776,780,84.5,4
2236,1,779,780,84.5,1
2361,5,776,781,84.5,5
2197,5,776,781,84.5,5
2469,1,780,781,84.5,1
2265,7,775,782,84.5,7
2417,4,778,782,84.5,4
2255,3,779,782,84.5,3
2411,3,780,783,84.5,3
2283,7,777,784,84.5,7
2110,4,780,784,84.5,4
2269,4,780,784,84.5,4
2310,7,778,785,84.5,7
2202,4,781,785,84.5,4
2113,1,784,785,84.5,1
2855,8,778,786,84.5,8
2826,7,779,786,84.5,7
2131,1,785,786,84.5,1
2083,8,779,787,84.5,8
2494,6,781,787,84.5,6
2260,5,782,787,84.5,5
2435,4,783,787,84.5,4
2225,9,779,788,84.5,9
2428,6,782,788,84.5,6
2319,3,785,788,84.5,3
2263,2,787,789,84.5,2
2369,9,781,790,84.5,9
2214,5,785,790,84.5,5
2432,2,788,790,84.5,2
2266,9,782,791,84.5,9
2287,7,784,791,84.5,7
2847,5,786,791,84.5,5
2112,4,787,791,84.5,4
2178,6,786,792,84.5,6
2499,5,787,792,84.5,5
2233,4,788,792,84.5,4
2290,9,784,793,84.5,9
2460,6,787,793,84.5,6
2267,4,789,793,84.5,4
2270,2,791,793,84.5,2
2328,2,791,793,84.5,2
2898,8,786,794,84.5,8
2330,6,788,794,84.5,6
2402,4,790,794,84.5,4
2274,1,793,794,84.5,1
2292,2,793,795,84.5,2
2278,1,794,795,84.5,1
2217,6,790,796,84.5,6
2851,5,791,796,84.5,5
2359,3,793,796,84.5,3
2404,2,794,796,84.5,2
2291,1,795,796,84.5,1
2242,5,792,797,84.5,5
2364,1,796,797,84.5,1
2436,8,790,798,84.5,8
2117,7,791,798,84.5,7
2195,6,792,798,84.5,6
2463,5,793,798,84.5,5
2384,1,797,798,84.5,1
2510,8,792,800,84.5,8
2288,7,793,800,84.5,7
2907,6,794,800,84.5,6
2293,6,795,801,84.5,6
2299,5,796,801,84.5,5
2444,6,796,802,84.5,6
2466,4,798,802,84.5,4
2347,9,794,803,84.5,9
2856,7,796,803,84.5,7
2205,5,798,803,84.5,5
2258,7,797,804,84.5,7
2294,3,801,804,84.5,3
2238,9,796,805,84.5,9
2388,7,798,805,84.5,7
2355,2,803,805,84.5,2
2480,8,798,806,84.5,8
2302,6,800,806,84.5,6
2390,1,805,806,84.5,1
2125,9,798,807,84.5,9
2264,3,804,807,84.5,3
2487,1,806,807,84.5,1
2910,8,800,808,84.5,8
2316,7,801,808,84.5,7
2490,6,802,808,84.5,6
2401,2,806,808,84.5,2
2540,9,800,809,84.5,9
2312,5,804,809,84.5,5
2457,8,802,810,84.5,8
2262,7,803,810,84.5,7
2331,4,806,810,84.5,4
2367,2,808,810,84.5,2
2513,2,808,810,84.5,2
2857,9,803,812,84.5,9
2280,5,807,812,84.5,5
2414,2,810,812,84.5,2
2336,8,805,813,84.5,8
2931,5,808,813,84.5,5
2423,5,808,813,84.5,5
2570,4,809,813,84.5,4
2333,3,810,813,84.5,3
2528,3,810,813,84.5,3
2870,1,812,813,84.5,1
2362,9,805,814,84.5,9
2426,2,812,814,84.5,2
2145,8,807,815,84.5,8
2504,8,807,815,84.5,8
2273,5,810,815,84.5,5
2322,7,809,816,84.5,7
2285,4,812,816,84.5,4
2932,4,813,817,84.5,4
2348,4,813,817,84.5,4
2462,8,810,818,84.5,8
2279,3,815,818,84.5,3
2286,2,816,818,84.5,2
2424,6,813,819,84.5,6
2455,5,814,819,84.5,5
2342,3,816,819,84.5,3
2578,7,813,820,84.5,7
2559,7,813,820,84.5,7
2944,3,817,820,84.5,3
2380,4,817,821,84.5,4
2343,9,813,822,84.5,9
2875,9,813,822,84.5,9
2366,8,814,822,84.5,8
2162,7,815,822,84.5,7
2296,4,818,822,84.5,4
2389,1,821,822,84.5,1
2520,8,815,823,84.5,8
2173,1,822,823,84.5,1
2483,6,818,824,84.5,6
2308,6,818,824,84.5,6
2475,5,819,824,84.5,5
2878,3,822,825,84.5,3
2474,7,819,826,84.5,7
2376,7,819,826,84.5,7
2581,6,820,826,84.5,6
2492,2,824,826,84.5,2
2956,7,820,827,84.5,7
2572,8,820,828,84.5,8
2358,6,822,828,84.5,6
2419,6,822,828,84.5,6
2327,6,822,828,84.5,6
2394,6,822,828,84.5,6
2194,5,823,828,84.5,5
2507,4,824,828,84.5,4
2391,2,826,828,84.5,2
2602,3,826,829,84.5,3
2350,1,828,829,84.5,1
2553,7,823,830,84.5,7
2506,4,826,830,84.5,4
2902,6,825,831,84.5,6
2970,4,827,831,84.5,4
2586,3,828,831,84.5,3
2351,2,829,831,84.5,2
2337,8,824,832,84.5,8
2477,7,826,833,84.5,7
2374,5,828,833,84.5,5
2975,2,831,833,84.5,2
2395,6,828,834,84.5,6
2617,5,829,834,84.5,5
2356,4,831,835,84.5,4
2479,2,833,835,84.5,2
2421,8,828,836,84.5,8
2927,5,831,836,84.5,5
2208,9,828,837,84.5,9
2530,9,828,837,84.5,9
2406,9,828,837,84.5,9
2595,6,831,837,84.5,6
2375,4,833,837,84.5,4
2604,8,830,838,84.5,8
2509,9,830,839,84.5,9
2339,7,832,839,84.5,7
2223,2,837,839,84.5,2
2986,7,833,840,84.5,7
2493,5,835,840,84.5,5
2429,4,836,840,84.5,4
2607,2,838,840,84.5,2
2396,7,834,841,84.5,7
2622,7,834,841,84.5,7
2512,2,839,841,84.5,2
2556,5,837,842,84.5,5
2410,5,837,842,84.5,5
2371,3,839,842,84.5,3
2244,3,839,842,84.5,3
2434,2,840,842,84.5,2
2526,1,841,842,84.5,1
2357,8,835,843,84.5,8
2542,4,840,844,84.5,4
2614,4,840,844,84.5,4
2629,3,841,844,84.5,3
2378,2,842,844,84.5,2
2933,9,836,845,84.5,9
2600,8,837,845,84.5,8
2533,3,842,845,84.5,3
2363,2,843,845,84.5,2
2415,9,837,846,84.5,9
2448,6,842,848,84.5,6
2656,4,844,848,84.5,4
3007,9,840,849,84.5,9
2409,8,841,849,84.5,8
2611,7,842,849,84.5,7
2941,4,845,849,84.5,4
2418,8,842,850,84.5,8
2545,5,845,850,84.5,5
2247,9,842,851,84.5,9
2552,7,844,851,84.5,7
2385,7,844,851,84.5,7
2446,2,849,851,84.5,2
2422,1,850,851,84.5,1
2630,8,844,852,84.5,8
2546,2,850,852,84.5,2
2386,8,845,853,84.5,8
2420,7,846,853,84.5,7
2606,9,845,854,84.5,9
3026,5,849,854,84.5,5
2405,3,851,854,84.5,3
2398,1,853,854,84.5,1
2953,6,849,855,84.5,6
2427,4,851,855,84.5,4
3045,1,854,855,84.5,1
2456,9,848,857,84.5,9
2661,9,848,857,84.5,9
2313,6,851,857,84.5,6
2644,5,852,857,84.5,5
2610,3,854,857,84.5,3
2637,9,849,858,84.5,9
2467,7,851,858,84.5,7
2425,5,853,858,84.5,5
2960,4,855,859,84.5,4
2638,1,858,859,84.5,1
2554,9,851,860,84.5,9
2582,8,852,860,84.5,8
2438,6,854,860,84.5,6
2660,3,857,860,84.5,3
2442,2,858,860,84.5,2
2473,4,857,861,84.5,4
3009,2,859,861,84.5,2
2574,1,860,861,84.5,1
2317,5,857,862,84.5,5
2449,9,854,863,84.5,9
3067,8,855,863,84.5,8
2580,2,861,863,84.5,2
2440,9,855,864,84.5,9
2707,5,860,865,84.5,5
2443,5,860,865,84.5,5
2677,9,857,866,84.5,9
2619,9,857,866,84.5,9
3071,3,863,866,84.5,3
2732,1,865,866,84.5,1
2496,9,858,867,84.5,9
2655,8,859,867,84.5,8
2584,7,860,867,84.5,7
2458,4,863,867,84.5,4
2482,7,861,868,84.5,7
2618,5,863,868,84.5,5
2441,4,864,868,84.5,4
2679,1,867,868,84.5,1
2468,9,860,869,84.5,9
2323,7,862,869,84.5,7
2459,4,865,869,84.5,4
2603,2,867,869,84.5,2
2498,1,868,869,84.5,1
2657,1,868,869,84.5,1
3022,9,861,870,84.5,9
2465,3,867,870,84.5,3
2620,1,869,870,84.5,1
2623,5,866,871,84.5,5
2502,4,867,871,84.5,4
2705,2,869,871,84.5,2
3083,6,866,872,84.5,6
2454,4,868,872,84.5,4
2472,2,870,872,84.5,2
2511,1,871,872,84.5,1
2735,7,866,873,84.5,7
2341,4,869,873,84.5,4
2488,4,869,873,84.5,4
2691,6,868,874,84.5,6
3025,4,870,874,84.5,4
2627,4,870,874,84.5,4
2633,3,871,874,84.5,3
2464,2,872,874,84.5,2
2698,9,866,875,84.5,9
2515,6,869,875,84.5,6
2489,3,872,875,84.5,3
2761,2,873,875,84.5,2
2346,2,873,875,84.5,2
3058,2,874,876,84.5,2
2471,2,874,876,84.5,2
3089,5,872,877,84.5,5
2692,3,874,877,84.5,3
2500,2,875,877,84.5,2
2771,2,875,877,84.5,2
2470,9,869,878,84.5,9
2722,8,871,879,84.5,8
2758,1,879,880,84.5,1
2541,9,872,881,84.5,9
2497,9,873,882,84.5,9
2651,8,874,882,84.5,8
2634,9,874,883,84.5,9
2522,8,875,883,84.5,8
2365,8,875,883,84.5,8
2763,3,880,883,84.5,3
2716,9,875,884,84.5,9
3062,8,876,884,84.5,8
2550,1,883,884,84.5,1
2485,9,876,885,84.5,9
3090,8,877,885,84.5,8
2697,8,877,885,84.5,8
2525,8,877,885,84.5,8
2543,4,881,885,84.5,4
2773,9,877,886,84.5,9
2478,8,878,886,84.5,8
2778,1,886,887,84.5,1
2654,5,883,888,84.5,5
3064,4,884,888,84.5,4
2792,1,887,888,84.5,1
2519,7,882,889,84.5,7
2718,5,884,889,84.5,5
2701,4,885,889,84.5,4
2663,8,882,890,84.5,8
2407,7,883,890,84.5,7
2568,6,884,890,84.5,6
2529,2,889,891,84.5,2
2720,2,889,891,84.5,2
2767,9,883,892,84.5,9
2670,2,890,892,84.5,2
2555,8,885,893,84.5,8
2710,4,889,893,84.5,4
2408,3,890,893,84.5,3
2491,9,885,894,84.5,9
3092,9,885,894,84.5,9
2536,9,885,894,84.5,9
2495,8,886,894,84.5,8
2810,6,888,894,84.5,6
2721,3,891,894,84.5,3
2659,7,888,895,84.5,7
2815,1,894,895,84.5,1
2726,1,894,895,84.5,1
3097,8,888,896,84.5,8
2535,5,891,896,84.5,5
2573,2,894,896,84.5,2
2577,7,890,897,84.5,7
2780,5,892,897,84.5,5
2719,4,893,897,84.5,4
2593,1,896,897,84.5,1
2680,7,892,899,84.5,7
2666,4,895,899,84.5,4
3110,3,896,899,84.5,3
2575,7,893,900,84.5,7
3157,6,894,900,84.5,6
2823,5,895,900,84.5,5
2743,3,897,900,84.5,3
2416,8,893,901,84.5,8
2501,8,894,902,84.5,8
2508,8,894,902,84.5,8
2838,5,897,902,84.5,5
2776,2,900,902,84.5,2
2727,8,895,903,84.5,8
2594,6,897,903,84.5,6
2667,4,899,903,84.5,4
3117,4,899,903,84.5,4
2862,1,902,903,84.5,1
2779,1,902,903,84.5,1
2599,7,897,904,84.5,7
2549,9,896,905,84.5,9
2802,2,903,905,84.5,2
2830,6,900,906,84.5,6
2739,3,903,906,84.5,3
2703,8,899,907,84.5,8
2601,4,903,907,84.5,4
2433,7,901,908,84.5,7
2747,2,906,908,84.5,2
2589,9,900,909,84.5,9
3172,9,900,909,84.5,9
2517,7,902,909,84.5,7
2524,7,902,909,84.5,7
2863,6,903,909,84.5,6
2676,7,903,910,84.5,7
2809,5,905,910,84.5,5
2889,1,909,910,84.5,1
3122,9,903,912,84.5,9
2609,8,904,912,84.5,8
2631,5,907,912,84.5,5
2742,6,907,913,84.5,6
2892,3,910,913,84.5,3
2567,9,905,914,84.5,9
3197,5,909,914,84.5,5
2521,5,909,914,84.5,5
2858,9,906,915,84.5,9
2437,7,908,915,84.5,7
2756,7,908,915,84.5,7
2605,6,909,915,84.5,6
2681,5,910,915,84.5,5
2558,7,909,916,84.5,7
2624,4,912,916,84.5,4
2783,1,915,916,84.5,1
2730,1,915,916,84.5,1
2822,7,910,917,84.5,7
2579,4,914,918,84.5,4
2869,3,915,918,84.5,3
2834,1,917,918,84.5,1
3123,7,912,919,84.5,7
2641,4,915,919,84.5,4
2784,3,916,919,84.5,3
2853,1,918,919,84.5,1
2913,7,913,920,84.5,7
2671,9,912,921,84.5,9
3204,7,914,921,84.5,7
2481,6,915,921,84.5,6
2569,5,916,921,84.5,5
2745,5,916,921,84.5,5
2770,9,913,922,84.5,9
2534,8,914,922,84.5,8
3165,3,919,922,84.5,3
2596,1,921,922,84.5,1
2583,6,918,924,84.5,6
2503,3,921,924,84.5,3
2797,2,922,924,84.5,2
2673,9,916,925,84.5,9
2871,7,918,925,84.5,7
2645,6,919,925,84.5,6
2948,5,920,925,84.5,5
3206,4,921,925,84.5,4
2544,3,922,925,84.5,3
2674,5,921,926,84.5,5
2873,1,925,926,84.5,1
2803,8,919,927,84.5,8
2868,8,919,927,84.5,8
2612,3,924,927,84.5,3
2548,2,925,927,84.5,2
2615,6,922,928,84.5,6
2872,2,927,929,84.5,2
2764,9,921,930,84.5,9
3182,9,922,931,84.5,9
2805,7,924,931,84.5,7
2711,5,926,931,84.5,5
2625,3,928,931,84.5,3
2523,8,924,932,84.5,8
2682,7,925,932,84.5,7
2951,7,925,932,84.5,7
3245,7,925,932,84.5,7
2874,3,929,932,84.5,3
2813,3,930,933,84.5,3
2689,1,932,933,84.5,1
2971,1,932,933,84.5,1
2652,9,925,934,84.5,9
2900,8,926,934,84.5,8
2613,7,927,934,84.5,7
2527,2,932,934,84.5,2
2824,8,927,935,84.5,8
2636,4,931,935,84.5,4
3252,3,932,935,84.5,3
2675,1,934,935,84.5,1
2628,1,934,935,84.5,1
2551,9,927,936,84.5,9
2690,3,933,936,84.5,3
2917,2,934,936,84.5,2
3264,1,935,936,84.5,1
2891,5,932,937,84.5,5
2978,5,933,938,84.5,5
2635,3,935,938,84.5,3
2563,2,936,938,84.5,2
3195,8,931,939,84.5,8
2825,8,931,939,84.5,8
2817,6,933,939,84.5,6
2684,4,935,939,84.5,4
2992,1,938,939,84.5,1
2640,1,938,939,84.5,1
2748,9,931,940,84.5,9
2662,5,935,940,84.5,5
2969,5,936,941,84.5,5
2538,8,934,942,84.5,8
2840,7,935,942,84.5,7
3208,3,939,942,84.5,3
2664,2,940,942,84.5,2
2564,5,938,943,84.5,5
2839,5,939,944,84.5,5
2832,5,939,944,84.5,5
2706,9,936,945,84.5,9
3298,9,936,945,84.5,9
2897,8,937,945,84.5,8
2686,6,939,945,84.5,6
2994,6,939,945,84.5,6
2547,3,942,945,84.5,3
2991,5,941,946,84.5,5
2841,4,942,946,84.5,4
2643,8,939,947,84.5,8
2749,7,940,947,84.5,7
2842,3,944,947,84.5,3
3301,2,945,947,84.5,2
2843,2,946,948,84.5,2
2765,1,947,948,84.5,1
2685,7,942,949,84.5,7
3005,4,945,949,84.5,4
2571,7,943,950,84.5,7
2833,6,944,950,84.5,6
2708,5,945,950,84.5,5
2653,3,947,950,84.5,3
2849,3,947,950,84.5,3
3327,3,947,950,84.5,3
3216,9,942,951,84.5,9
3018,5,946,951,84.5,5
2854,1,950,951,84.5,1
2879,1,950,951,84.5,1
2560,7,945,952,84.4,7
2844,4,948,952,84.4,4
2876,1,951,952,84.4,1
2905,8,945,953,84.4,8
2715,4,949,953,84.4,4
2694,9,945,954,84.3,9
3065,5,949,954,84.3,5
2658,5,950,955,84.3,5
3220,4,951,955,84.3,4
2896,4,951,955,84.3,4
3028,5,951,956,84.3,5
2890,4,952,956,84.2,4
3240,1,955,956,84.2,1
2769,9,948,957,84.2,9
3328,7,950,957,84.2,7
2723,4,953,957,84.2,4
2895,1,956,957,84.2,1
2585,8,950,958,84.2,8
2737,8,950,958,84.2,8
2592,6,952,958,84.2,6
2883,7,952,959,84.1,7
2915,7,953,960,84.1,7
3042,4,956,960,84.1,4
2709,7,954,961,84.1,7
2665,6,955,961,84.1,6
2782,4,957,961,84.1,4
2616,3,958,961,84.1,3
3066,8,954,962,84.1,8
2909,7,955,962,84.1,7
3359,5,957,962,84.1,5
2928,2,960,962,84.1,2
2972,1,962,963,84.1,1
2893,5,959,964,84.0,5
3250,9,956,965,84.0,9
2899,8,957,965,84.0,8
2914,3,962,965,84.0,3
2733,9,957,966,84.0,9
2590,8,958,966,84.0,8
2740,8,958,966,84.0,8
2919,1,965,966,84.0,1
3047,7,960,967,84.0,7
2687,6,961,967,83.9,6
2918,2,965,967,83.9,2
2930,1,966,967,83.9,1
3057,1,967,968,83.9,1
2736,8,961,969,83.9,8
2621,8,961,969,83.9,8
3269,4,965,969,83.9,4
2785,9,961,970,83.9,9
3082,8,962,970,83.9,8
2990,7,963,970,83.9,7
2908,6,964,970,83.9,6
2804,4,966,970,83.9,4
2934,3,967,970,83.9,3
3273,1,969,970,83.9,1
3372,9,962,971,83.9,9
3016,1,970,971,83.9,1
2695,5,967,972,83.9,5
2798,2,970,972,83.9,2
2943,2,970,972,83.9,2
3373,1,971,972,83.8,1
2632,4,969,973,83.8,4
2980,1,972,973,83.8,1
2598,8,966,974,83.8,8
2925,4,970,974,83.8,4
2738,9,966,975,83.8,9
2947,8,967,975,83.8,8
2700,3,972,975,83.8,3
3105,6,970,976,83.8,6
3276,6,970,976,83.8,6
2642,3,973,976,83.8,3
3069,9,968,977,83.8,9
2753,8,969,977,83.8,8
3396,5,972,977,83.8,5
2750,2,975,977,83.8,2
2724,2,975,977,83.8,2
2829,8,970,978,83.8,8
3277,2,976,978,83.7,2
3024,8,971,979,83.7,8
2939,5,974,979,83.7,5
3279,1,978,979,83.7,1
2806,8,972,980,83.7,8
3109,4,976,980,83.7,4
3073,3,977,980,83.7,3
3400,3,977,980,83.7,3
2982,8,973,981,83.7,8
2963,6,975,981,83.7,6
2646,5,976,981,83.7,5
2831,3,978,981,83.7,3
2608,8,974,982,83.7,8
2946,4,979,983,83.7,4
2639,1,982,983,83.7,1
2774,7,977,984,83.7,7
2734,7,977,984,83.7,7
3031,5,979,984,83.7,5
2683,3,981,984,83.6,3
2835,3,981,984,83.6,3
2952,1,983,984,83.6,1
2836,5,980,985,83.6,5
3116,5,980,985,83.6,5
2787,9,977,986,83.6,9
3087,6,980,986,83.6,6
3000,5,981,986,83.6,5
2965,5,981,986,83.6,5
2775,2,984,986,83.6,2
3281,8,979,987,83.6,8
2959,3,984,987,83.6,3
3412,8,980,988,83.6,8
2668,5,983,988,83.6,5
2746,4,984,988,83.6,4
2693,4,984,988,83.6,4
3096,3,986,989,83.5,3
2696,1,988,989,83.5,1
2789,4,986,990,83.5,4
3006,4,986,990,83.5,4
3296,3,987,990,83.5,3
2964,3,987,990,83.5,3
2754,2,988,990,83.5,2
2837,7,984,991,83.5,7
2989,5,986,991,83.5,5
2791,5,986,991,83.5,5
3421,3,988,991,83.5,3
2795,1,990,991,83.5,1
2755,1,990,991,83.5,1
3012,2,990,992,83.5,2
2998,1,991,992,83.5,1
3078,9,984,993,83.5,9
2861,8,985,993,83.5,8
3355,3,990,993,83.4,3
2850,2,991,993,83.4,2
2812,2,991,993,83.4,2
3021,1,992,993,83.4,1
3001,1,992,993,83.4,1
3128,9,985,994,83.4,9
2672,6,988,994,83.4,6
2864,2,993,995,83.4,2
3441,5,991,996,83.4,5
2814,3,993,996,83.4,3
3099,8,989,997,83.4,8
2988,7,990,997,83.4,7
2799,6,991,997,83.4,6
2688,3,994,997,83.4,3
2702,9,989,998,83.4,9
3167,5,994,999,83.4,5
3112,2,997,999,83.4,2
2704,1,998,999,83.4,1
2762,9,991,1000,83.3,9
3037,7,993,1000,83.3,7
3460,4,996,1000,83.3,4
2993,3,997,1000,83.3,3
2884,8,993,1001,83.3,8
3019,8,993,1001,83.3,8
2741,2,999,1001,83.3,2
3044,1,1000,1001,83.3,1
3084,9,993,1002,83.3,9
3375,9,993,1002,83.3,9
2880,7,995,1002,83.3,7
3115,3,999,1002,83.3,3
2827,7,996,1003,83.3,7
3192,4,999,1003,83.3,4
3461,3,1000,1003,83.3,3
2995,3,1000,1003,83.3,3
2845,7,997,1004,83.3,7
2699,7,997,1004,83.3,7
2999,2,1003,1005,83.2,2
3102,4,1002,1006,83.2,4
3472,3,1003,1006,83.2,3
2772,7,1000,1007,83.2,7
3119,5,1002,1007,83.2,5
2859,3,1004,1007,83.2,3
3486,1,1006,1007,83.2,1
3017,3,1005,1008,83.2,3
2885,8,1001,1009,83.2,8
2752,8,1001,1009,83.2,8
3054,8,1001,1009,83.2,8
3020,9,1001,1010,83.2,9
2922,8,1002,1010,83.2,8
2766,1,1009,1010,83.2,1
3376,9,1002,1011,83.2,9
2796,1,1010,1011,83.2,1
2860,9,1003,1012,83.2,9
3207,9,1003,1012,83.2,9
3027,4,1008,1012,83.1,4
2949,2,1010,1012,83.1,2
2820,1,1011,1012,83.1,1
2713,9,1004,1013,83.1,9
2888,6,1007,1013,83.1,6
3490,6,1007,1013,83.1,6
3209,1,1012,1013,83.1,1
3155,8,1006,1014,83.1,8
2794,7,1007,1014,83.1,7
3121,7,1007,1014,83.1,7
3492,1,1013,1014,83.1,1
3059,6,1009,1015,83.1,6
3381,4,1011,1015,83.1,4
3074,6,1010,1016,83.1,6
3079,4,1012,1016,83.1,4
2958,4,1012,1016,83.1,4
3139,2,1014,1016,83.1,2
2904,8,1009,1017,83.0,8
3170,1,1016,1017,83.0,1
2920,5,1013,1018,83.0,5
3088,2,1016,1018,83.0,2
3382,4,1015,1019,83.0,4
3080,4,1016,1020,83.0,4
2924,3,1017,1020,83.0,3
2867,9,1012,1021,83.0,9
2882,9,1012,1021,83.0,9
3211,8,1013,1021,83.0,8
2801,7,1014,1021,83.0,7
2967,5,1016,1021,83.0,5
3177,4,1017,1021,83.0,4
3386,2,1019,1021,83.0,2
2725,9,1013,1022,83.0,9
3227,8,1014,1022,83.0,8
2938,2,1020,1022,82.9,2
3543,9,1014,1023,82.9,9
3061,8,1015,1023,82.9,8
2807,2,1021,1023,82.9,2
2744,1,1022,1023,82.9,1
3213,3,1021,1024,82.9,3
3239,2,1022,1024,82.9,2
2808,1,1023,1024,82.9,1
2886,4,1021,1025,82.9,4
3388,4,1021,1025,82.9,4
3101,8,1018,1026,82.9,8
2977,5,1021,1026,82.9,5
3221,2,1024,1026,82.9,2
3420,1,1025,1026,82.9,1
2935,9,1018,1027,82.9,9
3085,7,1020,1027,82.9,7
2819,3,1024,1027,82.9,3
3446,1,1026,1027,82.9,1
2881,7,1021,1028,82.9,7
2901,3,1025,1028,82.8,3
3129,2,1026,1028,82.8,2
3217,8,1021,1029,82.8,8
2997,3,1026,1029,82.8,3
3100,2,1027,1029,82.8,2
2945,8,1022,1030,82.8,8
3106,7,1023,1030,82.8,7
2877,3,1027,1030,82.8,3
2894,1,1030,1031,82.8,1
3554,9,1023,1032,82.8,9
2768,9,1023,1032,82.8,9
3268,8,1024,1032,82.8,8
2955,5,1027,1032,82.8,5
3447,5,1027,1032,82.8,5
2916,4,1028,1032,82.8,4
3003,3,1029,1032,82.8,3
3285,7,1026,1033,82.7,7
2923,2,1031,1033,82.7,2
2906,6,1028,1034,82.7,6
3143,6,1028,1034,82.7,6
3233,5,1029,1034,82.7,5
3124,6,1029,1035,82.7,6
3297,1,1034,1035,82.7,1
3565,4,1032,1036,82.7,4
2981,4,1032,1036,82.7,4
3291,3,1033,1036,82.7,3
2793,5,1032,1037,82.7,5
3289,5,1032,1037,82.7,5
3010,5,1032,1037,82.7,5
2926,3,1034,1037,82.7,3
2957,8,1030,1038,82.7,8
3107,8,1030,1038,82.7,8
3294,2,1036,1038,82.7,2
2954,6,1033,1039,82.7,6
3581,3,1036,1039,82.6,3
3147,6,1034,1040,82.6,6
3309,5,1035,1040,82.6,5
3290,3,1037,1040,82.6,3
3183,2,1038,1040,82.6,2
3468,9,1032,1041,82.6,9
2940,9,1032,1041,82.6,9
2929,4,1037,1041,82.6,4
3132,7,1035,1042,82.6,7
3302,2,1040,1042,82.6,2
2942,2,1041,1043,82.6,2
2996,8,1036,1044,82.6,8
3030,7,1037,1044,82.6,7
2961,6,1038,1044,82.6,6
3601,5,1039,1044,82.6,5
3491,3,1041,1044,82.6,3
3308,2,1042,1044,82.6,2
2976,6,1039,1045,82.6,6
3322,5,1040,1045,82.6,5
2987,2,1043,1045,82.6,2
2816,9,1037,1046,82.6,9
3338,8,1038,1046,82.6,8
3148,7,1040,1047,82.6,7
2936,6,1041,1047,82.5,6
3616,3,1044,1047,82.5,3
3340,2,1045,1047,82.5,2
2973,4,1044,1048,82.5,4
3029,3,1045,1048,82.5,3
2821,2,1046,1048,82.5,2
3189,9,1040,1049,82.5,9
3033,5,1044,1049,82.5,5
3134,8,1042,1050,82.5,8
3494,6,1044,1050,82.5,6
2950,3,1047,1050,82.5,3
3039,7,1044,1051,82.5,7
3361,5,1046,1051,82.5,5
3650,4,1047,1051,82.5,4
3325,8,1044,1052,82.4,8
2828,5,1048,1053,82.4,5
3002,9,1045,1054,82.4,9
3502,4,1050,1054,82.4,4
2968,4,1050,1054,82.4,4
3698,3,1051,1054,82.4,3
3035,7,1048,1055,82.4,7
3158,9,1047,1056,82.4,9
3357,9,1047,1056,82.4,9
2979,8,1048,1056,82.4,8
3205,7,1049,1056,82.4,7
3036,7,1049,1056,82.4,7
3135,6,1050,1056,82.4,6
3041,5,1051,1056,82.4,5
3704,3,1054,1057,82.4,3
3202,1,1056,1057,82.4,1
3413,1,1056,1057,82.4,1
3060,2,1056,1058,82.3,2
3214,1,1057,1058,82.3,1
3046,3,1056,1059,82.3,3
3226,1,1058,1059,82.3,1
3395,9,1051,1060,82.3,9
3332,8,1052,1060,82.3,8
2846,7,1053,1060,82.3,7
2974,6,1054,1060,82.3,6
3004,8,1054,1062,82.3,8
3151,6,1056,1062,82.3,6
3419,5,1057,1062,82.3,5
3050,3,1059,1062,82.3,3
3503,9,1054,1063,82.3,9
2984,7,1056,1063,82.3,7
3253,4,1059,1063,82.3,4
3040,9,1055,1064,82.3,9
3398,4,1060,1064,82.3,4
3015,1,1063,1064,82.3,1
3212,9,1056,1065,82.3,9
3713,9,1057,1066,82.3,9
2848,6,1060,1066,82.3,6
3053,4,1062,1066,82.3,4
3401,2,1064,1066,82.3,2
3072,9,1058,1067,82.3,9
2983,7,1060,1067,82.3,7
3431,5,1062,1067,82.3,5
3333,8,1060,1068,82.3,8
3011,6,1062,1068,82.3,6
3152,6,1062,1068,82.3,6
3407,2,1066,1068,82.3,2
3130,1,1067,1068,82.3,1
3523,6,1063,1069,82.3,6
3255,6,1063,1069,82.3,6
3043,5,1064,1069,82.3,5
3014,1,1068,1069,82.3,1
3168,1,1068,1069,82.3,1
3133,1,1068,1069,82.3,1
3056,4,1066,1070,82.3,4
3086,1,1069,1070,82.3,1
3034,8,1064,1072,82.3,8
3228,7,1065,1072,82.3,7
3336,4,1068,1072,82.3,4
3263,3,1069,1072,82.3,3
2865,7,1066,1073,82.3,7
3008,7,1067,1074,82.3,7
3542,5,1069,1074,82.3,5
3091,4,1070,1074,82.3,4
3055,2,1072,1074,82.3,2
3238,2,1072,1074,82.3,2
3729,9,1066,1075,82.3,9
3444,8,1067,1075,82.3,8
3023,6,1069,1075,82.3,6
3013,1,1074,1075,82.3,1
3076,1,1074,1075,82.3,1
3146,7,1069,1076,82.3,7
3433,9,1068,1077,82.3,9
3544,3,1074,1077,82.3,3
3178,9,1069,1078,82.3,9
3136,8,1070,1078,82.3,8
3358,6,1072,1078,82.3,6
3270,6,1072,1078,82.3,6
3741,3,1075,1078,82.3,3
3449,3,1075,1078,82.3,3
3048,3,1075,1078,82.3,3
3547,1,1077,1078,82.3,1
3241,5,1074,1079,82.3,5
2866,8,1073,1081,82.3,8
3104,7,1074,1081,82.3,7
3742,3,1078,1081,82.3,3
3156,6,1076,1082,82.3,6
3149,4,1078,1082,82.3,4
3032,8,1075,1083,82.3,8
3462,5,1078,1083,82.3,5
3081,9,1075,1084,82.3,9
3051,6,1078,1084,82.3,6
3443,8,1077,1085,82.3,8
3552,7,1078,1085,82.3,7
3362,8,1078,1086,82.3,8
3114,5,1081,1086,82.3,5
3746,5,1081,1086,82.3,5
3180,9,1078,1087,82.3,9
3275,9,1078,1087,82.3,9
3243,8,1079,1087,82.3,8
3049,4,1083,1087,82.3,4
2887,7,1081,1088,82.3,7
3474,5,1083,1088,82.3,5
3098,4,1084,1088,82.3,4
3186,7,1082,1089,82.3,7
3184,2,1087,1089,82.3,2
3365,4,1086,1090,82.3,4
3286,3,1087,1090,82.3,3
3200,1,1089,1090,82.3,1
3198,1,1089,1090,82.3,1
3160,9,1082,1091,82.3,9
3553,6,1085,1091,82.3,6
3283,4,1087,1091,82.3,4
3459,7,1085,1092,82.3,7
3126,6,1086,1092,82.3,6
3070,5,1087,1092,82.3,5
3573,1,1091,1092,82.3,1
3075,9,1084,1093,82.3,9
3758,7,1086,1093,82.3,7
3480,5,1088,1093,82.3,5
3103,5,1088,1093,82.3,5
3201,3,1090,1093,82.3,3
3768,1,1093,1094,82.3,1
3094,2,1093,1095,82.3,2
3287,6,1090,1096,82.3,6
3077,4,1092,1096,82.3,4
3594,4,1092,1096,82.3,4
3223,3,1093,1096,82.3,3
2903,9,1088,1097,82.3,9
3478,5,1092,1097,82.3,5
3369,8,1090,1098,82.3,8
3219,8,1090,1098,82.3,8
3787,4,1094,1098,82.3,4
3292,2,1096,1098,82.3,2
3225,8,1091,1099,82.3,8
3320,8,1091,1099,82.3,8
3162,7,1092,1099,82.3,7
3799,2,1098,1100,82.3,2
3311,2,1098,1100,82.3,2
3163,1,1099,1100,82.3,1
3507,8,1093,1101,82.3,8
3125,8,1093,1101,82.3,8
3371,3,1098,1101,82.3,3
2911,5,1097,1102,82.3,5
3479,5,1097,1102,82.3,5
3341,2,1100,1102,82.3,2
3141,1,1101,1102,82.3,1
3607,7,1096,1103,82.3,7
3261,5,1098,1103,82.3,5
3508,2,1101,1103,82.3,2
3397,1,1102,1103,82.3,1
3095,9,1095,1104,82.3,9
3257,8,1096,1104,82.3,8
3164,4,1100,1104,82.3,4
3379,3,1101,1104,82.3,3
3274,1,1103,1104,82.3,1
3093,9,1096,1105,82.3,9
3326,6,1099,1105,82.3,6
3113,1,1104,1105,82.3,1
3295,1,1104,1105,82.3,1
2912,4,1102,1106,82.3,4
3514,3,1103,1106,82.3,3
3280,2,1104,1106,82.3,2
3809,7,1100,1107,82.3,7
3483,5,1102,1107,82.3,5
3161,5,1102,1107,82.3,5
3231,9,1099,1108,82.3,9
3169,4,1104,1108,82.3,4
3300,3,1105,1108,82.3,3
2921,2,1106,1108,82.3,2
3310,1,1108,1109,82.3,1
3334,5,1105,1110,82.3,5
3236,2,1108,1110,82.3,2
3402,8,1103,1111,82.3,8
3166,4,1107,1111,82.3,4
3609,9,1103,1112,82.3,9
3393,8,1104,1112,82.3,8
3142,7,1105,1112,82.3,7
3303,6,1106,1112,82.3,6
3825,5,1107,1112,82.3,5
3489,6,1107,1113,82.3,6
3108,9,1105,1114,82.3,9
3526,9,1106,1115,82.3,9
3194,7,1108,1115,82.3,7
3416,4,1111,1115,82.3,4
3826,3,1112,1115,82.3,3
2937,8,1108,1116,82.3,8
3247,7,1110,1117,82.3,7
3313,9,1109,1118,82.3,9
3335,8,1110,1118,82.3,8
3188,7,1111,1118,82.3,7
3403,6,1112,1118,82.3,6
3305,6,1112,1118,82.3,6
3835,3,1115,1118,82.3,3
3618,7,1112,1119,82.3,7
3153,7,1112,1119,82.3,7
3513,6,1113,1119,82.3,6
3337,1,1118,1119,82.3,1
3448,1,1118,1119,82.3,1
3426,5,1115,1120,82.3,5
3317,2,1118,1120,82.3,2
3531,6,1115,1121,82.3,6
3203,3,1118,1121,82.3,3
3865,3,1118,1121,82.3,3
3176,2,1119,1121,82.3,2
3120,8,1114,1122,82.3,8
3196,7,1115,1122,82.3,7
3637,3,1119,1122,82.3,3
3339,3,1119,1122,82.3,3
3457,4,1119,1123,82.3,4
3346,3,1120,1123,82.3,3
3548,2,1121,1123,82.3,2
3181,2,1121,1123,82.3,2
3127,1,1122,1123,82.3,1
2962,9,1116,1125,82.3,9
3351,2,1123,1125,82.3,2
3187,2,1123,1125,82.3,2
3259,9,1117,1126,82.3,9
3331,8,1118,1126,82.3,8
3222,6,1121,1127,82.3,6
3685,5,1122,1127,82.3,5
3521,9,1119,1128,82.3,9
3428,8,1120,1128,82.3,8
3218,6,1122,1128,82.3,6
3349,6,1122,1128,82.3,6
3224,1,1127,1128,82.3,1
3465,6,1123,1129,82.3,6
3410,4,1125,1129,82.3,4
3342,3,1126,1129,82.3,3
3867,9,1121,1130,82.3,9
3556,7,1123,1130,82.3,7
3232,3,1128,1131,82.3,3
3137,9,1123,1132,82.3,9
2966,7,1125,1132,82.3,7
3404,4,1128,1132,82.3,4
3190,8,1125,1133,82.3,8
3434,4,1129,1133,82.3,4
3344,4,1129,1133,82.3,4
3138,1,1132,1133,82.3,1
3260,8,1126,1134,82.3,8
3689,7,1127,1134,82.3,7
3873,4,1130,1134,82.3,4
3235,3,1131,1134,82.3,3
3248,7,1128,1135,82.3,7
3466,6,1129,1135,82.3,6
3354,1,1134,1135,82.3,1
3690,2,1134,1136,82.3,2
3522,9,1128,1137,82.3,9
3439,9,1128,1137,82.3,9
3567,7,1130,1137,82.3,7
2985,5,1132,1137,82.3,5
3262,2,1135,1137,82.3,2
3411,6,1132,1138,82.3,6
3440,5,1133,1138,82.3,5
3348,5,1133,1138,82.3,5
3144,5,1133,1138,82.3,5
3470,3,1135,1138,82.3,3
3038,1,1137,1138,82.3,1
3716,3,1136,1139,82.3,3
3580,2,1137,1139,82.3,2
3159,1,1138,1139,82.3,1
3237,6,1134,1140,82.3,6
3432,2,1138,1140,82.3,2
3495,2,1138,1140,82.3,2
3367,6,1135,1141,82.3,6
3265,4,1137,1141,82.3,4
3174,2,1139,1141,82.3,2
3504,1,1140,1141,82.3,1
3191,9,1133,1142,82.3,9
3596,5,1137,1142,82.3,5
3453,5,1137,1142,82.3,5
3895,9,1134,1143,82.3,9
3052,5,1138,1143,82.3,5
3380,3,1141,1144,82.3,3
3350,7,1138,1145,82.3,7
3272,4,1141,1145,82.3,4
3384,1,1144,1145,82.3,1
3454,8,1138,1146,82.3,8
3726,7,1139,1146,82.3,7
3445,7,1140,1147,82.3,7
3524,6,1141,1147,82.3,6
3210,5,1142,1147,82.2,5
3590,9,1139,1148,82.2,9
3254,9,1140,1149,82.2,9
3063,6,1143,1149,82.2,6
3378,4,1145,1149,82.2,4
3390,4,1145,1149,82.2,4
3244,9,1141,1150,82.2,9
3615,8,1142,1150,82.2,8
3501,8,1142,1150,82.2,8
3909,7,1143,1150,82.2,7
3751,4,1146,1150,82.2,4
3604,2,1148,1150,82.2,2
3234,4,1147,1151,82.2,4
3436,2,1149,1151,82.2,2
3246,1,1150,1151,82.2,1
3278,7,1145,1152,82.2,7
3068,3,1149,1152,82.2,3
3394,3,1149,1152,82.2,3
3921,2,1150,1152,82.2,2
3500,7,1147,1154,82.2,7
3630,4,1150,1154,82.2,4
3442,3,1151,1154,82.2,3
3464,9,1146,1155,82.2,9
3535,8,1147,1155,82.2,8
3922,3,1152,1155,82.2,3
3515,6,1150,1156,82.2,6
3271,5,1151,1156,82.2,5
3111,4,1152,1156,82.2,4
3534,2,1154,1156,82.2,2
3952,1,1155,1156,82.2,1
3256,8,1149,1157,82.2,8
3754,7,1150,1157,82.2,7
3467,2,1155,1157,82.2,2
3617,8,1150,1158,82.2,8
3249,8,1151,1159,82.2,8
3399,7,1152,1159,82.2,7
3961,3,1156,1159,82.2,3
3284,8,1152,1160,82.2,8
3118,4,1156,1160,82.2,4
3258,3,1157,1160,82.2,3
3282,2,1159,1161,82.2,2
3293,1,1160,1161,82.2,1
3527,6,1156,1162,82.2,6
3539,6,1156,1162,82.2,6
3622,4,1158,1162,82.2,4
3631,9,1154,1163,82.2,9
3475,9,1154,1163,82.2,9
3557,8,1155,1163,82.2,8
3975,4,1159,1163,82.2,4
3131,3,1160,1163,82.2,3
3477,7,1157,1164,82.2,7
3329,4,1160,1164,82.2,4
3299,3,1161,1164,82.2,3
3288,9,1156,1165,82.2,9
3538,3,1162,1165,82.2,3
3634,2,1163,1165,82.2,2
3770,9,1157,1166,82.2,9
3633,4,1162,1166,82.2,4
3406,8,1159,1167,82.2,8
3306,3,1164,1167,82.2,3
3541,3,1165,1168,82.2,3
3643,2,1166,1168,82.2,2
3540,7,1162,1169,82.2,7
3481,5,1164,1169,82.2,5
3771,3,1166,1169,82.2,3
3307,2,1167,1169,82.2,2
3312,9,1161,1170,82.2,9
3519,8,1163,1171,82.2,8
3574,8,1163,1171,82.2,8
3985,8,1163,1171,82.2,8
3304,6,1165,1171,82.2,6
3505,2,1169,1171,82.2,2
3319,2,1169,1171,82.2,2
3140,9,1163,1172,82.2,9
3366,8,1164,1172,82.2,8
3645,4,1168,1172,82.2,4
3525,1,1171,1172,82.2,1
3414,6,1167,1173,82.2,6
3796,4,1169,1173,82.2,4
3636,9,1165,1174,82.2,9
3330,4,1170,1174,82.2,4
3315,3,1171,1174,82.2,3
3324,4,1171,1175,82.2,4
3374,3,1172,1175,82.2,3
3418,2,1173,1175,82.2,2
3316,1,1174,1175,82.2,1
3323,1,1175,1176,82.2,1
3545,9,1168,1177,82.2,9
3613,6,1171,1177,82.2,6
3537,5,1172,1177,82.2,5
3578,9,1169,1178,82.2,9
3145,6,1172,1178,82.2,6
3353,2,1176,1178,82.2,2
3986,8,1171,1179,82.2,8
3647,7,1172,1179,82.2,7
3546,2,1177,1179,82.2,2
3363,1,1178,1179,82.2,1
3506,9,1171,1180,82.2,9
3360,6,1174,1180,82.2,6
3150,2,1178,1180,82.2,2
3808,8,1173,1181,82.2,8
3668,8,1174,1182,82.2,8
3343,7,1175,1182,82.2,7
3423,7,1175,1182,82.2,7
3364,3,1179,1182,82.2,3
3652,4,1179,1183,82.2,4
3509,3,1180,1183,82.2,3
3832,2,1181,1183,82.2,2
3427,9,1175,1184,82.2,9
3642,7,1177,1184,82.2,7
3154,4,1180,1184,82.2,4
3435,2,1182,1184,82.2,2
3438,1,1184,1185,82.2,1
3437,1,1184,1185,82.2,1
3550,9,1177,1186,82.2,9
3612,8,1178,1186,82.2,8
3988,7,1179,1186,82.2,7
3452,1,1185,1186,82.2,1
3549,8,1179,1187,82.2,8
3389,5,1182,1187,82.2,5
3520,4,1183,1187,82.2,4
3707,3,1184,1187,82.2,3
3345,6,1182,1188,82.2,6
3551,2,1186,1188,82.2,2
3724,1,1187,1188,82.2,1
3370,9,1180,1189,82.2,9
3728,7,1182,1189,82.2,7
3352,1,1188,1189,82.2,1
3451,6,1185,1191,82.2,6
3614,5,1186,1191,82.2,5
3653,9,1183,1192,82.2,9
3872,9,1183,1192,82.2,9
3171,8,1184,1192,82.2,8
3458,6,1186,1192,82.2,6
3405,5,1187,1192,82.2,5
3563,6,1187,1193,82.2,6
3730,5,1188,1193,82.2,5
4013,8,1186,1194,82.2,8
3625,3,1191,1194,82.2,3
3564,8,1187,1195,82.2,8
3569,7,1188,1195,82.2,7
3735,6,1189,1195,82.2,6
3173,3,1192,1195,82.2,3
3738,2,1193,1195,82.2,2
3377,7,1189,1196,82.2,7
3666,4,1192,1196,82.2,4
3488,4,1192,1196,82.2,4
3422,5,1192,1197,82.2,5
3577,2,1195,1197,82.2,2
3368,9,1189,1198,82.2,9
3891,6,1192,1198,82.2,6
3670,2,1196,1198,82.2,2
3484,8,1191,1199,82.2,8
3603,6,1193,1199,82.2,6
3498,3,1196,1199,82.2,3
3942,1,1198,1199,82.2,1
3679,6,1194,1200,82.2,6
3786,5,1195,1200,82.2,5
3175,5,1195,1200,82.2,5
3688,2,1198,1200,82.2,2
3571,6,1195,1201,82.2,6
3979,2,1199,1201,82.2,2
3179,1,1200,1201,82.2,1
4027,8,1194,1202,82.2,8
3739,7,1195,1202,82.2,7
3385,6,1196,1202,82.2,6
3450,5,1197,1202,82.2,5
3776,2,1202,1204,82.2,2
3516,6,1199,1205,82.2,6
3680,5,1200,1205,82.2,5
3694,5,1200,1205,82.2,5
3387,3,1202,1205,82.2,3
3582,9,1197,1206,82.2,9
3517,7,1199,1206,82.2,7
4049,4,1202,1206,82.2,4
3463,4,1202,1206,82.2,4
3409,9,1198,1207,82.2,9
3608,8,1199,1207,82.2,8
3797,3,1204,1207,82.2,3
3530,1,1206,1207,82.2,1
3793,8,1200,1208,82.2,8
3597,7,1201,1208,82.2,7
3185,7,1201,1208,82.2,7
4008,8,1201,1209,82.2,8
3803,3,1207,1210,82.2,3
3536,3,1207,1210,82.2,3
4092,5,1206,1211,82.2,5
3469,5,1206,1211,82.3,5
3806,3,1208,1211,82.3,3
4028,2,1209,1211,82.3,2
3696,7,1205,1212,82.3,7
3559,8,1205,1213,82.3,8
3701,8,1205,1213,82.3,8
3392,8,1205,1213,82.3,8
3193,5,1208,1213,82.3,5
3810,3,1210,1213,82.3,3
3471,2,1211,1213,82.3,2
3415,7,1207,1214,82.3,7
4045,3,1211,1214,82.3,3
3584,9,1206,1215,82.3,9
3605,7,1208,1215,82.3,7
3700,3,1212,1215,82.3,3
3620,9,1207,1216,82.3,9
3819,5,1211,1216,82.3,5
3473,3,1213,1216,82.3,3
3199,4,1213,1217,82.3,4
4051,3,1214,1217,82.3,3
3706,2,1215,1217,82.3,2
3579,8,1210,1218,82.3,8
3841,5,1213,1218,82.3,5
3610,3,1215,1218,82.3,3
3215,1,1217,1218,82.3,1
4053,1,1217,1218,82.3,1
4108,8,1211,1219,82.3,8
3560,6,1213,1219,82.3,6
3712,6,1213,1219,82.3,6
3417,6,1213,1219,82.3,6
3589,4,1215,1219,82.3,4
3598,2,1218,1220,82.3,2
3719,1,1219,1220,82.3,1
3425,1,1219,1220,82.3,1
3829,5,1216,1221,82.3,5
4129,2,1219,1221,82.3,2
3476,8,1214,1222,82.3,8
3621,7,1216,1223,82.3,7
3849,5,1218,1223,82.3,5
3709,7,1217,1224,82.3,7
4064,6,1218,1224,82.3,6
3485,9,1216,1225,82.3,9
4145,4,1221,1225,82.3,4
3629,8,1218,1226,82.3,8
3855,3,1223,1226,82.3,3
3229,9,1218,1227,82.3,9
3721,7,1220,1227,82.3,7
4104,3,1224,1227,82.3,3
3583,9,1219,1228,82.3,9
3611,9,1219,1228,82.3,9
3430,8,1220,1228,82.3,8
3487,3,1225,1228,82.3,3
3869,2,1226,1228,82.3,2
3619,9,1220,1229,82.3,9
3837,8,1221,1229,82.3,8
3482,7,1222,1229,82.3,7
4154,4,1225,1229,82.3,4
3497,2,1228,1230,82.3,2
3843,1,1229,1230,82.3,1
3496,1,1229,1230,82.3,1
3623,8,1223,1231,82.3,8
3749,7,1224,1231,82.3,7
3641,2,1229,1231,82.3,2
3230,5,1227,1232,82.3,5
4114,6,1227,1233,82.3,6
3586,6,1228,1234,82.3,6
3639,6,1228,1234,82.3,6
4161,5,1229,1234,82.3,5
3752,3,1231,1234,82.3,3
3635,9,1226,1235,82.3,9
3853,5,1230,1235,82.3,5
3518,5,1230,1235,82.3,5
3732,9,1227,1236,82.3,9
3651,2,1234,1236,82.3,2
3528,9,1228,1237,82.3,9
3870,9,1228,1237,82.3,9
3499,7,1230,1237,82.3,7
3769,3,1234,1237,82.3,3
3242,6,1232,1238,82.3,6
3592,4,1234,1238,82.3,4
3656,8,1231,1239,82.3,8
3529,2,1237,1239,82.3,2
3648,9,1231,1240,82.3,9
3646,5,1235,1240,82.3,5
3510,3,1237,1240,82.3,3
4149,8,1233,1241,82.3,8
3877,6,1235,1241,82.3,6
3600,3,1238,1241,82.3,3
4166,8,1234,1242,82.3,8
3745,6,1236,1242,82.3,6
3759,1,1242,1243,82.3,1
3558,9,1235,1244,82.3,9
3896,7,1237,1244,82.3,7
3532,5,1239,1244,82.3,5
3663,4,1240,1244,82.3,4
4197,2,1242,1244,82.3,2
3782,1,1243,1244,82.3,1
3655,9,1236,1245,82.3,9
3794,8,1237,1245,82.3,8
3657,6,1240,1246,82.3,6
4156,5,1241,1246,82.3,5
3627,5,1241,1246,82.3,5
4199,2,1244,1246,82.3,2
3790,2,1244,1246,82.3,2
3251,9,1238,1247,82.3,9
3561,3,1244,1247,82.3,3
3659,9,1239,1248,82.3,9
3511,8,1240,1248,82.3,8
3885,7,1241,1248,82.3,7
3566,4,1244,1248,82.3,4
3900,4,1244,1248,82.3,4
3664,4,1244,1248,82.3,4
4205,2,1246,1248,82.3,2
3838,2,1246,1248,82.3,2
3266,2,1247,1249,82.3,2
3915,1,1248,1249,82.3,1
3868,1,1248,1249,82.3,1
3897,2,1248,1250,82.3,2
3576,2,1248,1250,82.3,2
3852,6,1245,1251,82.3,6
3676,7,1245,1252,82.3,7
3660,6,1246,1252,82.3,6
4160,6,1246,1252,82.3,6
3638,6,1246,1252,82.3,6
4212,4,1248,1252,82.3,4
3864,1,1251,1252,82.3,1
3682,5,1248,1253,82.3,5
3267,4,1249,1253,82.3,4
4227,1,1252,1253,82.3,1
3919,1,1252,1253,82.3,1
3977,5,1249,1254,82.3,5
3693,2,1252,1254,82.3,2
3640,2,1252,1254,82.3,2
3903,5,1250,1255,82.3,5
4250,2,1253,1255,82.3,2
3570,9,1247,1256,82.3,9
3920,7,1249,1256,82.3,7
3994,2,1254,1256,82.3,2
3667,9,1248,1257,82.3,9
3562,9,1248,1257,82.3,9
3599,7,1250,1257,82.3,7
3314,5,1253,1258,82.3,5
3684,6,1253,1259,82.3,6
3588,3,1256,1259,82.3,3
3661,8,1252,1260,82.3,8
4163,8,1252,1260,82.3,8
4254,5,1255,1260,82.3,5
3568,3,1257,1260,82.3,3
3931,8,1253,1261,82.3,8
3697,7,1254,1261,82.3,7
3658,7,1254,1261,82.3,7
3935,5,1256,1261,82.3,5
4001,5,1256,1261,82.3,5
3602,4,1257,1261,82.3,4
3691,3,1259,1262,82.3,3
3932,1,1261,1262,82.3,1
3703,1,1261,1262,82.3,1
3914,8,1255,1263,82.3,8
3714,3,1260,1263,82.3,3
3587,4,1260,1264,82.3,4
3705,8,1257,1265,82.3,8
3318,7,1258,1265,82.3,7
3940,4,1261,1265,82.3,4
4011,4,1261,1265,82.3,4
3929,2,1263,1265,82.3,2
3720,3,1263,1266,82.3,3
3708,1,1265,1266,82.3,1
3687,6,1261,1267,82.3,6
3947,5,1262,1267,82.3,5
3718,5,1262,1267,82.3,5
3784,1,1266,1267,82.3,1
3591,9,1259,1268,82.3,9
4175,9,1260,1269,82.3,9
4271,9,1260,1269,82.3,9
3626,8,1261,1269,82.3,8
3717,8,1262,1270,82.3,8
3941,5,1265,1270,82.3,5
3750,3,1267,1270,82.3,3
3628,1,1269,1270,82.3,1
3321,6,1265,1271,82.3,6
3954,4,1267,1271,82.3,4
3644,8,1264,1272,82.3,8
3943,7,1265,1272,82.3,7
4178,3,1269,1272,82.3,3
3949,2,1270,1272,82.3,2
3347,1,1271,1272,82.3,1
4035,9,1265,1274,82.3,9
3692,7,1267,1274,82.3,7
3824,4,1270,1274,82.3,4
4179,2,1272,1274,82.3,2
3953,2,1272,1274,82.3,2
3747,9,1266,1275,82.3,9
3789,8,1267,1275,82.3,8
4281,6,1269,1275,82.3,6
3649,5,1270,1275,82.3,5
3356,3,1272,1275,82.3,3
3733,6,1270,1276,82.3,6
3963,5,1271,1276,82.3,5
4301,1,1275,1276,82.3,1
3595,9,1268,1277,82.3,9
3711,3,1274,1277,82.3,3
3958,3,1274,1277,82.3,3
3673,2,1275,1277,82.3,2
3831,5,1274,1279,82.3,5
3798,4,1275,1279,82.3,4
3665,8,1272,1280,82.3,8
3763,5,1275,1280,82.3,5
3966,9,1272,1281,82.3,9
4044,7,1274,1281,82.3,7
4188,7,1274,1281,82.3,7
3780,1,1280,1281,82.3,1
3383,7,1275,1282,82.3,7
3740,5,1277,1282,82.3,5
3674,5,1277,1282,82.3,5
3972,1,1281,1282,82.3,1
3783,1,1281,1282,82.3,1
3736,7,1276,1283,82.3,7
3968,7,1276,1283,82.3,7
3632,7,1277,1284,82.3,7
4349,9,1276,1285,82.3,9
3970,8,1277,1285,82.3,8
4209,4,1281,1285,82.3,4
3834,7,1279,1286,82.3,7
3800,7,1279,1286,82.3,7
3987,4,1282,1286,82.3,4
3669,7,1280,1287,82.3,7
4063,6,1281,1287,82.3,6
3675,5,1282,1287,82.3,5
3795,5,1282,1287,82.3,5
3391,6,1282,1288,82.3,6
4226,4,1285,1289,82.3,4
3812,3,1286,1289,82.3,3
3764,8,1282,1290,82.3,8
3755,7,1283,1290,82.3,7
3983,7,1283,1290,82.3,7
3662,6,1284,1290,82.3,6
3840,4,1286,1290,82.3,4
4066,3,1287,1290,82.3,3
3408,2,1288,1290,82.3,2
3995,6,1285,1291,82.3,6
3802,4,1287,1291,82.3,4
3756,1,1290,1291,82.3,1
3862,1,1290,1291,82.3,1
4361,7,1285,1292,82.3,7
4015,6,1286,1292,82.3,6
3727,5,1287,1292,82.3,5
4229,3,1289,1292,82.3,3
3892,1,1291,1292,82.3,1
3767,3,1290,1293,82.3,3
3760,2,1291,1293,82.3,2
3678,7,1287,1294,82.3,7
3671,4,1290,1294,82.3,4
3748,2,1292,1294,82.3,2
3992,5,1290,1295,82.3,5
3424,5,1290,1295,82.3,5
3999,4,1291,1295,82.3,4
3805,4,1291,1295,82.3,4
4096,7,1290,1297,82.3,7
3813,9,1289,1298,82.3,9
3672,4,1294,1298,82.3,4
3757,4,1294,1298,82.3,4
4020,3,1295,1298,82.3,3
3429,3,1295,1298,82.3,3
3912,7,1292,1299,82.3,7
3777,6,1293,1299,82.3,6
4002,4,1295,1299,82.3,4
4374,8,1292,1300,82.3,8
4231,8,1292,1300,82.3,8
3811,7,1293,1300,82.3,7
3683,6,1294,1300,82.3,6
4029,9,1292,1301,82.3,9
4022,3,1298,1301,82.3,3
4005,2,1299,1301,82.3,2
3455,4,1298,1302,82.3,4
3928,3,1299,1302,82.3,3
4058,1,1301,1302,82.3,1
4006,1,1301,1302,82.3,1
4381,3,1300,1303,82.3,3
4059,1,1302,1303,82.3,1
3807,9,1295,1304,82.3,9
3695,6,1298,1304,82.3,6
4033,3,1301,1304,82.3,3
4100,8,1297,1305,82.3,8
3761,8,1298,1306,82.3,8
3762,6,1300,1306,82.3,6
3820,9,1298,1307,82.3,9
4238,7,1300,1307,82.3,7
3781,9,1299,1308,82.3,9
4072,5,1303,1308,82.3,5
3856,9,1300,1309,82.3,9
3456,8,1302,1310,82.3,8
4009,8,1302,1310,82.3,8
4382,7,1303,1310,82.3,7
3699,6,1304,1310,82.3,6
4119,5,1305,1310,82.3,5
3772,4,1306,1310,82.3,4
3765,4,1306,1310,82.3,4
3937,9,1302,1311,82.3,9
3818,7,1304,1311,82.3,7
4062,7,1304,1311,82.3,7
3827,4,1307,1311,82.3,4
4081,1,1311,1312,82.3,1
3785,5,1308,1313,82.3,5
3836,2,1311,1313,82.3,2
3883,5,1309,1314,82.3,5
3493,4,1310,1314,82.3,4
4139,4,1310,1314,82.3,4
4246,8,1307,1315,82.3,8
3774,5,1310,1315,82.3,5
3817,2,1313,1315,82.3,2
4085,8,1308,1316,82.3,8
3833,5,1311,1316,82.3,5
3821,1,1315,1316,82.3,1
4018,7,1310,1317,82.3,7
3991,6,1311,1317,82.3,6
3512,3,1314,1317,82.3,3
3848,1,1316,1317,82.3,1
4393,8,1310,1318,82.3,8
3710,8,1310,1318,82.3,8
3766,8,1310,1318,82.3,8
3814,4,1315,1319,82.3,4
4095,3,1316,1319,82.3,3
3842,3,1316,1319,82.3,3
4021,2,1317,1319,82.3,2
3533,3,1317,1320,82.3,3
3822,1,1319,1320,82.3,1
4083,9,1312,1321,82.3,9
3850,8,1313,1321,82.3,8
4143,7,1314,1321,82.3,7
3998,4,1317,1321,82.3,4
3722,3,1318,1321,82.3,3
3851,1,1321,1322,82.3,1
4168,1,1321,1322,82.3,1
3884,9,1314,1323,82.3,9
3860,4,1319,1323,82.3,4
4087,2,1321,1323,82.3,2
3887,1,1322,1323,82.3,1
4249,9,1315,1324,82.3,9
3858,7,1317,1324,82.3,7
4400,6,1318,1324,82.3,6
3791,6,1318,1324,82.3,6
4055,6,1319,1325,82.3,6
3823,5,1320,1325,82.3,5
4105,8,1319,1327,82.3,8
3555,7,1320,1327,82.3,7
3861,4,1323,1327,82.3,4
3725,7,1321,1328,82.3,7
3792,4,1324,1328,82.3,4
4252,5,1324,1329,82.3,5
4010,9,1321,1330,82.3,9
4186,8,1322,1330,82.3,8
3893,7,1323,1330,82.3,7
3731,2,1328,1330,82.3,2
3886,8,1323,1331,82.3,8
4093,8,1323,1331,82.3,8
4128,4,1327,1331,82.3,4
4067,7,1325,1332,82.3,7
4193,2,1330,1332,82.3,2
3871,9,1324,1333,82.3,9
4409,9,1324,1333,82.3,9
4268,4,1329,1333,82.3,4
3907,3,1330,1333,82.3,3
3830,9,1325,1334,82.3,9
3882,6,1328,1334,82.3,6
4050,4,1330,1334,82.3,4
4103,3,1331,1334,82.3,3
4269,1,1333,1334,82.3,1
3572,8,1327,1335,82.3,8
3866,8,1327,1335,82.3,8
4131,4,1331,1335,82.3,4
4211,3,1332,1335,82.3,3
4213,1,1335,1336,82.3,1
3734,7,1330,1337,82.3,7
4074,5,1332,1337,82.3,5
4223,1,1336,1337,82.3,1
3876,5,1333,1338,82.3,5
4275,4,1334,1338,82.3,4
4134,4,1335,1339,82.3,4
3894,1,1338,1339,82.3,1
3899,9,1331,1340,82.3,9
3910,7,1333,1340,82.3,7
3844,6,1334,1340,82.3,6
3889,6,1334,1340,82.3,6
4286,2,1338,1340,82.3,2
4052,7,1334,1341,82.3,7
3575,6,1335,1341,82.3,6
3917,1,1340,1341,82.3,1
4421,9,1333,1342,82.3,9
4107,9,1334,1343,82.3,9
3743,6,1337,1343,82.3,6
3845,3,1340,1343,82.3,3
3901,3,1340,1343,82.3,3
3875,9,1335,1344,82.3,9
4088,7,1337,1344,82.3,7
4260,7,1337,1344,82.3,7
3908,5,1339,1344,82.3,5
3925,4,1340,1344,82.3,4
4127,1,1343,1344,82.3,1
3744,1,1343,1344,82.3,1
3846,1,1343,1344,82.3,1
4287,5,1340,1345,82.3,5
3585,5,1341,1346,82.3,5
3913,2,1344,1346,82.3,2
3773,3,1344,1347,82.3,3
4147,9,1339,1348,82.3,9
4078,7,1341,1348,82.3,7
3936,7,1341,1348,82.3,7
4423,6,1342,1348,82.3,6
4264,4,1344,1348,82.3,4
3934,5,1344,1349,82.3,5
4172,1,1348,1349,82.3,1
4136,6,1344,1350,82.3,6
3857,6,1344,1350,82.3,6
4299,5,1345,1350,82.3,5
3950,1,1349,1350,82.3,1
3916,8,1343,1351,82.3,8
3890,7,1344,1351,82.3,7
4097,7,1344,1351,82.3,7
4090,3,1348,1351,82.3,3
4176,2,1349,1351,82.3,2
4424,4,1348,1352,82.3,4
4148,2,1350,1352,82.3,2
3946,7,1346,1353,82.3,7
4116,2,1351,1353,82.3,2
4181,2,1351,1353,82.3,2
3593,8,1346,1354,82.3,8
4288,6,1348,1354,82.3,6
4094,3,1351,1354,82.3,3
4427,2,1352,1354,82.3,2
3775,8,1347,1355,82.3,8
4303,5,1350,1355,82.3,5
3606,1,1354,1355,82.3,1
3881,6,1350,1356,82.3,6
4016,6,1350,1356,82.3,6
4150,4,1352,1356,82.3,4
3951,3,1353,1356,82.3,3
4124,3,1353,1356,82.3,3
3944,9,1348,1357,82.3,9
4182,4,1353,1357,82.3,4
4109,3,1354,1357,82.3,3
4428,3,1354,1357,82.3,3
3888,1,1356,1357,82.3,1
4133,1,1356,1357,82.3,1
4291,4,1354,1358,82.3,4
3788,3,1355,1358,82.3,3
4184,1,1357,1358,82.3,1
3933,8,1351,1359,82.3,8
3902,8,1351,1359,82.3,8
4024,3,1356,1359,82.3,3
4316,5,1355,1360,82.3,5
4169,4,1356,1360,82.3,4
3956,5,1356,1361,82.3,5
4123,4,1357,1361,82.3,4
3904,5,1357,1362,82.3,5
3905,3,1359,1362,82.3,3
3959,4,1359,1363,82.3,4
4025,4,1359,1363,82.3,4
3923,1,1362,1363,82.3,1
3624,9,1355,1364,82.3,9
3948,7,1357,1364,82.3,7
4146,7,1357,1364,82.3,7
3816,7,1358,1365,82.3,7
4455,9,1357,1366,82.3,9
4332,8,1358,1366,82.3,8
4191,6,1360,1366,82.3,6
3965,5,1361,1366,82.3,5
3982,3,1363,1366,82.3,3
3654,2,1364,1366,82.3,2
4195,9,1358,1367,82.3,9
4125,6,1361,1367,82.3,6
3930,4,1363,1367,82.3,4
3960,3,1364,1367,82.3,3
3911,6,1362,1368,82.3,6
3938,1,1367,1368,82.3,1
4339,9,1360,1369,82.3,9
4200,3,1366,1369,82.3,3
3854,5,1365,1370,82.3,5
3677,4,1366,1370,82.3,4
3981,3,1367,1370,82.3,3
4183,7,1364,1371,82.3,7
4363,5,1366,1371,82.3,5
4135,4,1367,1371,82.3,4
4019,1,1370,1371,82.3,1
4036,9,1363,1372,82.3,9
3681,2,1370,1372,82.3,2
4462,7,1366,1373,82.3,7
4204,2,1371,1373,82.3,2
4373,2,1371,1373,82.3,2
4023,2,1371,1373,82.3,2
4057,1,1372,1373,82.3,1
3976,8,1366,1374,82.3,8
4061,8,1366,1374,82.3,8
4216,7,1367,1374,82.3,7
4350,5,1369,1374,82.3,5
4203,5,1369,1374,82.3,5
4225,1,1373,1374,82.3,1
4151,5,1371,1376,82.3,5
4031,3,1373,1376,82.3,3
4207,2,1374,1376,82.3,2
3939,9,1368,1377,82.3,9
3990,9,1368,1377,82.3,9
4391,4,1373,1377,82.3,4
4494,5,1373,1378,82.3,5
3874,9,1370,1379,82.3,9
4101,5,1374,1379,82.3,5
3973,2,1377,1379,82.3,2
3978,6,1374,1380,82.3,6
4221,6,1374,1380,82.3,6
4234,6,1374,1380,82.3,6
4037,4,1376,1380,82.3,4
3993,3,1377,1380,82.3,3
3879,1,1379,1380,82.3,1
3686,9,1372,1381,82.3,9
4071,8,1373,1381,82.3,8
4351,7,1374,1381,82.3,7
4201,5,1376,1381,82.3,5
4126,2,1379,1381,82.3,2
4511,4,1378,1382,82.3,4
4091,1,1381,1382,82.3,1
4220,1,1381,1382,82.3,1
4215,7,1376,1383,82.2,7
4237,3,1380,1383,82.2,3
4222,1,1382,1383,82.2,1
4401,7,1377,1384,82.2,7
3989,5,1379,1384,82.2,5
4259,1,1383,1384,82.2,1
3980,5,1380,1385,82.2,5
4000,5,1380,1385,82.2,5
3702,4,1381,1385,82.2,4
4247,6,1380,1386,82.2,6
4364,5,1381,1386,82.2,5
4106,4,1382,1386,82.2,4
4512,5,1382,1387,82.2,5
4242,4,1383,1387,82.2,4
3880,8,1380,1388,82.2,8
4026,4,1384,1388,82.2,4
4038,9,1380,1389,82.2,9
4140,8,1381,1389,82.2,8
4187,3,1386,1389,82.2,3
4276,2,1387,1389,82.2,2
4256,7,1383,1390,82.2,7
4261,6,1384,1390,82.2,6
3984,5,1385,1390,82.2,5
4003,5,1385,1390,82.2,5
4089,1,1389,1390,82.2,1
4189,1,1389,1390,82.2,1
4405,7,1384,1391,82.2,7
3715,6,1385,1391,82.2,6
4388,5,1386,1391,82.2,5
4513,5,1387,1392,82.2,5
3906,4,1388,1392,82.1,4
4155,3,1389,1392,82.1,3
4130,2,1390,1392,82.1,2
4046,5,1388,1393,82.1,5
4535,1,1392,1393,82.1,1
4417,3,1391,1394,82.1,3
4170,2,1392,1394,82.1,2
4248,9,1386,1395,82.1,9
4034,5,1390,1395,82.1,5
3924,3,1392,1395,82.1,3
4446,1,1394,1395,82.1,1
4277,7,1389,1396,82.1,7
4198,2,1394,1396,82.1,2
4262,7,1390,1397,82.1,7
4407,6,1391,1397,82.1,6
3723,7,1391,1398,82.1,7
4258,9,1390,1399,82.1,9
4007,9,1390,1399,82.1,9
4192,9,1390,1399,82.1,9
4224,3,1396,1399,82.1,3
4060,7,1393,1400,82.1,7
4157,9,1392,1401,82.1,9
4576,8,1393,1401,82.1,8
4280,5,1396,1401,82.1,5
4416,4,1397,1401,82.1,4
4449,7,1395,1402,82.1,7
4239,3,1399,1402,82.1,3
4285,8,1395,1403,82.0,8
4047,9,1395,1404,82.0,9
3945,9,1395,1404,82.0,9
4265,5,1399,1404,82.0,5
4112,4,1400,1404,82.0,4
4251,2,1402,1404,82.0,2
4296,1,1403,1404,82.0,1
4278,8,1397,1405,82.0,8
4039,6,1399,1405,82.0,6
3737,8,1398,1406,82.0,8
4228,7,1399,1406,82.0,7
4065,2,1404,1406,82.0,2
4273,2,1404,1406,82.0,2
4253,2,1404,1406,82.0,2
4463,5,1402,1407,82.0,5
3955,4,1404,1408,82.0,4
4310,4,1404,1408,82.0,4
4073,3,1405,1408,82.0,3
4177,8,1401,1409,82.0,8
4588,8,1401,1409,82.0,8
4418,8,1401,1409,82.0,8
3753,3,1406,1409,82.0,3
4293,3,1406,1409,82.0,3
4297,9,1401,1410,82.0,9
4283,5,1405,1410,82.0,5
4244,5,1406,1411,81.9,5
4282,5,1406,1411,81.9,5
4469,4,1407,1411,81.9,4
4359,1,1410,1411,81.9,1
4113,8,1404,1412,81.9,8
4070,6,1406,1412,81.9,6
4307,3,1409,1412,81.9,3
4266,1,1411,1412,81.9,1
4075,1,1412,1413,81.9,1
4336,6,1408,1414,81.9,6
4590,5,1409,1414,81.9,5
4471,3,1411,1414,81.9,3
4202,6,1409,1415,81.9,6
4372,4,1411,1415,81.9,4
4117,3,1412,1415,81.9,3
3957,8,1408,1416,81.9,8
4082,8,1408,1416,81.8,8
4454,7,1409,1416,81.8,7
4284,6,1410,1416,81.8,6
3778,8,1409,1417,81.8,8
4377,2,1415,1417,81.8,2
4488,1,1416,1417,81.8,1
4122,3,1415,1418,81.8,3
4102,2,1416,1418,81.8,2
4290,2,1416,1418,81.8,2
3962,3,1416,1419,81.8,3
3779,2,1417,1419,81.7,2
4110,1,1418,1419,81.7,1
4298,9,1411,1420,81.7,9
4279,8,1412,1420,81.7,8
4080,7,1413,1420,81.7,7
3801,1,1419,1420,81.7,1
4331,9,1412,1421,81.7,9
4142,3,1418,1421,81.7,3
4294,3,1418,1421,81.7,3
4292,1,1420,1421,81.7,1
4345,8,1414,1422,81.7,8
4591,8,1414,1422,81.7,8
4477,8,1414,1422,81.6,8
4386,5,1417,1422,81.6,5
4218,9,1415,1424,81.6,9
4132,5,1419,1424,81.6,5
4308,4,1420,1424,81.6,4
4305,3,1421,1424,81.6,3
4499,8,1417,1425,81.6,8
3964,6,1419,1425,81.6,6
4593,3,1422,1425,81.6,3
4311,5,1421,1426,81.6,5
3974,2,1425,1427,81.6,2
3804,8,1420,1428,81.6,8
4144,7,1421,1428,81.5,7
4367,6,1422,1428,81.5,6
4098,9,1420,1429,81.5,9
4486,7,1422,1429,81.5,7
4164,5,1424,1429,81.5,5
4317,5,1424,1429,81.5,5
4503,4,1425,1429,81.5,4
4389,9,1421,1430,81.5,9
4412,8,1422,1430,81.5,8
4263,6,1424,1430,81.4,6
4507,1,1429,1430,81.4,1
4326,7,1424,1431,81.4,7
3815,3,1428,1431,81.3,3
4111,2,1429,1431,81.3,2
4171,2,1429,1431,81.3,2
4324,7,1426,1433,81.3,7
3996,6,1427,1433,81.2,6
4375,5,1428,1433,81.2,5
4647,9,1425,1434,81.2,9
4323,5,1429,1434,81.1,5
4302,4,1430,1434,81.1,4
4515,4,1430,1434,81.1,4
4330,2,1433,1435,81.0,2
4167,8,1428,1436,81.0,8
4492,7,1429,1436,81.0,7
4333,5,1431,1436,81.0,5
3828,5,1431,1436,81.0,5
4012,4,1433,1437,81.0,4
4447,4,1433,1437,81.0,4
4436,8,1430,1438,81.0,8
4173,7,1431,1438,81.0,7
4174,2,1436,1438,81.0,2
4518,2,1436,1438,81.0,2
4410,9,1430,1439,81.0,9
4328,5,1434,1439,81.0,5
4115,9,1431,1440,81.0,9
4304,7,1434,1441,80.9,7
3839,5,1436,1441,80.9,5
4185,3,1438,1441,80.9,3
4343,7,1435,1442,80.9,7
4342,6,1436,1442,80.9,6
4458,5,1437,1442,80.9,5
4684,9,1434,1443,80.9,9
4536,9,1434,1443,80.8,9
4014,6,1437,1443,80.8,6
4358,1,1442,1443,80.8,1
4528,6,1438,1444,80.8,6
4341,5,1439,1444,80.8,5
4190,7,1438,1445,80.8,7
4422,6,1439,1445,80.8,6
4352,1,1444,1445,80.8,1
4448,8,1438,1446,80.8,8
4356,4,1442,1446,80.8,4
4120,7,1440,1447,80.8,7
4309,6,1441,1447,80.8,6
4467,5,1442,1447,80.8,5
4686,4,1443,1447,80.7,4
3847,7,1441,1448,80.7,7
4194,7,1441,1448,80.7,7
4543,5,1444,1449,80.7,5
4210,4,1445,1449,80.7,4
4355,4,1445,1449,80.7,4
4419,3,1446,1449,80.7,3
4472,2,1447,1449,80.7,2
4732,2,1447,1449,80.7,2
4558,7,1443,1450,80.7,7
4017,7,1443,1450,80.7,7
4217,1,1449,1450,80.7,1
4413,8,1443,1451,80.7,8
4141,4,1447,1451,80.7,4
4444,8,1445,1453,80.6,8
3859,5,1448,1453,80.6,5
4232,3,1450,1453,80.6,3
4457,8,1446,1454,80.6,8
4433,3,1451,1454,80.6,3
4344,8,1447,1455,80.6,8
4360,6,1449,1455,80.6,6
4485,6,1449,1455,80.6,6
4196,9,1448,1457,80.6,9
4581,8,1449,1457,80.6,8
4758,8,1449,1457,80.6,8
4595,7,1450,1457,80.6,7
4152,6,1451,1457,80.6,6
4450,4,1453,1457,80.6,4
4466,3,1454,1457,80.6,3
4420,9,1449,1458,80.6,9
4040,8,1450,1458,80.6,8
3863,6,1453,1459,80.6,6
4370,4,1455,1459,80.6,4
4594,2,1457,1459,80.6,2
4460,1,1458,1459,80.6,1
4240,7,1453,1460,80.6,7
4434,6,1454,1460,80.6,6
4501,6,1455,1461,80.6,6
4764,4,1457,1461,80.6,4
4599,4,1457,1461,80.6,4
4465,4,1457,1461,80.6,4
4043,3,1458,1461,80.6,3
4206,5,1457,1462,80.6,5
4158,5,1457,1462,80.6,5
4625,1,1461,1462,80.6,1
4054,1,1461,1462,80.6,1
4476,6,1457,1463,80.6,6
4781,2,1461,1463,80.6,2
4468,2,1461,1463,80.6,2
4354,9,1455,1464,80.6,9
4255,5,1460,1465,80.6,5
4797,2,1463,1465,80.6,2
3878,7,1459,1466,80.6,7
4516,5,1461,1466,80.6,5
4235,4,1462,1466,80.6,4
4620,8,1459,1467,80.6,8
4500,7,1460,1467,80.6,7
4208,5,1462,1467,80.6,5
4484,4,1463,1467,80.6,4
4394,9,1459,1468,80.6,9
4464,9,1459,1468,80.6,9
4630,6,1462,1468,80.6,6
4506,2,1467,1469,80.6,2
4056,8,1462,1470,80.6,8
4257,5,1465,1470,80.6,5
3898,4,1466,1470,80.6,4
4483,8,1463,1471,80.6,8
4357,7,1464,1471,80.6,7
4233,4,1467,1471,80.6,4
4649,4,1468,1472,80.6,4
4069,2,1470,1472,80.6,2
4267,2,1470,1472,80.6,2
4236,7,1466,1473,80.6,7
4627,6,1467,1473,80.6,6
4498,6,1467,1473,80.6,6
4799,9,1465,1474,80.6,9
4533,8,1466,1474,80.6,8
4079,2,1472,1474,80.6,2
4470,7,1468,1475,80.6,7
4270,4,1471,1475,80.6,4
4538,1,1474,1475,80.6,1
4099,1,1474,1475,80.6,1
3918,6,1470,1476,80.6,6
4489,5,1471,1476,80.6,5
4654,4,1472,1476,80.6,4
4666,3,1473,1476,80.6,3
4396,9,1468,1477,80.6,9
4544,8,1469,1477,80.6,8
4366,6,1471,1477,80.6,6
4502,5,1473,1478,80.6,5
4289,3,1475,1478,80.6,3
4241,6,1473,1479,80.6,6
4510,3,1476,1479,80.6,3
4368,2,1477,1479,80.6,2
4540,5,1475,1480,80.6,5
4121,5,1475,1480,80.6,5
4274,9,1472,1481,80.6,9
4808,7,1474,1481,80.6,7
4479,6,1475,1481,80.6,6
3926,6,1476,1482,80.6,6
4681,6,1476,1482,80.6,6
4667,7,1476,1483,80.6,7
4300,5,1478,1483,80.6,5
4243,5,1479,1484,80.6,5
4523,5,1479,1484,80.6,5
3927,2,1482,1484,80.6,2
4526,7,1478,1485,80.6,7
4842,4,1481,1485,80.6,4
4480,4,1481,1485,80.6,4
4672,2,1483,1485,80.6,2
4435,9,1477,1486,80.6,9
4545,9,1477,1486,80.6,9
4378,8,1479,1487,80.6,8
4537,3,1484,1487,80.6,3
4691,2,1485,1487,80.6,2
4550,8,1480,1488,80.6,8
4153,8,1480,1488,80.6,8
4441,2,1486,1488,80.6,2
4306,8,1481,1489,80.6,8
4704,7,1482,1489,80.6,7
4318,6,1483,1489,80.6,6
3967,5,1484,1489,80.6,5
4529,4,1485,1489,80.6,4
4295,6,1484,1490,80.6,6
3969,1,1489,1490,80.6,1
4380,4,1487,1491,80.6,4
4692,4,1487,1491,80.6,4
4452,3,1488,1491,80.6,3
4312,2,1489,1491,80.6,2
4329,2,1489,1491,80.6,2
4461,1,1491,1492,80.6,1
4847,8,1485,1493,80.6,8
4487,8,1485,1493,80.6,8
4551,5,1488,1493,80.6,5
4564,7,1487,1494,80.6,7
4180,6,1488,1494,80.6,6
4334,3,1491,1494,80.6,3
4546,9,1486,1495,80.6,9
4395,5,1491,1496,80.6,5
4493,3,1493,1496,80.6,3
4219,2,1494,1496,80.6,2
4752,8,1489,1497,80.6,8
4313,7,1490,1497,80.6,7
4482,5,1492,1497,80.6,5
4612,9,1489,1498,80.6,9
3971,8,1490,1498,80.6,8
4552,3,1495,1498,80.6,3
4696,8,1491,1499,80.6,8
4314,8,1491,1499,80.6,8
4560,6,1493,1499,80.6,6
4402,3,1496,1499,80.6,3
4568,6,1494,1500,80.6,6
4337,6,1494,1500,80.6,6
4556,2,1498,1500,80.6,2
4860,8,1493,1501,80.6,8
3997,3,1498,1501,80.6,3
4569,2,1499,1501,80.6,2
4504,6,1496,1502,80.6,6
4514,5,1497,1502,80.6,5
4320,3,1499,1502,80.6,3
4585,2,1500,1502,80.6,2
4245,7,1496,1503,80.6,7
4577,3,1500,1503,80.6,3
4697,5,1499,1504,80.6,5
4004,3,1501,1504,80.6,3
4778,8,1497,1505,80.6,8
4617,7,1498,1505,80.6,7
4429,9,1497,1506,80.6,9
4530,4,1502,1506,80.6,4
4601,4,1502,1506,80.6,4
4403,8,1499,1507,80.6,8
4340,7,1500,1507,80.6,7
4522,5,1502,1507,80.6,5
4582,4,1503,1507,80.6,4
4699,3,1504,1507,80.6,3
4780,2,1505,1507,80.6,2
4639,2,1505,1507,80.6,2
4869,7,1501,1508,80.6,7
4578,7,1501,1508,80.6,7
4325,6,1502,1508,80.6,6
4542,2,1506,1508,80.6,2
4272,7,1503,1510,80.6,7
4432,5,1506,1511,80.6,5
4603,5,1506,1511,80.6,5
4703,4,1507,1511,80.6,4
4365,5,1507,1512,80.6,5
4715,1,1511,1512,80.6,1
4030,9,1504,1513,80.6,9
4682,6,1507,1513,80.6,6
4327,5,1508,1513,80.6,5
4321,3,1510,1513,80.6,3
4437,2,1511,1513,80.6,2
4784,7,1507,1514,80.6,7
4554,6,1508,1514,80.6,6
4385,2,1512,1514,80.6,2
4438,1,1513,1514,80.6,1
4604,8,1507,1515,80.6,8
4456,1,1514,1515,80.6,1
4431,9,1507,1516,80.6,9
4541,9,1507,1516,80.6,9
4883,8,1508,1516,80.6,8
4596,8,1508,1516,80.6,8
4335,3,1513,1516,80.6,3
4322,3,1513,1516,80.6,3
4817,2,1514,1516,80.6,2
4572,2,1514,1516,80.6,2
4613,1,1515,1516,80.6,1
4615,6,1511,1517,80.6,6
4475,2,1515,1517,80.6,2
4347,2,1516,1518,80.6,2
4824,2,1516,1518,80.6,2
4721,7,1512,1519,80.6,7
4032,6,1513,1519,80.6,6
4392,5,1514,1519,80.6,5
4885,3,1516,1519,80.6,3
4624,3,1516,1519,80.6,3
4633,2,1517,1519,80.6,2
4586,4,1516,1520,80.6,4
4353,2,1518,1520,80.6,2
4687,8,1513,1521,80.6,8
4549,5,1516,1521,80.6,5
4399,2,1519,1521,80.6,2
4439,6,1516,1522,80.6,6
4897,3,1519,1522,80.6,3
4338,7,1516,1523,80.6,7
4695,2,1521,1523,80.6,2
4637,8,1516,1524,80.6,8
4729,5,1519,1524,80.6,5
4415,3,1521,1524,80.6,3
4700,1,1523,1524,80.6,1
4495,8,1517,1525,80.6,8
4832,7,1518,1525,80.6,7
4608,5,1520,1525,80.6,5
4453,3,1522,1525,80.6,3
4041,7,1519,1526,80.6,7
4660,7,1519,1526,80.6,7
4371,6,1520,1526,80.6,6
4346,3,1523,1526,80.6,3
4611,1,1525,1526,80.6,1
4481,1,1525,1526,80.6,1
4634,8,1519,1527,80.6,8
4430,3,1524,1527,80.6,3
4553,8,1521,1529,80.6,8
4941,7,1522,1529,80.6,7
4706,5,1524,1529,80.6,5
4851,4,1525,1529,80.6,4
4042,3,1526,1529,80.6,3
4641,6,1524,1530,80.6,6
4508,5,1525,1530,80.6,5
4655,3,1527,1530,80.6,3
4048,2,1529,1531,80.6,2
4614,6,1526,1532,80.6,6
4557,3,1529,1532,80.6,3
4068,1,1531,1532,80.6,1
4768,9,1524,1533,80.6,9
4658,3,1530,1533,80.6,3
4688,8,1526,1534,80.6,8
4348,8,1526,1534,80.6,8
4711,5,1529,1534,80.6,5
4656,4,1530,1534,80.6,4
4379,9,1526,1535,80.6,9
4517,9,1526,1535,80.6,9
4445,9,1527,1536,80.6,9
4944,7,1529,1536,80.6,7
4509,6,1530,1536,80.6,6
4384,1,1535,1536,80.6,1
4531,1,1535,1536,80.6,1
4855,8,1529,1537,80.6,8
4570,5,1532,1537,80.6,5
4076,5,1532,1537,80.6,5
4964,1,1536,1537,80.6,1
4661,5,1533,1538,80.6,5
4362,4,1534,1538,80.6,4
4525,2,1536,1538,80.6,2
4622,7,1532,1539,80.6,7
4866,3,1537,1540,80.6,3
4714,7,1534,1541,80.6,7
4791,9,1533,1542,80.6,9
4974,5,1537,1542,80.6,5
4539,4,1538,1542,80.6,4
4690,9,1534,1543,80.6,9
4671,9,1534,1543,80.6,9
4534,7,1536,1543,80.6,7
4571,6,1537,1543,80.6,6
4369,5,1538,1543,80.6,5
4644,4,1539,1543,80.6,4
4451,8,1536,1544,80.6,8
4387,8,1536,1544,80.6,8
4077,7,1537,1544,80.6,7
4894,4,1540,1544,80.6,4
4547,2,1542,1544,80.6,2
4725,1,1543,1544,80.6,1
4678,7,1538,1545,80.6,7
4986,3,1542,1545,80.6,3
4575,2,1543,1545,80.6,2
4727,1,1544,1545,80.6,1
4701,1,1545,1546,80.6,1
4555,3,1544,1547,80.6,3
4710,1,1546,1547,80.6,1
4726,7,1541,1548,80.6,7
4675,5,1543,1548,80.6,5
4376,5,1543,1548,80.6,5
4648,5,1543,1548,80.6,5
4406,4,1544,1548,80.6,4
4814,7,1542,1549,80.6,7
4587,4,1545,1549,80.6,4
4084,6,1544,1550,80.6,6
4676,2,1548,1550,80.6,2
4651,2,1548,1550,80.6,2
4473,7,1544,1551,80.6,7
4753,6,1545,1551,80.6,6
4566,4,1547,1551,80.6,4
4383,3,1548,1551,80.6,3
4563,9,1543,1552,80.6,9
4909,8,1544,1552,80.6,8
4712,5,1547,1552,80.6,5
4749,4,1548,1552,80.6,4
4990,8,1545,1553,80.6,8
4425,5,1548,1553,80.6,5
4815,5,1549,1554,80.6,5
4086,4,1550,1554,80.6,4
4659,4,1550,1554,80.6,4
4773,3,1551,1554,80.6,3
4580,2,1552,1554,80.6,2
4923,2,1552,1554,80.6,2
4677,5,1550,1555,80.6,5
4411,4,1551,1555,80.6,4
4474,5,1551,1556,80.6,5
4567,5,1551,1556,80.6,5
4440,3,1553,1556,80.6,3
4946,2,1554,1556,80.6,2
4718,1,1555,1556,80.6,1
4478,1,1555,1556,80.6,1
4598,8,1549,1557,80.6,8
4724,5,1552,1557,80.5,5
4816,4,1554,1558,80.5,4
4443,3,1556,1559,80.5,3
4719,3,1556,1559,80.5,3
4496,3,1556,1559,80.5,3
4783,8,1552,1560,80.5,8
4118,6,1554,1560,80.5,6
4574,4,1556,1560,80.5,4
4995,8,1553,1561,80.4,8
4664,7,1554,1561,80.4,7
4747,2,1559,1561,80.4,2
4793,1,1560,1561,80.4,1
4775,8,1554,1562,80.4,8
4607,8,1554,1562,80.4,8
4958,7,1556,1563,80.4,7
4505,4,1559,1563,80.4,4
4519,8,1556,1564,80.4,8
4600,8,1557,1565,80.4,8
4821,3,1562,1565,80.4,3
4748,9,1557,1566,80.4,9
4609,6,1560,1566,80.4,6
4843,9,1558,1567,80.4,9
4818,6,1561,1567,80.4,6
4459,9,1559,1568,80.4,9
4602,3,1565,1568,80.4,3
4137,9,1560,1569,80.4,9
4632,7,1562,1569,80.4,7
4969,6,1563,1569,80.4,6
4606,1,1568,1569,80.4,1
4680,9,1561,1570,80.4,9
4757,9,1561,1570,80.4,9
4636,1,1569,1570,80.4,1
4524,7,1564,1571,80.4,7
4520,9,1563,1572,80.4,9
4759,2,1570,1572,80.4,2
4831,8,1565,1573,80.4,8
4650,7,1566,1573,80.3,7
4532,5,1568,1573,80.3,5
4138,4,1569,1573,80.3,4
4665,4,1570,1574,80.3,4
4521,2,1572,1574,80.3,2
4763,2,1572,1574,80.3,2
4835,1,1573,1574,80.3,1
4761,9,1566,1575,80.3,9
4865,8,1567,1575,80.3,8
4559,2,1573,1575,80.3,2
4702,1,1574,1575,80.3,1
4892,9,1567,1576,80.3,9
4618,8,1569,1577,80.3,8
4788,2,1575,1577,80.3,2
4527,7,1571,1578,80.3,7
4652,5,1573,1578,80.3,5
4772,3,1575,1578,80.3,3
4708,9,1570,1579,80.3,9
4561,5,1574,1579,80.3,5
4777,5,1574,1579,80.3,5
4801,1,1578,1579,80.3,1
4792,3,1577,1580,80.3,3
4159,8,1573,1581,80.3,8
4839,7,1574,1581,80.3,7
4565,6,1575,1581,80.3,6
4893,7,1575,1582,80.3,7
4162,1,1581,1582,80.3,1
4548,5,1578,1583,80.3,5
4713,4,1579,1583,80.3,4
4562,4,1579,1583,80.3,4
4805,3,1580,1583,80.3,3
4165,1,1582,1583,80.3,1
4693,6,1578,1584,80.3,6
4796,5,1579,1584,80.3,5
4895,9,1576,1585,80.3,9
4802,6,1579,1585,80.3,6
4626,9,1577,1586,80.3,9
4592,3,1583,1586,80.3,3
4902,5,1582,1587,80.3,5
4579,4,1583,1587,80.3,4
4573,7,1581,1588,80.3,7
4214,5,1583,1588,80.3,5
4819,3,1585,1588,80.3,3
4841,8,1581,1589,80.3,8
4723,6,1583,1589,80.3,6
4825,6,1583,1589,80.3,6
4720,6,1584,1590,80.3,6
4904,3,1587,1590,80.3,3
4739,1,1589,1590,80.3,1
4628,5,1586,1591,80.3,5
4584,3,1588,1591,80.3,3
4230,4,1588,1592,80.3,4
4734,2,1590,1592,80.3,2
4812,9,1584,1593,80.3,9
4583,6,1587,1593,80.3,6
4833,5,1588,1593,80.3,5
4640,2,1591,1593,80.3,2
4900,9,1585,1594,80.3,9
4597,8,1586,1594,80.3,8
4838,5,1589,1594,80.3,5
4933,5,1590,1595,80.3,5
4643,2,1593,1595,80.3,2
4881,1,1594,1595,80.3,1
4610,4,1593,1597,80.3,4
4867,4,1593,1597,80.3,4
4852,9,1589,1598,80.3,9
4631,7,1591,1598,80.3,7
4619,1,1597,1598,80.3,1
4756,9,1590,1599,80.3,9
4942,4,1595,1599,80.3,4
4629,1,1598,1599,80.3,1
4315,8,1592,1600,80.3,8
4830,7,1593,1600,80.3,7
4746,9,1592,1601,80.3,9
4927,7,1594,1601,80.3,7
4605,7,1594,1601,80.3,7
4668,7,1595,1602,80.3,7
4319,2,1600,1602,80.3,2
4621,1,1601,1602,80.3,1
4873,5,1598,1603,80.3,5
4789,4,1599,1603,80.3,4
4886,9,1595,1604,80.3,9
4943,5,1599,1604,80.3,5
4844,4,1600,1604,80.3,4
4750,3,1601,1604,80.3,3
4390,2,1602,1604,80.3,2
4635,7,1598,1605,80.3,7
4662,3,1602,1605,80.3,3
4751,1,1604,1605,80.3,1
4397,1,1604,1605,80.3,1
4874,9,1597,1606,80.3,9
4646,8,1599,1607,80.3,8
4398,2,1605,1607,80.3,2
4674,6,1602,1608,80.3,6
4947,4,1604,1608,80.3,4
4858,4,1604,1608,80.3,4
4950,8,1601,1609,80.3,8
4882,6,1603,1609,80.3,6
4716,4,1605,1609,80.3,4
4776,4,1605,1609,80.3,4
4653,2,1607,1609,80.3,2
4896,6,1604,1610,80.3,6
4810,8,1603,1611,80.3,8
4735,3,1608,1611,80.3,3
4907,2,1609,1611,80.3,2
4657,7,1605,1612,80.3,7
4951,3,1609,1612,80.3,3
4862,5,1608,1613,80.3,5
4741,2,1611,1613,80.3,2
4876,8,1606,1614,80.3,8
4730,5,1609,1614,80.3,5
4813,3,1611,1614,80.3,3
4404,8,1607,1615,80.3,8
4985,7,1608,1615,80.3,7
4669,8,1609,1617,80.3,8
4924,6,1611,1617,80.3,6
4878,3,1614,1617,80.3,3
4787,9,1609,1618,80.3,9
4663,6,1612,1618,80.3,6
4743,5,1613,1618,80.3,5
4898,1,1617,1618,80.3,1
4954,9,1610,1619,80.3,9
4953,7,1612,1619,80.3,7
4908,1,1618,1619,80.3,1
4828,6,1614,1620,80.3,6
4880,8,1613,1621,80.3,8
4994,2,1619,1621,80.3,2
4760,8,1614,1622,80.3,8
4997,7,1615,1622,80.3,7
4925,5,1617,1622,80.3,5
4929,3,1619,1622,80.3,3
4679,6,1617,1623,80.3,6
4790,5,1618,1623,80.3,5
4846,3,1620,1623,80.3,3
4408,9,1615,1624,80.3,9
4670,6,1618,1624,80.3,6
4962,5,1619,1624,80.3,5
4762,3,1622,1625,80.3,3
4932,3,1622,1625,80.3,3
4683,2,1623,1625,80.3,2
4744,8,1618,1626,80.3,8
4967,2,1624,1626,80.3,2
4698,3,1624,1627,80.3,3
4938,2,1625,1627,80.3,2
4745,1,1626,1627,80.3,1
4888,7,1621,1628,80.3,7
4765,1,1627,1628,80.3,1
4984,7,1622,1629,80.3,7
4705,2,1627,1629,80.3,2
4945,2,1627,1629,80.3,2
4795,7,1623,1630,80.3,7
4979,4,1626,1630,80.3,4
4961,1,1629,1630,80.3,1
4414,7,1624,1631,80.3,7
4771,6,1625,1631,80.3,6
4859,9,1623,1632,80.3,9
4890,4,1628,1632,80.3,4
4685,8,1625,1633,80.3,8
4709,7,1629,1636,80.3,7
4980,6,1630,1636,80.3,6
4782,9,1628,1637,80.3,9
4804,7,1630,1637,80.3,7
4774,6,1631,1637,80.3,6
4968,8,1630,1638,80.3,8
4426,7,1631,1638,80.3,7
4827,2,1637,1639,80.3,2
4861,8,1632,1640,80.3,8
4891,8,1632,1640,80.3,8
4689,7,1633,1640,80.3,7
4717,5,1636,1641,80.3,5
4794,4,1637,1641,80.3,4
4785,4,1637,1641,80.3,4
4849,2,1639,1641,80.3,2
4899,2,1640,1642,80.3,2
4736,1,1641,1642,80.3,1
4972,5,1638,1643,80.3,5
4875,2,1641,1643,80.3,2
4738,1,1642,1643,80.3,1
4800,3,1641,1644,80.3,3
4442,7,1638,1645,80.3,7
4981,3,1643,1646,80.3,3
4887,7,1640,1647,80.3,7
4905,5,1642,1647,80.3,5
4740,5,1643,1648,80.3,5
4694,9,1640,1649,80.3,9
4806,8,1641,1649,80.3,8
4822,6,1644,1650,80.3,6
4820,1,1649,1650,80.3,1
4920,8,1643,1651,80.3,8
4742,3,1648,1651,80.3,3
4903,6,1647,1653,80.3,6
4915,6,1647,1653,80.3,6
4722,4,1649,1653,80.3,4
4853,3,1650,1653,80.3,3
4845,3,1650,1653,80.3,3
4490,9,1645,1654,80.3,9
4926,1,1653,1654,80.3,1
4854,1,1653,1654,80.3,1
4983,9,1646,1655,80.3,9
4767,4,1651,1655,80.3,4
4910,3,1653,1656,80.3,3
4491,2,1654,1656,80.3,2
4948,2,1654,1656,80.3,2
4856,2,1654,1656,80.3,2
4987,2,1655,1657,80.3,2
4965,7,1651,1658,80.3,7
4916,6,1653,1659,80.3,6
4998,2,1658,1660,80.3,2
4803,6,1655,1661,80.3,6
4737,9,1653,1662,80.3,9
4971,6,1656,1662,80.3,6
4922,7,1656,1663,80.3,7
4857,7,1656,1663,80.3,7
4754,1,1662,1663,80.3,1
4497,8,1656,1664,80.3,8
4811,4,1661,1665,80.3,4
4919,7,1659,1666,80.3,7
4936,3,1663,1666,80.3,3
4871,3,1663,1666,80.3,3
4834,2,1665,1667,80.3,2
4589,4,1664,1668,80.3,4
4755,6,1663,1669,80.3,6
4921,4,1666,1670,80.3,4
4911,4,1666,1670,80.3,4
4836,3,1667,1670,80.3,3
4766,4,1669,1673,80.3,4
4769,1,1673,1674,80.3,1
4939,9,1666,1675,80.3,9
4616,9,1668,1677,80.3,9
4937,7,1670,1677,80.3,7
4837,7,1670,1677,80.3,7
4770,3,1674,1677,80.3,3
4917,8,1670,1678,80.3,8
4928,1,1678,1679,80.3,1
4779,4,1677,1681,80.3,4
4955,3,1679,1682,80.3,3
4977,8,1675,1683,80.3,8
4850,6,1677,1683,80.3,6
4623,7,1677,1684,80.3,7
4956,7,1677,1684,80.3,7
4963,3,1682,1685,80.3,3
4973,1,1685,1686,80.3,1
4966,3,1684,1687,80.3,3
4786,7,1681,1688,80.3,7
4863,5,1683,1688,80.3,5
4988,5,1686,1691,80.3,5
4638,9,1684,1693,80.3,9
4889,7,1688,1695,80.3,7
4798,8,1688,1696,80.3,8
4996,5,1691,1696,80.3,5
4642,4,1693,1697,80.3,4
4807,3,1696,1699,80.3,3
4930,8,1695,1703,80.3,8
4809,4,1699,1703,80.3,4
4645,9,1697,1706,80.3,9
4829,5,1703,1708,80.3,5
4931,6,1703,1709,80.3,6
4673,6,1706,1712,80.3,6
4848,8,1708,1716,80.3,8
4949,7,1709,1716,80.3,7
4707,5,1712,1717,80.3,5
4868,2,1716,1718,80.3,2
4952,8,1716,1724,80.3,8
4728,9,1717,1726,80.3,9
4970,2,1724,1726,80.3,2
4884,9,1718,1727,80.3,9
4731,1,1726,1727,80.3,1
4901,2,1727,1729,80.3,2
4914,3,1729,1732,80.3,3
4733,6,1727,1733,80.3,6
4918,6,1732,1738,80.3,6
4823,7,1733,1740,80.3,7
4957,3,1738,1741,80.3,3
4826,6,1740,1746,80.3,6
4840,3,1746,1749,80.3,3
4976,9,1741,1750,80.3,9
4982,2,1750,1752,80.3,2
4989,2,1752,1754,80.3,2
4864,9,1749,1758,80.3,9
4993,5,1754,1759,80.3,5
4870,7,1758,1765,80.3,7
4999,7,1759,1766,80.3,7
4872,8,1765,1773,80.3,8
4877,9,1773,1782,80.3,9
4879,8,1782,1790,80.3,8
4906,3,1790,1793,80.3,3
4912,8,1793,1801,80.3,8
4913,2,1801,1803,80.3,2
4934,8,1803,1811,80.3,8
4935,3,1811,1814,80.3,3
4940,3,1814,1817,80.3,3
4959,5,1817,1822,80.3,5
4960,9,1822,1831,80.3,9
4975,8,1831,1839,80.3,8
4978,3,1839,1842,80.3,3
4991,5,1842,1847,80.3,5
4992,2,1847,1849,80.3,2
