Task_ID,Duration,Start_Time,End_Time,Memory_Usage,Completion_Time
305,1,0,1,84.6,1
136,1,0,1,84.6,1
1756,1,0,1,84.6,1
3268,2,0,2,84.6,2
2403,3,0,3,84.6,3
2308,3,1,4,84.6,3
4594,3,1,4,84.6,3
3250,5,0,5,84.6,5
4483,6,0,6,84.6,6
2012,7,0,7,84.6,7
2888,7,0,7,84.6,7
1951,7,0,7,84.6,7
211,5,2,7,84.6,5
506,8,0,8,84.6,8
3790,8,0,8,84.6,8
2081,4,4,8,84.6,4
419,9,0,9,84.6,9
1266,9,0,9,84.6,9
4784,9,0,9,84.6,9
473,4,5,9,84.6,4
2964,1,8,9,84.6,1
3919,9,1,10,84.6,9
1726,4,6,10,84.6,4
382,2,8,10,84.6,2
1994,8,3,11,84.6,8
4456,4,7,11,84.6,4
2962,1,10,11,84.6,1
4041,5,7,12,84.6,5
105,5,7,12,84.6,5
4425,9,4,13,84.6,9
401,4,9,13,84.6,4
593,3,10,13,84.6,3
3922,2,11,13,84.6,2
802,6,8,14,84.6,6
3167,5,9,14,84.6,5
2455,2,12,14,84.6,2
4004,1,13,14,84.6,1
2096,8,7,15,84.6,8
3888,6,9,15,84.6,6
4249,2,13,15,84.6,2
4419,7,9,16,84.6,7
3063,7,10,17,84.6,7
1550,4,13,17,84.6,4
1465,3,14,17,84.6,3
608,9,9,18,84.6,9
1280,4,14,18,84.6,4
947,2,16,18,84.6,2
836,8,11,19,84.6,8
1075,8,11,19,84.6,8
1444,7,12,19,84.6,7
3108,6,13,19,84.6,6
1003,5,14,19,84.6,5
2385,4,15,19,84.6,4
2863,1,18,19,84.6,1
2353,5,15,20,84.6,5
3166,8,14,22,84.6,8
2340,4,18,22,84.6,4
1255,4,18,22,84.6,4
3244,3,19,22,84.6,3
4197,4,19,23,84.6,4
991,9,15,24,84.6,9
2814,7,17,24,84.6,7
2949,5,19,24,84.6,5
1614,5,19,24,84.6,5
2146,8,17,25,84.6,8
4940,8,17,25,84.6,8
2826,6,19,25,84.6,6
897,1,24,25,84.6,1
1055,7,19,26,84.6,7
2853,4,22,26,84.6,4
3937,7,20,27,84.6,7
4322,5,22,27,84.6,5
754,2,25,27,84.6,2
3405,2,25,27,84.6,2
2525,1,26,27,84.6,1
252,9,19,28,84.6,9
3193,6,23,29,84.6,6
521,5,24,29,84.6,5
3452,2,27,29,84.6,2
1143,2,27,29,84.6,2
4370,8,22,30,84.6,8
3866,9,22,31,84.6,9
3629,4,27,31,84.6,4
4606,8,24,32,84.6,8
4163,8,24,32,84.6,8
918,6,26,32,84.6,6
3752,4,28,32,84.6,4
3381,3,29,32,84.6,3
2175,3,29,32,84.6,3
3198,8,25,33,84.6,8
2620,6,27,33,84.6,6
726,2,31,33,84.6,2
3460,9,25,34,84.6,9
2631,2,32,34,84.6,2
1363,2,32,34,84.6,2
4607,6,29,35,84.6,6
2111,9,27,36,84.6,9
2471,7,29,36,84.6,7
950,2,34,36,84.6,2
4083,1,36,37,84.6,1
810,7,31,38,84.6,7
4616,6,32,38,84.6,6
690,9,30,39,84.6,9
2799,7,32,39,84.6,7
1145,3,36,39,84.6,3
2277,2,38,40,84.6,2
706,9,32,41,84.6,9
3493,9,32,41,84.6,9
4401,8,33,41,84.6,8
4053,8,33,41,84.6,8
3564,5,36,41,84.6,5
2550,4,37,41,84.6,4
1628,9,33,42,84.6,9
1933,7,35,42,84.6,7
3032,3,39,42,84.6,3
1739,1,41,42,84.6,1
890,9,34,43,84.6,9
2401,9,34,43,84.6,9
4525,2,41,43,84.6,2
4976,1,42,43,84.6,1
1401,1,42,43,84.6,1
2375,6,38,44,84.6,6
3279,5,39,44,84.6,5
4556,5,39,44,84.6,5
4213,3,41,44,84.6,3
3875,3,41,44,84.6,3
3387,3,42,45,84.6,3
286,2,43,45,84.6,2
550,1,44,45,84.6,1
2231,4,42,46,84.6,4
2838,3,43,46,84.6,3
1113,3,43,46,84.6,3
883,2,44,46,84.6,2
1985,6,41,47,84.6,6
1410,6,41,47,84.6,6
1928,2,46,48,84.6,2
4210,1,47,48,84.6,1
3739,9,40,49,84.6,9
307,6,43,49,84.6,6
3380,3,46,49,84.6,3
1902,5,45,50,84.6,5
3574,8,43,51,84.6,8
3039,6,45,51,84.6,6
4484,8,44,52,84.6,8
2445,6,46,52,84.6,6
618,4,48,52,84.6,4
1634,9,44,53,84.6,9
860,9,44,53,84.6,9
203,8,45,53,84.6,8
3087,7,46,53,84.6,7
638,6,48,54,84.6,6
2731,5,49,54,84.7,5
3237,5,49,54,84.7,5
4775,1,53,54,84.7,1
874,8,47,55,84.7,8
3794,5,50,55,84.7,5
1999,4,51,55,84.7,4
4245,2,53,55,84.6,2
8,4,52,56,84.6,4
531,3,53,56,84.6,3
3269,8,49,57,84.6,8
3860,5,52,57,84.6,5
1299,2,55,57,84.6,2
4706,6,53,59,84.6,6
1502,5,54,59,84.6,5
3724,4,55,59,84.6,4
826,2,57,59,84.6,2
2798,9,51,60,84.6,9
3207,1,59,60,84.6,1
1871,9,52,61,84.6,9
3026,7,54,61,84.6,7
2048,5,56,61,84.6,5
2616,1,60,61,84.6,1
4685,8,54,62,84.6,8
2940,7,55,62,84.6,7
2672,9,54,63,84.6,9
3264,8,55,63,84.6,8
1108,6,57,63,84.6,6
770,2,61,63,84.6,2
3920,7,57,64,84.6,7
1656,3,61,64,84.6,3
212,9,56,65,84.6,9
3798,6,59,65,84.6,6
2481,6,59,65,84.6,6
2890,3,62,65,84.6,3
4847,2,63,65,84.6,2
1289,6,60,66,84.6,6
2230,1,65,66,84.6,1
4673,4,63,67,84.6,4
3610,9,59,68,84.6,9
649,7,61,68,84.6,7
4644,6,62,68,84.6,6
3822,3,65,68,84.6,3
2980,3,65,68,84.6,3
909,6,63,69,84.6,6
1083,5,64,69,84.6,5
3131,5,64,69,84.6,5
1268,4,65,69,84.6,4
1057,9,61,70,84.6,9
4719,1,69,70,84.6,1
818,8,63,71,84.6,8
4166,6,65,71,84.6,6
2099,4,67,71,84.6,4
714,3,68,71,84.6,3
3366,2,69,71,84.6,2
764,2,69,71,84.6,2
4045,1,71,72,84.6,1
2934,7,66,73,84.6,7
2642,5,68,73,84.6,5
2125,5,68,73,84.6,5
3731,2,71,73,84.6,2
2179,8,66,74,84.6,8
2218,6,68,74,84.6,6
4281,6,68,74,84.6,6
2280,5,69,74,84.6,5
3463,1,74,75,84.6,1
4016,6,70,76,84.6,6
4984,5,71,76,84.6,5
615,3,73,76,84.6,3
2656,4,73,77,84.6,4
2351,7,71,78,84.6,7
2149,7,71,78,84.6,7
2820,9,70,79,84.6,9
232,5,74,79,84.6,5
4997,4,75,79,84.6,4
3429,9,71,80,84.6,9
4255,8,72,80,84.6,8
2292,7,73,80,84.6,7
2705,6,74,80,84.6,6
4283,8,73,81,84.6,8
766,5,76,81,84.6,5
1690,1,80,81,84.6,1
2584,8,74,82,84.6,8
3209,5,77,82,84.6,5
164,2,80,82,84.6,2
249,4,79,83,84.6,4
480,1,82,83,84.6,1
598,8,76,84,84.6,8
2138,8,76,84,84.6,8
696,4,80,84,84.6,4
662,6,79,85,84.6,6
4515,5,80,85,84.6,5
3865,3,82,85,84.6,3
4298,8,78,86,84.6,8
4350,2,84,86,84.6,2
603,1,85,86,84.6,1
2078,9,78,87,84.6,9
2319,8,79,87,84.6,8
659,4,83,87,84.6,4
227,3,84,87,84.6,3
4490,7,81,88,84.6,7
2418,1,87,88,84.6,1
4906,8,81,89,84.6,8
2571,7,82,89,84.6,7
1709,5,84,89,84.6,5
508,3,86,89,84.6,3
2053,9,81,90,84.6,9
1420,7,83,90,84.6,7
923,5,85,90,84.6,5
2935,5,85,90,84.6,5
2463,4,86,90,84.6,4
1367,1,89,90,84.6,1
4420,5,86,91,84.6,5
3898,4,87,91,84.6,4
2470,4,87,91,84.6,4
863,2,89,91,84.6,2
3666,3,89,92,84.6,3
4749,3,89,92,84.6,3
3713,2,90,92,84.6,2
1637,2,90,92,84.6,2
761,1,91,92,84.6,1
621,1,91,92,84.6,1
4720,6,87,93,84.6,6
4014,3,90,93,84.6,3
3360,4,90,94,84.6,4
4591,7,88,95,84.6,7
1923,4,91,95,84.6,4
685,4,92,96,84.6,4
1625,9,88,97,84.6,9
3783,7,90,97,84.6,7
1341,6,91,97,84.6,6
3582,2,95,97,84.6,2
3302,6,92,98,84.6,6
957,5,93,98,84.6,5
2966,9,90,99,84.6,9
2200,7,92,99,84.6,7
2300,1,98,99,84.6,1
2103,8,92,100,84.6,8
2080,7,93,100,84.6,7
0,3,97,100,84.6,3
4302,9,92,101,84.6,9
4273,9,92,101,84.6,9
1997,4,97,101,84.6,4
2925,6,96,102,84.6,6
1158,9,94,103,84.6,9
2388,8,95,103,84.6,8
1432,4,99,103,84.6,4
1583,4,99,103,84.6,4
1291,2,101,103,84.6,2
2459,2,101,103,84.6,2
1528,7,97,104,84.6,7
3844,5,99,104,84.6,5
3040,8,97,105,84.6,8
1811,7,98,105,84.6,7
1755,2,103,105,84.6,2
157,1,104,105,84.6,1
1494,1,104,105,84.6,1
2778,7,100,107,84.6,7
327,4,103,107,84.6,4
1124,2,105,107,84.6,2
1474,7,101,108,84.6,7
1332,9,100,109,84.6,9
938,9,100,109,84.5,9
1137,6,103,109,84.5,6
2920,6,103,109,84.5,6
4657,4,105,109,84.5,4
4183,4,105,109,84.5,4
592,8,102,110,84.5,8
437,8,103,111,84.5,8
1661,4,107,111,84.5,4
2992,2,109,111,84.5,2
96,1,110,111,84.5,1
1180,9,103,112,84.5,9
3375,5,107,112,84.5,5
2762,3,109,112,84.5,3
3834,9,105,114,84.5,9
4898,9,105,114,84.5,9
1455,3,111,114,84.5,3
3287,2,112,114,84.5,2
4601,3,112,115,84.5,3
1913,9,107,116,84.5,9
4814,7,109,116,84.5,7
1829,5,111,116,84.5,5
4576,5,111,116,84.5,5
2848,5,111,116,84.5,5
4457,2,114,116,84.5,2
1623,9,108,117,84.5,9
2556,8,109,117,84.5,8
4700,8,109,117,84.5,8
1051,8,109,117,84.5,8
2045,1,116,117,84.5,1
4326,5,114,119,84.5,5
4721,8,112,120,84.5,8
4623,6,114,120,84.5,6
4070,5,115,120,84.5,5
4967,4,116,120,84.5,4
4539,4,116,120,84.5,4
2729,3,117,120,84.5,3
3054,3,117,120,84.5,3
749,3,117,120,84.5,3
4117,1,119,120,84.5,1
4493,5,116,121,84.5,5
820,4,117,121,84.5,4
3126,8,114,122,84.5,8
1832,6,116,122,84.5,6
1023,6,116,122,84.5,6
1660,2,120,122,84.5,2
265,3,120,123,84.5,3
3751,1,122,123,84.5,1
4909,4,120,124,84.5,4
2456,4,120,124,84.5,4
3067,2,122,124,84.5,2
1168,1,123,124,84.5,1
2157,8,117,125,84.5,8
2536,5,120,125,84.5,5
4247,3,122,125,84.5,3
418,1,124,125,84.5,1
1056,3,123,126,84.5,3
4286,7,120,127,84.5,7
4947,1,126,127,84.5,1
877,8,120,128,84.5,8
3146,6,122,128,84.5,6
4971,3,125,128,84.5,3
4233,3,125,128,84.5,3
3145,1,127,128,84.5,1
3987,9,120,129,84.5,9
3461,9,120,129,84.5,9
177,8,121,129,84.5,8
97,1,128,129,84.5,1
3577,9,121,130,84.5,9
3474,6,124,130,84.6,6
3389,3,127,130,84.6,3
4291,2,128,130,84.6,2
3591,7,124,131,84.6,7
429,7,124,131,84.6,7
2225,3,128,131,84.6,3
846,7,125,132,84.6,7
2020,9,125,134,84.6,9
1330,5,129,134,84.6,5
3030,7,128,135,84.6,7
2298,6,129,135,84.6,6
2549,4,131,135,84.6,4
570,8,128,136,84.6,8
2254,8,129,137,84.6,8
2204,7,130,137,84.6,7
872,9,129,138,84.6,9
116,8,130,138,84.6,8
652,3,135,138,84.6,3
372,2,136,138,84.6,2
1666,9,130,139,84.6,9
3788,9,130,139,84.6,9
3080,8,131,139,84.6,8
4353,8,131,139,84.6,8
380,7,132,139,84.6,7
2380,2,137,139,84.6,2
4102,6,134,140,84.6,6
210,6,134,140,84.6,6
522,5,135,140,84.6,5
878,2,138,140,84.6,2
3599,2,138,140,84.6,2
917,1,140,141,84.6,1
1293,4,138,142,84.6,4
1467,3,139,142,84.6,3
1160,3,139,142,84.6,3
3210,2,140,142,84.6,2
171,2,140,142,84.6,2
1305,6,137,143,84.6,6
4803,4,139,143,84.6,4
886,1,142,143,84.6,1
2583,9,135,144,84.6,9
3448,5,139,144,84.6,5
1764,3,141,144,84.6,3
4271,3,142,145,84.6,3
1593,7,139,146,84.6,7
31,4,142,146,84.6,4
4968,3,143,146,84.6,3
4402,9,138,147,84.6,9
3607,8,139,147,84.6,8
1782,7,140,147,84.6,7
1722,5,142,147,84.6,5
2952,5,142,147,84.6,5
2854,4,143,147,84.6,4
3289,9,140,149,84.6,9
3853,6,144,150,84.6,6
3089,4,146,150,84.6,4
2061,7,144,151,84.6,7
4544,5,146,151,84.6,5
3858,4,147,151,84.6,4
3311,4,147,151,84.6,4
3892,2,149,151,84.6,2
4509,9,143,152,84.6,9
2014,9,144,153,84.6,9
4950,8,145,153,84.6,8
1851,6,147,153,84.6,6
1827,8,146,154,84.6,8
4526,3,151,154,84.6,3
4459,8,147,155,84.6,8
3729,4,151,155,84.6,4
3119,2,153,155,84.6,2
1526,2,153,155,84.6,2
2129,9,147,156,84.6,9
2990,9,147,156,84.6,9
2801,5,151,156,84.6,5
1350,1,155,156,84.6,1
4133,4,153,157,84.6,4
3004,3,154,157,84.6,3
1791,8,150,158,84.6,8
2931,8,150,158,84.6,8
56,6,152,158,84.6,6
4958,2,156,158,84.6,2
3165,8,151,159,84.6,8
4171,8,151,159,84.6,8
3534,2,157,159,84.6,2
3845,1,158,159,84.6,1
2135,4,156,160,84.6,4
446,3,157,160,84.6,3
1222,1,159,160,84.6,1
4668,7,154,161,84.6,7
2151,6,155,161,84.6,6
95,3,158,161,84.6,3
880,2,159,161,84.6,2
4240,7,155,162,84.6,7
1954,6,156,162,84.6,6
2946,8,155,163,84.6,8
3839,1,162,163,84.6,1
4265,5,159,164,84.6,5
2342,3,161,164,84.6,3
2809,9,156,165,84.6,9
3929,5,160,165,84.6,5
1592,4,161,165,84.6,4
4824,4,161,165,84.6,4
2154,8,158,166,84.6,8
1127,8,158,166,84.6,8
1922,6,160,166,84.6,6
1437,8,159,167,84.6,8
3916,2,165,167,84.6,2
1697,2,165,167,84.6,2
523,1,166,167,84.6,1
4080,8,160,168,84.6,8
3317,4,164,168,84.6,4
562,3,165,168,84.6,3
1752,2,166,168,84.6,2
1718,8,161,169,84.6,8
3001,4,165,169,84.6,4
3646,1,168,169,84.6,1
1141,7,163,170,84.6,7
336,3,167,170,84.6,3
1817,9,162,171,84.6,9
3728,8,163,171,84.6,8
3852,4,167,171,84.6,4
4087,2,169,171,84.6,2
3050,5,167,172,84.6,5
3163,2,170,172,84.6,2
1961,9,164,173,84.6,9
3641,7,166,173,84.6,7
524,6,167,173,84.6,6
704,3,170,173,84.6,3
1397,6,168,174,84.6,6
406,3,171,174,84.6,3
2609,2,172,174,84.6,2
2430,6,169,175,84.6,6
1426,4,171,175,84.6,4
1653,7,169,176,84.6,7
4066,4,172,176,84.6,4
3967,9,168,177,84.6,9
30,9,168,177,84.6,9
1667,6,171,177,84.6,6
4960,7,171,178,84.6,7
939,4,174,178,84.6,4
507,4,174,178,84.6,4
1546,3,175,178,84.6,3
2617,2,176,178,84.6,2
3243,1,177,178,84.6,1
4975,6,173,179,84.6,6
1862,6,173,179,84.6,6
1657,1,178,179,84.6,1
4361,3,177,180,84.6,3
4244,2,178,180,84.6,2
420,2,178,180,84.6,2
3423,8,173,181,84.6,8
1675,8,173,181,84.6,8
4863,7,174,181,84.6,7
1007,1,180,181,84.6,1
4788,5,177,182,84.6,5
4232,4,178,182,84.6,4
255,1,181,182,84.6,1
4092,9,175,184,84.6,9
3677,5,179,184,84.6,5
2102,4,180,184,84.6,4
3431,9,176,185,84.6,9
3228,6,179,185,84.6,6
1952,8,178,186,84.6,8
1177,6,180,186,84.6,6
457,4,182,186,84.6,4
2909,1,185,186,84.6,1
2332,9,178,187,84.6,9
2772,8,179,187,84.6,8
172,2,185,187,84.6,2
106,7,181,188,84.6,7
2357,2,186,188,84.6,2
1199,1,187,188,84.6,1
1402,5,184,189,84.6,5
2517,9,181,190,84.6,9
1943,9,181,190,84.6,9
2207,8,182,190,84.6,8
2869,8,182,190,84.6,8
94,5,186,191,84.6,5
3295,2,189,191,84.6,2
4829,1,190,191,84.6,1
3770,8,184,192,84.6,8
2343,8,184,192,84.6,8
3867,6,186,192,84.6,6
3891,5,187,192,84.6,5
4065,4,188,192,84.6,4
3949,2,190,192,84.6,2
198,2,190,192,84.6,2
2989,5,188,193,84.6,5
1681,8,186,194,84.6,8
3212,7,187,194,84.6,7
858,2,192,194,84.6,2
4325,7,188,195,84.6,7
123,4,191,195,84.6,4
1586,5,191,196,84.6,5
359,4,192,196,84.6,4
3905,4,192,196,84.6,4
2957,2,194,196,84.6,2
2685,6,191,197,84.6,6
4966,2,195,197,84.6,2
3520,1,196,197,84.6,1
4536,8,190,198,84.6,8
2030,6,192,198,84.6,6
1978,6,192,198,84.6,6
3235,6,192,198,84.6,6
3645,5,194,199,84.6,5
3043,8,192,200,84.6,8
4942,4,196,200,84.6,4
228,6,195,201,84.6,6
428,3,198,201,84.6,3
4334,9,193,202,84.6,9
3106,8,194,202,84.6,8
290,5,197,202,84.6,5
2031,4,198,202,84.6,4
1563,2,200,202,84.6,2
2329,1,201,202,84.6,1
1351,7,196,203,84.6,7
1269,6,197,203,84.6,6
3515,1,202,203,84.6,1
75,8,196,204,84.6,8
1130,4,200,204,84.6,4
4293,3,201,204,84.6,3
944,8,197,205,84.6,8
2398,8,198,206,84.6,8
4292,4,202,206,84.6,4
4026,9,198,207,84.6,9
1433,8,199,207,84.6,8
1125,4,203,207,84.6,4
4547,6,202,208,84.6,6
4608,4,204,208,84.6,4
4695,2,206,208,84.6,2
4779,7,202,209,84.6,7
853,6,203,209,84.6,6
3708,6,203,209,84.6,6
2791,8,202,210,84.6,8
624,8,202,210,84.6,8
646,5,205,210,84.6,5
1613,1,209,210,84.6,1
2109,7,204,211,84.6,7
269,4,207,211,84.6,4
1790,3,208,211,84.6,3
904,8,204,212,84.6,8
291,5,207,212,84.6,5
4297,3,209,212,84.6,3
2770,3,209,212,84.6,3
4123,7,206,213,84.6,7
3049,6,207,213,84.6,6
2394,3,210,213,84.6,3
1486,3,211,214,84.6,3
195,2,212,214,84.6,2
1017,7,208,215,84.6,7
1606,5,210,215,84.6,5
342,5,210,215,84.6,5
1769,3,212,215,84.6,3
4819,2,213,215,84.6,2
3982,4,212,216,84.6,4
4637,9,208,217,84.6,9
2922,6,211,217,84.6,6
4118,5,212,217,84.6,5
4346,8,210,218,84.6,8
3488,5,213,218,84.6,5
3699,5,213,218,84.6,5
4504,1,218,219,84.6,1
962,9,211,220,84.6,9
744,3,217,220,84.6,3
4571,6,215,221,84.6,6
1945,6,215,221,84.6,6
98,6,215,221,84.6,6
2374,4,217,221,84.6,4
2591,8,214,222,84.6,8
2696,8,214,222,84.6,8
4703,2,220,222,84.6,2
452,1,221,222,84.6,1
2117,8,215,223,84.6,8
1303,8,215,223,84.6,8
4266,5,218,223,84.6,5
1683,8,216,224,84.6,8
4295,5,219,224,84.6,5
3402,4,221,225,84.6,4
3687,3,222,225,84.6,3
4389,2,223,225,84.6,2
119,2,223,225,84.6,2
2611,9,217,226,84.6,9
1078,5,221,226,84.6,5
349,3,223,226,84.6,3
3450,2,224,226,84.6,2
940,1,225,226,84.6,1
4500,9,218,227,84.6,9
698,5,222,227,84.6,5
965,1,226,227,84.6,1
2504,7,221,228,84.6,7
77,6,222,228,84.6,6
4816,9,220,229,84.6,9
4791,2,227,229,84.6,2
3444,3,227,230,84.6,3
3643,1,229,230,84.6,1
1599,9,222,231,84.6,9
240,7,224,231,84.6,7
1063,6,226,232,84.6,6
326,6,226,232,84.6,6
2775,4,228,232,84.6,4
1967,8,225,233,84.6,8
1034,8,225,233,84.6,8
2145,1,232,233,84.6,1
2520,9,225,234,84.6,9
1457,8,226,234,84.6,8
3754,1,233,234,84.6,1
2060,9,226,235,84.6,9
1066,7,228,235,84.6,7
3422,6,229,235,84.6,6
1587,5,230,235,84.6,5
3124,4,231,235,84.6,4
1144,9,227,236,84.6,9
149,6,230,236,84.6,6
2264,2,235,237,84.6,2
1956,2,235,237,84.6,2
1519,7,231,238,84.6,7
469,4,234,238,84.6,4
2279,7,232,239,84.6,7
4687,4,235,239,84.6,4
4554,2,237,239,84.6,2
69,7,233,240,84.6,7
2360,5,235,240,84.6,5
2462,9,232,241,84.6,9
1630,8,233,241,84.6,8
2069,4,237,241,84.6,4
1106,8,234,242,84.6,8
3303,8,234,242,84.6,8
3735,3,239,242,84.6,3
2930,8,235,243,84.6,8
2737,7,236,243,84.6,7
4284,4,239,243,84.6,4
2773,2,241,243,84.6,2
2345,1,242,243,84.6,1
1996,8,236,244,84.6,8
4047,6,238,244,84.6,6
4725,3,241,244,84.6,3
483,1,243,244,84.6,1
1843,6,239,245,84.6,6
3401,4,241,245,84.6,4
3363,4,242,246,84.6,4
1393,4,242,246,84.6,4
2023,3,243,246,84.6,3
2483,3,243,246,84.6,3
4780,9,238,247,84.6,9
995,3,244,247,84.6,3
4205,8,240,248,84.6,8
310,5,243,248,84.6,5
1513,9,240,249,84.6,9
1610,5,245,250,84.6,5
2369,5,245,250,84.6,5
1473,4,246,250,84.6,4
1523,8,243,251,84.6,8
4172,7,244,251,84.6,7
1716,4,247,251,84.6,4
1315,4,247,251,84.6,4
76,8,244,252,84.6,8
3821,2,250,252,84.6,2
2134,9,244,253,84.6,9
1218,7,246,253,84.6,7
154,7,246,253,84.6,7
1780,8,246,254,84.6,8
3887,3,251,254,84.6,3
1172,5,250,255,84.6,5
2917,2,253,255,84.6,2
2359,5,251,256,84.6,5
914,9,248,257,84.6,9
3816,9,248,257,84.6,9
2098,6,251,257,84.6,6
4074,5,252,257,84.6,5
3334,9,249,258,84.6,9
3353,4,254,258,84.6,4
2185,2,256,258,84.6,2
4006,9,250,259,84.6,9
2988,7,252,259,84.6,7
3016,6,253,259,84.6,6
4466,4,255,259,84.6,4
2625,4,255,259,84.6,4
4050,9,251,260,84.6,9
2965,7,253,260,84.6,7
3797,6,254,260,84.6,6
2567,2,258,260,84.6,2
4007,1,260,261,84.6,1
2743,5,257,262,84.6,5
4428,3,259,262,84.6,3
1812,4,259,263,84.6,4
4128,4,259,263,84.6,4
3555,3,260,263,84.6,3
4896,7,257,264,84.6,7
3682,6,258,264,84.6,6
3558,2,262,264,84.6,2
3585,1,263,264,84.6,1
1837,8,257,265,84.6,8
2464,8,257,265,84.6,8
4683,6,259,265,84.6,6
2508,8,258,266,84.6,8
2806,7,259,266,84.6,7
214,4,263,267,84.6,4
4830,8,260,268,84.6,8
2932,4,264,268,84.6,4
151,3,265,268,84.6,3
3573,1,267,268,84.6,1
4810,9,260,269,84.6,9
1809,8,261,269,84.6,8
139,6,263,269,84.6,6
4818,3,266,269,84.6,3
4017,1,268,269,84.6,1
278,6,264,270,84.6,6
415,6,264,270,84.6,6
1844,5,265,270,84.6,5
322,9,262,271,84.6,9
3773,7,264,271,84.6,7
2287,1,270,271,84.6,1
2602,7,265,272,84.6,7
1763,3,269,272,84.6,3
113,2,270,272,84.6,2
3570,7,266,273,84.6,7
2199,4,269,273,84.6,4
2055,1,272,273,84.6,1
2604,6,268,274,84.6,6
799,4,270,274,84.6,4
4903,2,272,274,84.6,2
2914,7,268,275,84.6,7
596,6,269,275,84.6,6
2727,4,271,275,84.6,4
2646,3,272,275,84.6,3
2903,8,268,276,84.6,8
3712,7,269,276,84.6,7
449,2,274,276,84.6,2
784,1,275,276,84.6,1
1937,8,269,277,84.6,8
577,1,276,277,84.6,1
4781,5,273,278,84.6,5
4756,5,273,278,84.6,5
951,3,275,278,84.6,3
2348,8,271,279,84.6,8
155,8,271,279,84.6,8
699,5,274,279,84.6,5
767,4,275,279,84.6,4
4084,7,273,280,84.6,7
2979,3,277,280,84.6,3
4674,2,278,280,84.6,2
571,2,278,280,84.6,2
3155,1,279,280,84.6,1
4097,3,278,281,84.6,3
3199,8,274,282,84.6,8
2124,7,275,282,84.6,7
235,3,279,282,84.6,3
4793,2,280,282,84.6,2
3195,6,277,283,84.6,6
1134,3,280,283,84.6,3
1348,2,281,283,84.6,2
4750,1,282,283,84.6,1
1370,8,276,284,84.6,8
2712,8,276,284,84.6,8
4995,8,276,284,84.6,8
590,1,283,284,84.6,1
568,3,282,285,84.6,3
370,3,282,285,84.6,3
4635,1,284,285,84.6,1
2733,7,279,286,84.6,7
1853,2,284,286,84.6,2
2368,2,284,286,84.6,2
4732,8,279,287,84.6,8
143,4,283,287,84.6,4
1558,8,280,288,84.6,8
3740,9,280,289,84.6,9
4155,9,280,289,84.6,9
2647,7,283,290,84.6,7
2568,7,283,290,84.6,7
3436,6,284,290,84.6,6
422,5,285,290,84.6,5
711,4,286,290,84.6,4
90,9,282,291,84.6,9
369,1,290,291,84.6,1
4970,1,290,291,84.6,1
4091,7,285,292,84.6,7
3339,6,286,292,84.6,6
3868,6,287,293,84.6,6
4438,3,290,293,84.6,3
4432,9,285,294,84.6,9
91,8,286,294,84.6,8
945,5,289,294,84.6,5
3596,5,289,294,84.6,5
689,4,290,294,84.6,4
2645,2,292,294,84.6,2
2693,8,287,295,84.6,8
1477,5,290,295,84.6,5
4081,4,291,295,84.6,4
854,1,294,295,84.6,1
4068,8,288,296,84.6,8
675,2,294,296,84.6,2
3159,3,294,297,84.6,3
16,7,291,298,84.6,7
2999,6,292,298,84.6,6
3737,5,293,298,84.6,5
2692,3,295,298,84.6,3
427,8,291,299,84.6,8
3539,6,293,299,84.6,6
3301,5,294,299,84.6,5
2635,4,295,299,84.6,4
683,6,294,300,84.6,6
2714,4,296,300,84.6,4
152,4,296,300,84.6,4
4801,2,298,300,84.6,2
4374,1,299,300,84.6,1
2378,1,300,301,84.6,1
4766,8,294,302,84.6,8
3240,2,300,302,84.6,2
1673,8,295,303,84.6,8
4708,2,301,303,84.6,2
462,9,295,304,84.6,9
37,7,297,304,84.6,7
4760,2,302,304,84.6,2
188,6,299,305,84.6,6
2780,5,300,305,84.6,5
3795,1,304,305,84.6,1
2181,8,298,306,84.6,8
1270,8,298,306,84.6,8
3963,4,302,306,84.6,4
1624,9,298,307,84.6,9
976,8,299,307,84.6,8
1684,4,303,307,84.6,4
3660,9,299,308,84.6,9
294,8,300,308,84.6,8
3416,8,300,308,84.6,8
1151,1,307,308,84.6,1
3374,5,304,309,84.6,5
66,5,304,309,84.6,5
61,5,305,310,84.6,5
4922,5,305,310,84.6,5
2101,5,306,311,84.6,5
1734,5,306,311,84.6,5
2659,9,303,312,84.6,9
4159,4,309,313,84.6,4
3991,9,305,314,84.6,9
4651,8,306,314,84.6,8
4786,7,307,314,84.6,7
3245,6,308,314,84.6,6
4553,6,308,314,84.6,6
4454,2,312,314,84.6,2
1140,9,307,316,84.6,9
4573,8,308,316,84.6,8
4677,7,309,316,84.6,7
4403,2,314,316,84.6,2
2969,2,314,316,84.6,2
2072,9,308,317,84.6,9
347,6,311,317,84.6,6
1342,3,314,317,84.6,3
1676,1,316,317,84.6,1
517,8,310,318,84.6,8
2013,4,314,318,84.6,4
4800,9,310,319,84.6,9
3723,8,311,319,84.6,8
2016,6,314,320,84.6,6
339,6,314,320,84.6,6
3678,4,316,320,84.6,4
2112,4,316,320,84.6,4
4143,8,313,321,84.6,8
2865,4,317,321,84.6,4
4328,3,318,321,84.6,3
3073,2,319,321,84.6,2
3764,6,316,322,84.6,6
3410,2,320,322,84.6,2
3225,6,317,323,84.6,6
4876,3,320,323,84.6,3
4256,3,320,323,84.6,3
4676,2,321,323,84.6,2
1253,2,321,323,84.6,2
4031,8,316,324,84.6,8
399,7,317,324,84.6,7
3985,2,323,325,84.6,2
3873,9,317,326,84.6,9
2486,7,319,326,84.6,7
220,4,322,326,84.6,4
3535,3,323,326,84.6,3
1749,2,324,326,84.6,2
4056,9,318,327,84.6,9
1327,7,320,327,84.6,7
1882,5,322,327,84.6,5
3213,2,325,327,84.6,2
2655,1,326,327,84.6,1
2042,3,326,329,84.6,3
86,9,321,330,84.6,9
4835,9,321,330,84.6,9
510,8,323,331,84.6,8
2915,8,323,331,84.6,8
3349,8,323,331,84.6,8
3957,7,324,331,84.6,7
2500,4,327,331,84.6,4
1850,2,329,331,84.6,2
4567,6,326,332,84.6,6
304,6,326,332,84.6,6
1611,1,331,332,84.6,1
2911,1,331,332,84.6,1
311,1,331,332,84.6,1
847,7,326,333,84.6,7
843,3,330,333,84.6,3
57,7,327,334,84.6,7
697,7,327,334,84.6,7
942,4,330,334,84.6,4
4585,3,331,334,84.6,3
2226,1,333,334,84.6,1
1830,8,327,335,84.6,8
3965,3,332,335,84.6,3
3011,9,327,336,84.6,9
3827,5,331,336,84.6,5
4173,4,332,336,84.6,4
4508,5,332,337,84.6,5
295,3,334,337,84.6,3
107,2,335,337,84.6,2
1615,1,336,337,84.6,1
3465,7,331,338,84.6,7
1815,4,334,338,84.6,4
392,7,332,339,84.6,7
4806,8,332,340,84.6,8
2497,6,334,340,84.6,6
1257,7,334,341,84.6,7
3508,5,336,341,84.6,5
4893,3,338,341,84.6,3
543,9,333,342,84.6,9
1447,7,335,342,84.6,7
2695,5,337,342,84.6,5
2139,9,334,343,84.6,9
2955,7,336,343,84.6,7
1590,6,337,343,84.6,6
3253,2,341,343,84.6,2
794,7,337,344,84.6,7
4433,6,338,344,84.6,6
985,3,341,344,84.6,3
4913,9,337,346,84.6,9
3664,7,339,346,84.6,7
539,6,340,346,84.6,6
277,6,341,347,84.6,6
1731,3,344,347,84.6,3
1146,3,344,347,84.6,3
4888,8,340,348,84.6,8
4672,6,342,348,84.6,6
2721,5,343,348,84.6,5
997,2,346,348,84.6,2
1869,7,342,349,84.6,7
4558,2,347,349,84.6,2
1283,7,343,350,84.6,7
546,7,343,350,84.6,7
1331,7,343,350,84.6,7
2702,6,344,350,84.6,6
1561,2,348,350,84.6,2
778,1,349,350,84.6,1
4643,9,342,351,84.6,9
2113,5,346,351,84.6,5
1247,3,348,351,84.6,3
1027,3,348,351,84.6,3
2519,6,346,352,84.6,6
1183,4,348,352,84.6,4
273,1,351,352,84.6,1
3173,4,349,353,84.6,4
1939,3,350,353,84.6,3
3362,3,350,353,84.6,3
1721,3,351,354,84.6,3
270,2,352,354,84.6,2
666,8,347,355,84.6,8
2114,4,351,355,84.6,4
1312,9,347,356,84.6,9
4640,6,350,356,84.6,6
2350,6,350,356,84.6,6
80,6,350,356,84.6,6
1088,5,352,357,84.6,5
3879,4,353,357,84.6,4
994,1,356,357,84.6,1
3336,1,356,357,84.6,1
3808,6,352,358,84.6,6
3464,3,355,358,84.6,3
1584,9,350,359,84.6,9
2971,8,351,359,84.6,8
2676,6,353,359,84.6,6
885,5,354,359,84.6,5
540,4,355,359,84.6,4
1115,4,356,360,84.6,4
1794,1,359,360,84.6,1
1276,8,353,361,84.6,8
367,1,360,361,84.6,1
1991,5,357,362,84.6,5
2756,5,357,362,84.6,5
1883,3,359,362,84.6,3
3526,3,359,362,84.6,3
1518,3,359,362,84.6,3
89,1,361,362,84.6,1
2077,9,354,363,84.6,9
321,7,356,363,84.6,7
4598,1,362,363,84.6,1
205,4,360,364,84.6,4
3064,1,363,364,84.6,1
4765,3,362,365,84.6,3
2716,9,357,366,84.6,9
340,9,357,366,84.6,9
2674,8,358,366,84.6,8
4974,5,361,366,84.6,5
988,9,358,367,84.6,9
2763,5,362,367,84.6,5
1555,9,359,368,84.6,9
4907,6,362,368,84.6,6
1915,6,362,368,84.6,6
520,3,365,368,84.6,3
4264,3,366,369,84.6,3
4332,1,368,369,84.6,1
3005,8,362,370,84.6,8
1304,3,367,370,84.6,3
1795,8,363,371,84.6,8
51,7,364,371,84.6,7
1639,3,368,371,84.6,3
954,9,363,372,84.6,9
1772,6,366,372,84.6,6
4882,6,366,372,84.6,6
3468,5,367,372,84.6,5
2140,4,368,372,84.6,4
4597,1,371,372,84.6,1
184,9,364,373,84.6,9
641,8,366,374,84.6,8
3332,5,369,374,84.6,5
3601,4,370,374,84.6,4
4964,6,369,375,84.6,6
4394,4,371,375,84.6,4
3132,3,372,375,84.6,3
2301,3,372,375,84.6,3
2400,9,368,377,84.6,9
2681,6,371,377,84.6,6
398,6,372,378,84.6,6
4686,3,375,378,84.6,3
4393,1,377,378,84.6,1
2879,9,370,379,84.6,9
335,7,372,379,84.6,7
814,7,372,379,84.6,7
4234,6,373,379,84.6,6
404,5,375,380,84.6,5
275,1,379,380,84.6,1
3326,9,372,381,84.6,9
2832,6,375,381,84.6,6
4528,3,378,381,84.6,3
852,2,379,381,84.6,2
3439,2,379,381,84.6,2
2528,8,374,382,84.6,8
798,8,374,382,84.6,8
3196,4,378,382,84.6,4
1950,9,374,383,84.6,9
3333,9,375,384,84.6,9
2817,5,379,384,84.6,5
3096,3,381,384,84.6,3
1288,2,382,384,84.6,2
3747,8,377,385,84.6,8
4437,4,381,385,84.6,4
3994,4,381,385,84.6,4
1747,4,382,386,84.6,4
4027,9,378,387,84.6,9
3823,5,382,387,84.6,5
3738,3,384,387,84.6,3
2019,2,385,387,84.6,2
159,7,381,388,84.6,7
2532,9,380,389,84.6,9
68,9,380,389,84.6,9
2397,8,381,389,84.6,8
4822,4,385,389,84.6,4
1353,3,386,389,84.6,3
1326,7,383,390,84.6,7
2293,6,384,390,84.6,6
3142,3,387,390,84.6,3
2440,7,384,391,84.6,7
3807,2,389,391,84.6,2
648,8,384,392,84.6,8
3973,7,385,392,84.6,7
3438,3,389,392,84.6,3
4011,2,390,392,84.6,2
2222,3,390,393,84.6,3
1080,7,387,394,84.6,7
1254,3,391,394,84.6,3
998,8,387,395,84.6,8
2386,6,389,395,84.6,6
222,3,392,395,84.6,3
978,1,394,395,84.6,1
2691,1,394,395,84.6,1
3368,9,387,396,84.6,9
3846,8,388,396,84.6,8
1953,6,390,396,84.6,6
974,5,391,396,84.6,5
502,4,392,396,84.6,4
4149,8,389,397,84.6,8
2050,2,395,397,84.6,2
1391,1,396,397,84.6,1
1741,9,389,398,84.6,9
2502,2,396,398,84.6,2
4392,2,396,398,84.6,2
4140,2,396,398,84.6,2
579,7,392,399,84.6,7
2901,4,395,399,84.6,4
2958,8,392,400,84.6,8
1346,3,397,400,84.6,3
4737,2,398,400,84.6,2
1652,5,396,401,84.6,5
4069,1,400,401,84.6,1
395,9,393,402,84.6,9
161,7,395,402,84.6,7
3186,7,395,402,84.6,7
293,4,398,402,84.6,4
793,4,398,402,84.6,4
230,6,397,403,84.6,6
2739,5,398,403,84.6,5
2824,3,400,403,84.6,3
4934,2,401,403,84.6,2
460,2,401,403,84.6,2
3536,9,395,404,84.6,9
2771,2,402,404,84.6,2
559,1,403,404,84.6,1
1732,6,399,405,84.6,6
1015,2,403,405,84.6,2
2193,2,403,405,84.6,2
2432,9,397,406,84.6,9
3655,7,399,406,84.6,7
2621,4,402,406,84.6,4
2530,3,403,406,84.6,3
2297,7,400,407,84.6,7
574,5,402,407,84.6,5
1360,2,405,407,84.6,2
4787,6,402,408,84.6,6
1846,6,404,410,84.6,6
2214,4,406,410,84.6,4
2511,9,402,411,84.6,9
2612,7,404,411,84.6,7
2912,9,403,412,84.6,9
1501,7,405,412,84.6,7
2144,9,404,413,84.6,9
519,5,408,413,84.6,5
829,3,410,413,84.6,3
375,3,410,413,84.6,3
4476,1,412,413,84.6,1
2758,9,405,414,84.6,9
3262,8,406,414,84.6,8
2831,7,407,414,84.6,7
2205,1,413,414,84.6,1
2457,9,406,415,84.6,9
3681,9,406,415,84.6,9
3148,8,407,415,84.6,8
4224,4,411,415,84.6,4
2159,2,413,415,84.6,2
2650,1,414,415,84.6,1
3378,9,407,416,84.6,9
24,3,413,416,84.6,3
667,1,415,416,84.6,1
1366,1,415,416,84.6,1
2478,1,415,416,84.6,1
4892,4,413,417,84.6,4
3689,3,414,417,84.6,3
657,2,415,417,84.6,2
2573,5,413,418,84.6,5
334,2,416,418,84.6,2
4564,8,411,419,84.6,8
2448,7,412,419,84.6,7
3282,5,414,419,84.6,5
2858,5,414,419,84.6,5
3657,3,416,419,84.6,3
2196,3,416,419,84.6,3
3385,2,417,419,84.6,2
3567,4,416,420,84.6,4
1679,3,417,420,84.6,3
1004,3,417,420,84.6,3
1337,2,418,420,84.6,2
565,6,415,421,84.6,6
1010,1,420,421,84.6,1
731,7,415,422,84.6,7
2468,3,419,422,84.6,3
4043,1,421,422,84.6,1
58,5,418,423,84.6,5
450,3,420,423,84.6,3
2894,1,422,423,84.6,1
272,5,419,424,84.6,5
4797,4,420,424,84.6,4
4277,9,416,425,84.6,9
982,7,419,426,84.6,7
576,6,420,426,84.6,6
4535,4,422,426,84.6,4
3838,2,424,426,84.6,2
2093,8,419,427,84.6,8
3161,1,426,427,84.6,1
4427,9,419,428,84.6,9
444,9,419,428,84.6,9
3062,9,419,428,84.6,9
1436,7,421,428,84.6,7
4034,6,422,428,84.6,6
4134,3,425,428,84.6,3
1810,2,427,429,84.6,2
1626,1,428,429,84.6,1
4452,7,423,430,84.6,7
4339,7,423,430,84.6,7
4988,4,426,430,84.6,4
2819,9,423,432,84.6,9
2379,5,427,432,84.6,5
4246,2,430,432,84.6,2
3352,9,424,433,84.6,9
3095,7,426,433,84.6,7
1284,5,428,433,84.6,5
2474,5,428,433,84.6,5
333,4,429,433,84.6,4
4202,8,426,434,84.6,8
3372,6,428,434,84.6,6
4933,6,428,434,84.6,6
3672,1,433,434,84.6,1
1725,3,432,435,84.6,3
4355,1,434,435,84.6,1
2239,7,429,436,84.6,7
2363,4,432,436,84.6,4
4480,9,428,437,84.6,9
2317,4,433,437,84.6,4
3154,8,430,438,84.6,8
587,5,433,438,84.6,5
2601,5,433,438,84.6,5
2506,4,434,438,84.6,4
2243,3,435,438,84.6,3
1261,9,430,439,84.6,9
3598,3,436,439,84.6,3
2291,1,438,439,84.6,1
2354,9,432,441,84.6,9
2835,3,438,441,84.6,3
2732,9,433,442,84.6,9
1122,8,434,442,84.6,8
1462,9,434,443,84.6,9
2267,8,435,443,84.6,8
1529,6,437,443,84.6,6
2707,5,438,443,84.6,5
1662,5,438,443,84.6,5
2303,5,438,443,84.6,5
785,4,439,443,84.6,4
545,8,436,444,84.6,8
361,8,437,445,84.6,8
1981,6,439,445,84.6,6
4319,7,439,446,84.6,7
4063,4,442,446,84.6,4
3928,4,442,446,84.6,4
3986,3,443,446,84.6,3
2859,3,443,446,84.6,3
4854,4,443,447,84.6,4
4698,5,443,448,84.6,5
2355,5,443,448,84.6,5
2087,2,446,448,84.6,2
1133,8,441,449,84.6,8
1323,4,445,449,84.6,4
447,1,448,449,84.6,1
348,1,448,449,84.6,1
4107,9,441,450,84.6,9
3220,7,443,450,84.6,7
1425,7,443,450,84.6,7
572,3,447,450,84.6,3
3454,2,449,451,84.6,2
3562,1,450,451,84.6,1
1560,8,444,452,84.6,8
1435,6,446,452,84.6,6
2876,6,446,452,84.6,6
4812,3,449,452,84.6,3
823,8,445,453,84.6,8
1319,7,446,453,84.6,7
4621,3,450,453,84.6,3
2877,1,452,453,84.6,1
1671,1,452,453,84.6,1
1273,8,446,454,84.6,8
3361,1,453,454,84.6,1
314,4,451,455,84.6,4
3884,2,453,455,84.6,2
3162,2,453,455,84.6,2
1585,8,448,456,84.6,8
1636,8,449,457,84.6,8
4405,3,454,457,84.6,3
118,2,455,457,84.6,2
3876,1,456,457,84.6,1
4288,9,449,458,84.6,9
1300,8,450,458,84.6,8
2882,7,451,458,84.6,7
1535,1,457,458,84.6,1
4085,9,450,459,84.6,9
2252,7,452,459,84.6,7
2813,5,454,459,84.6,5
3426,5,455,460,84.6,5
2839,5,455,460,84.6,5
2119,2,458,460,84.6,2
1845,9,452,461,84.6,9
500,8,453,461,84.6,8
114,8,453,461,84.6,8
33,6,457,463,84.6,6
1596,6,457,463,84.6,6
1635,4,459,463,84.6,4
2202,4,459,463,84.6,4
137,7,457,464,84.6,7
475,4,460,464,84.6,4
3557,1,463,464,84.6,1
3968,7,458,465,84.6,7
1665,4,461,465,84.6,4
1765,8,458,466,84.6,8
4272,6,460,466,84.6,6
528,3,463,466,84.6,3
990,2,464,466,84.6,2
2238,9,458,467,84.6,9
433,7,460,467,84.6,7
2469,1,466,467,84.6,1
4799,9,459,468,84.6,9
3319,7,461,468,84.6,7
2551,2,466,468,84.6,2
4843,6,463,469,84.6,6
3471,5,464,469,84.6,5
4873,2,467,469,84.6,2
3859,9,461,470,84.6,9
2554,7,463,470,84.6,7
4333,6,464,470,84.6,6
2787,5,465,470,84.6,5
3796,3,467,470,84.6,3
1511,4,467,471,84.6,4
865,3,468,471,84.6,3
3881,1,470,471,84.6,1
365,4,468,472,84.6,4
1698,4,468,472,84.6,4
28,2,470,472,84.6,2
1963,8,465,473,84.6,8
4639,7,466,473,84.6,7
2522,3,470,473,84.6,3
4809,2,471,473,84.6,2
1431,5,469,474,84.6,5
4736,2,472,474,84.6,2
4101,9,466,475,84.6,9
87,5,470,475,84.6,5
2649,5,470,475,84.6,5
2843,5,471,476,84.6,5
2842,1,475,476,84.6,1
1221,8,469,477,84.6,8
1852,8,469,477,84.6,8
1152,4,473,477,84.6,4
1407,3,474,477,84.6,3
3286,6,472,478,84.6,6
1002,5,473,478,84.6,5
3810,6,473,479,84.6,6
4335,3,476,479,84.6,3
2529,2,477,479,84.6,2
194,2,477,479,84.6,2
2310,9,471,480,84.6,9
2269,1,479,480,84.6,1
3904,9,472,481,84.6,9
1807,6,475,481,84.6,6
3742,3,478,481,84.6,3
2985,9,473,482,84.6,9
3094,7,475,482,84.6,7
4299,9,474,483,84.6,9
4878,7,476,483,84.6,7
4157,6,477,483,84.6,6
1505,2,482,484,84.6,2
2327,8,477,485,84.6,8
989,7,478,485,84.6,7
1155,5,480,485,84.6,5
1958,3,482,485,84.6,3
4904,7,479,486,84.6,7
2164,7,479,486,84.6,7
3902,8,479,487,84.6,8
992,7,480,487,84.6,7
1006,4,483,487,84.6,4
343,7,481,488,84.6,7
2521,7,481,488,84.6,7
3926,7,481,488,84.6,7
673,5,483,488,84.6,5
2603,4,484,488,84.6,4
4111,3,485,488,84.6,3
533,2,486,488,84.6,2
1821,6,483,489,84.6,6
3084,4,485,489,84.6,4
4207,1,488,489,84.6,1
3703,2,488,490,84.6,2
2404,5,486,491,84.6,5
2840,7,485,492,84.6,7
4343,5,487,492,84.6,5
3322,4,488,492,84.6,4
4928,5,488,493,84.6,5
3948,5,488,493,84.6,5
1788,4,489,493,84.6,4
3587,1,492,493,84.6,1
3750,9,485,494,84.6,9
1921,5,489,494,84.6,5
1609,8,487,495,84.6,8
4727,9,487,496,84.6,9
1484,7,489,496,84.6,7
202,6,490,496,84.6,6
2883,4,492,496,84.6,4
2570,2,494,496,84.6,2
1014,9,488,497,84.6,9
1077,9,488,497,84.6,9
3208,1,496,497,84.6,1
3056,3,495,498,84.6,3
298,1,497,498,84.6,1
3017,6,493,499,84.6,6
585,5,494,499,84.6,5
1029,1,498,499,84.6,1
606,9,491,500,84.6,9
3824,4,496,500,84.6,4
1976,9,492,501,84.6,9
414,8,493,501,84.6,8
2889,8,493,501,84.6,8
2085,5,496,501,84.6,5
1181,5,496,501,84.6,5
824,4,497,501,84.6,4
2789,3,498,501,84.6,3
1859,9,493,502,84.6,9
318,3,499,502,84.6,3
1638,3,500,503,84.6,3
175,8,496,504,84.6,8
3710,3,501,504,84.6,3
390,8,497,505,84.6,8
73,5,500,505,84.6,5
3191,4,501,505,84.6,4
602,1,504,505,84.6,1
932,7,499,506,84.6,7
1740,5,501,506,84.6,5
1185,2,504,506,84.6,2
1026,8,499,507,84.6,8
525,6,501,507,84.6,6
934,6,501,507,84.6,6
3351,6,501,507,84.6,6
831,4,503,507,84.6,4
4030,7,501,508,84.6,7
3518,3,505,508,84.6,3
4037,8,502,510,84.6,8
2723,4,506,510,84.6,4
4956,2,508,510,84.6,2
4060,9,502,511,84.6,9
2569,6,505,511,84.6,6
4208,4,507,511,84.6,4
2579,7,505,512,84.6,7
1025,4,508,512,84.6,4
4417,8,505,513,84.6,8
1355,7,506,513,84.6,7
4359,6,507,513,84.6,6
4062,7,507,514,84.6,7
1252,7,507,514,84.6,7
257,1,513,514,84.6,1
1195,9,506,515,84.6,9
724,8,507,515,84.6,8
1595,5,510,515,84.6,5
4252,6,510,516,84.6,6
1539,6,511,517,84.6,6
4555,5,512,517,84.6,5
4108,4,513,517,84.6,4
2452,2,515,517,84.6,2
4189,6,512,518,84.6,6
4348,5,513,518,84.6,5
3491,9,510,519,84.6,9
5,9,511,520,84.6,9
2984,9,511,520,84.6,9
4914,6,514,520,84.6,6
288,6,514,520,84.6,6
2286,5,515,520,84.6,5
4704,4,516,520,84.6,4
4366,4,517,521,84.6,4
729,4,517,521,84.6,4
1021,3,518,521,84.6,3
2347,2,519,521,84.6,2
1988,1,520,521,84.6,1
4002,7,515,522,84.6,7
1912,9,514,523,84.6,9
3445,6,517,523,84.6,6
3437,6,518,524,84.6,6
2227,4,520,524,84.6,4
1822,4,520,524,84.6,4
4340,4,520,524,84.6,4
2320,3,521,524,84.6,3
3668,8,517,525,84.6,8
3829,5,520,525,84.6,5
3835,5,520,525,84.6,5
2314,5,521,526,84.6,5
2994,5,521,526,84.6,5
861,3,523,526,84.6,3
678,2,524,526,84.6,2
2700,1,525,526,84.6,1
2219,3,524,527,84.6,3
856,1,526,527,84.6,1
4871,6,522,528,84.6,6
4465,5,523,528,84.6,5
2913,9,521,530,84.6,9
3013,9,521,530,84.6,9
4609,6,524,530,84.6,6
4743,6,524,530,84.6,6
599,7,524,531,84.6,7
2018,6,525,531,84.6,6
1069,5,526,531,84.6,5
3369,2,530,532,84.6,2
1966,8,525,533,84.6,8
1246,7,526,533,84.6,7
309,7,526,533,84.6,7
3805,7,526,533,84.6,7
654,7,527,534,84.6,7
672,4,530,534,84.6,4
2305,1,533,534,84.6,1
2866,8,527,535,84.6,8
2982,7,528,535,84.6,7
160,3,532,535,84.6,3
1619,8,528,536,84.6,8
1548,7,530,537,84.6,7
1805,6,531,537,84.6,6
1194,8,530,538,84.6,8
1601,3,535,538,84.6,3
632,3,535,538,84.6,3
4774,3,535,538,84.6,3
4790,1,537,538,84.6,1
1188,6,533,539,84.6,6
3270,9,531,540,84.6,9
3364,9,531,540,84.6,9
2261,7,533,540,84.6,7
3288,4,536,540,84.6,4
242,8,533,541,84.6,8
1712,7,534,541,84.6,7
4496,7,534,541,84.6,7
2417,7,534,541,84.6,7
4057,4,537,541,84.6,4
1409,3,538,541,84.6,3
3830,1,540,541,84.6,1
3656,3,539,542,84.6,3
1046,2,540,542,84.6,2
4883,2,540,542,84.6,2
3706,5,538,543,84.6,5
2825,6,538,544,84.6,6
2221,4,541,545,84.6,4
747,8,538,546,84.6,8
376,6,540,546,84.6,6
1524,5,541,546,84.6,5
2531,4,542,546,84.6,4
2884,9,538,547,84.6,9
79,6,541,547,84.6,6
1814,6,541,547,84.6,6
3071,5,542,547,84.6,5
2447,4,543,547,84.6,4
4959,3,544,547,84.6,3
903,1,546,547,84.6,1
4742,1,546,547,84.6,1
4179,7,541,548,84.6,7
2741,9,541,550,84.6,9
3168,9,541,550,84.6,9
1881,9,542,551,84.6,9
4939,4,547,551,84.6,4
2533,4,547,551,84.6,4
2454,4,547,551,84.6,4
2475,7,545,552,84.6,7
3475,5,547,552,84.6,5
3293,5,547,552,84.6,5
4223,2,551,553,84.6,2
3115,7,547,554,84.6,7
3440,3,551,554,84.6,3
1374,2,552,554,84.6,2
6,9,546,555,84.6,9
2706,9,546,555,84.6,9
2637,8,547,555,84.6,8
129,8,547,555,84.6,8
1238,7,548,555,84.6,7
2694,5,550,555,84.6,5
3513,4,551,555,84.6,4
1028,1,554,555,84.6,1
804,4,552,556,84.6,4
1301,1,555,556,84.6,1
2352,1,555,556,84.6,1
4746,1,555,556,84.6,1
2678,6,551,557,84.6,6
3753,2,555,557,84.6,2
656,8,550,558,84.6,8
3943,4,554,558,84.6,4
2147,2,556,558,84.6,2
4770,7,552,559,84.6,7
4367,5,554,559,84.6,5
4312,2,557,559,84.6,2
1403,1,558,559,84.6,1
2503,6,555,561,84.6,6
4323,6,555,561,84.6,6
383,6,555,561,84.6,6
1310,9,553,562,84.6,9
352,6,556,562,84.6,6
1509,6,556,562,84.6,6
2553,5,557,562,84.6,5
2636,3,559,562,84.6,3
2595,5,558,563,84.6,5
3343,5,558,563,84.6,5
1117,1,562,563,84.6,1
1090,9,555,564,84.6,9
1674,3,561,564,84.6,3
3051,3,561,564,84.6,3
2564,9,556,565,84.6,9
827,1,564,565,84.6,1
3291,7,559,566,84.6,7
3776,8,559,567,84.6,8
4059,6,561,567,84.6,6
3277,9,559,568,84.6,9
4874,6,562,568,84.6,6
2466,4,564,568,84.6,4
3055,7,562,569,84.6,7
636,6,563,569,84.6,6
2396,8,562,570,84.6,8
3221,6,564,570,84.6,6
4177,2,568,570,84.6,2
3316,9,562,571,84.6,9
4287,8,563,571,84.6,8
62,8,563,571,84.6,8
2885,4,567,571,84.6,4
3556,3,568,571,84.6,3
3893,1,570,571,84.6,1
52,7,565,572,84.6,7
1104,1,571,572,84.6,1
4852,8,565,573,84.6,8
329,6,567,573,84.6,6
4992,5,568,573,84.6,5
3229,4,570,574,84.6,4
2560,4,570,574,84.6,4
1230,9,566,575,84.6,9
2757,6,569,575,84.6,6
2421,4,571,575,84.6,4
3995,4,571,575,84.6,4
1070,2,573,575,84.6,2
233,7,569,576,84.6,7
1385,5,571,576,84.6,5
1884,1,575,576,84.6,1
4209,1,575,576,84.6,1
1047,4,573,577,84.6,4
3215,7,572,579,84.6,7
567,6,573,579,84.6,6
4495,4,575,579,84.6,4
44,4,575,579,84.6,4
3181,9,571,580,84.6,9
4636,9,571,580,84.6,9
1126,8,572,580,84.6,8
686,6,574,580,84.6,6
1578,6,574,580,84.6,6
2662,3,577,580,84.6,3
3554,1,579,580,84.6,1
597,6,576,582,84.6,6
1258,2,580,582,84.6,2
4005,8,575,583,84.6,8
1982,7,576,583,84.6,7
4257,8,576,584,84.6,8
1898,5,579,584,84.6,5
1895,5,579,584,84.6,5
1645,4,580,584,84.6,4
1020,4,580,584,84.6,4
3504,9,576,585,84.6,9
3078,6,579,585,84.6,6
2384,5,580,585,84.6,5
2904,1,584,585,84.6,1
1082,4,582,586,84.6,4
2083,2,584,586,84.6,2
1354,1,585,586,84.6,1
581,3,584,587,84.6,3
4546,8,580,588,84.6,8
3711,8,580,588,84.6,8
1173,9,580,589,84.6,9
2441,5,584,589,84.6,5
3010,4,585,589,84.6,4
2668,2,587,589,84.6,2
1633,8,582,590,84.6,8
898,7,583,590,84.6,7
2499,7,583,590,84.6,7
2816,4,586,590,84.6,4
4499,4,586,590,84.6,4
3187,7,584,591,84.6,7
4391,6,585,591,84.6,6
4899,3,588,591,84.6,3
4593,2,589,591,84.6,2
3489,2,589,591,84.6,2
3757,1,590,591,84.6,1
1621,8,585,593,84.6,8
2192,2,591,593,84.6,2
4901,2,591,593,84.6,2
1087,5,589,594,84.6,5
1186,5,589,594,84.6,5
2847,4,590,594,84.6,4
774,1,593,594,84.6,1
4595,9,586,595,84.6,9
2777,5,590,595,84.6,5
2575,4,591,595,84.6,4
734,2,593,595,84.6,2
3951,6,590,596,84.6,6
1338,5,591,596,84.6,5
859,1,595,596,84.6,1
3118,9,588,597,84.6,9
3116,4,593,597,84.6,4
4559,3,594,597,84.6,3
1575,3,594,597,84.6,3
4795,1,596,597,84.6,1
3038,9,590,599,84.6,9
2188,8,591,599,84.6,8
4315,8,591,599,84.6,8
4510,5,594,599,84.6,5
2180,4,595,599,84.6,4
790,3,596,599,84.6,3
1724,3,597,600,84.6,3
4270,1,599,600,84.6,1
4707,6,595,601,84.6,6
1616,4,597,601,84.6,4
2754,2,599,601,84.6,2
2450,2,599,601,84.6,2
1964,3,599,602,84.6,3
1334,2,600,602,84.6,2
3348,9,594,603,84.6,9
3722,6,597,603,84.6,6
2815,9,595,604,84.6,9
1430,8,596,604,84.6,8
4226,7,597,604,84.6,7
1481,4,601,605,84.6,4
1806,9,597,606,84.6,9
2954,7,599,606,84.6,7
1512,5,601,606,84.6,5
4230,8,599,607,84.6,8
2141,7,600,607,84.6,7
3914,5,602,607,84.6,5
1062,3,604,607,84.6,3
4983,7,601,608,84.6,7
4506,3,605,608,84.6,3
4659,3,606,609,84.6,3
1503,9,601,610,84.6,9
2143,7,603,610,84.6,7
1801,6,604,610,84.6,6
1787,2,608,610,84.6,2
285,9,602,611,84.6,9
3498,8,603,611,84.6,8
4841,8,604,612,84.6,8
1646,5,607,612,84.6,5
3451,6,607,613,84.6,6
1926,4,609,613,84.6,4
2015,2,611,613,84.6,2
3408,8,606,614,84.6,8
3246,7,607,614,84.6,7
913,1,613,614,84.6,1
2312,9,606,615,84.6,9
589,7,608,615,84.6,7
4652,5,610,615,84.6,5
1107,4,611,615,84.6,4
1905,3,612,615,84.6,3
906,2,613,615,84.6,2
555,9,607,616,84.6,9
1460,4,612,616,84.6,4
4462,1,615,616,84.6,1
12,7,610,617,84.6,7
3862,2,615,617,84.6,2
323,8,610,618,84.6,8
4634,8,610,618,84.6,8
1148,5,613,618,84.6,5
46,4,614,618,84.6,4
3923,3,615,618,84.6,3
3133,2,616,618,84.6,2
958,5,614,619,84.6,5
142,1,618,619,84.6,1
357,1,618,619,84.6,1
1774,1,618,619,84.6,1
2244,6,614,620,84.6,6
2132,3,617,620,84.6,3
2465,1,619,620,84.6,1
4944,6,615,621,84.6,6
3755,6,615,621,84.6,6
4649,4,617,621,84.6,4
4021,2,619,621,84.6,2
1506,3,619,622,84.6,3
2728,3,619,622,84.6,3
2427,7,616,623,84.6,7
1556,7,616,623,84.6,7
3308,5,618,623,84.6,5
1704,1,622,623,84.6,1
4580,9,615,624,84.6,9
145,6,618,624,84.6,6
2256,4,620,624,84.6,4
4857,2,622,624,84.6,2
834,5,620,625,84.6,5
837,2,623,625,84.6,2
4827,2,623,625,84.6,2
1541,8,618,626,84.6,8
2750,6,620,626,84.6,6
1112,1,625,626,84.6,1
4990,4,623,627,84.6,4
2415,1,626,627,84.6,1
4300,7,621,628,84.6,7
4106,8,621,629,84.6,8
189,8,621,629,84.6,8
4055,8,621,629,84.6,8
627,6,624,630,84.6,6
2266,6,624,630,84.6,6
1562,6,624,630,84.6,6
2818,5,625,630,84.6,5
4917,4,626,630,84.6,4
1413,3,627,630,84.6,3
3093,1,629,630,84.6,1
4351,5,626,631,84.6,5
3090,9,623,632,84.6,9
1508,3,629,632,84.6,3
3323,9,624,633,84.6,9
3974,3,630,633,84.6,3
943,9,625,634,84.6,9
3559,6,628,634,84.6,6
3092,8,627,635,84.6,8
371,5,630,635,84.6,5
1773,4,631,635,84.6,4
1891,2,633,635,84.6,2
4613,7,629,636,84.6,7
4663,6,630,636,84.6,6
4473,4,632,636,84.6,4
3150,7,630,637,84.6,7
4310,4,633,637,84.6,4
2588,8,630,638,84.6,8
705,2,636,638,84.6,2
1109,9,630,639,84.6,9
1031,9,630,639,84.6,9
1451,7,632,639,84.6,7
3947,4,635,639,84.6,4
1294,2,637,639,84.6,2
2136,1,639,640,84.6,1
4211,3,638,641,84.6,3
1875,7,635,642,84.6,7
201,9,634,643,84.6,9
3388,9,634,643,84.6,9
769,8,635,643,84.6,8
2262,7,636,643,84.6,7
4461,5,638,643,84.6,5
1949,4,639,643,84.6,4
1627,4,639,643,84.6,4
3077,4,639,643,84.6,4
3392,2,641,643,84.6,2
4908,9,635,644,84.6,9
2941,8,636,644,84.6,8
4046,5,639,644,84.6,5
1823,3,642,645,84.6,3
3684,2,643,645,84.6,2
4198,9,637,646,84.6,9
819,6,640,646,84.6,6
3371,2,644,646,84.6,2
2321,1,645,646,84.6,1
867,5,643,648,84.6,5
1394,5,643,648,84.6,5
2998,6,643,649,84.6,6
1856,3,646,649,84.6,3
1132,7,643,650,84.6,7
1936,6,644,650,84.6,6
1009,2,648,650,84.6,2
4416,8,643,651,84.6,8
3960,8,643,651,84.6,8
1816,9,643,652,84.6,9
3917,9,643,652,84.6,9
1200,9,644,653,84.6,9
3153,8,645,653,84.6,8
2390,7,646,653,84.6,7
2590,7,646,653,84.6,7
417,2,652,654,84.6,2
2559,9,646,655,84.6,9
3136,6,649,655,84.6,6
993,2,653,655,84.6,2
402,3,653,656,84.6,3
2284,9,648,657,84.6,9
386,6,651,657,84.6,6
1466,2,655,657,84.6,2
144,9,649,658,84.6,9
835,8,650,658,84.6,8
423,7,651,658,84.6,7
125,6,652,658,84.6,6
1977,5,653,658,84.6,5
4520,9,650,659,84.6,9
1533,9,650,659,84.6,9
4773,1,658,659,84.6,1
1753,1,658,659,84.6,1
4368,5,655,660,84.6,5
1030,3,657,660,84.6,3
1632,6,655,661,84.6,6
2021,9,653,662,84.6,9
1033,2,660,662,84.6,2
2116,9,654,663,84.6,9
2008,5,658,663,84.6,5
3330,5,658,663,84.6,5
4306,7,657,664,84.6,7
1730,5,659,664,84.6,5
2166,4,660,664,84.6,4
2976,9,656,665,84.6,9
838,8,657,665,84.6,8
1935,2,663,665,84.6,2
1094,7,659,666,84.6,7
88,5,661,666,84.6,5
3725,4,662,666,84.6,4
1100,3,663,666,84.6,3
3357,1,665,666,84.6,1
742,1,665,666,84.6,1
4941,9,658,667,84.6,9
3953,8,659,667,84.6,8
385,9,659,668,84.6,9
4152,2,666,668,84.6,2
1427,5,664,669,84.6,5
588,5,664,669,84.6,5
876,4,665,669,84.6,4
3499,3,666,669,84.6,3
1313,3,666,669,84.6,3
345,3,666,669,84.6,3
921,3,666,669,84.6,3
1702,1,668,669,84.6,1
3222,8,662,670,84.6,8
2983,7,664,671,84.6,7
2121,2,669,671,84.6,2
4360,9,663,672,84.6,9
4501,5,667,672,84.6,5
4718,3,669,672,84.6,3
3812,2,670,672,84.6,2
470,1,671,672,84.6,1
493,1,672,673,84.6,1
4035,8,666,674,84.6,8
2024,5,669,674,84.6,5
556,3,671,674,84.6,3
4400,8,667,675,84.6,8
4713,6,669,675,84.6,6
4196,4,672,676,84.6,4
2333,2,674,676,84.6,2
320,9,668,677,84.6,9
4073,8,669,677,84.6,8
63,9,669,678,84.6,9
3546,9,669,678,84.6,9
274,9,669,678,84.6,9
127,3,675,678,84.6,3
4859,7,672,679,84.6,7
4507,7,672,679,84.6,7
4313,6,673,679,84.6,6
200,5,674,679,84.6,5
4518,4,675,679,84.6,4
4195,2,677,679,84.6,2
613,1,678,679,84.6,1
2978,8,672,680,84.6,8
2361,4,676,680,84.6,4
64,2,678,680,84.6,2
1449,8,674,682,84.6,8
2172,3,679,682,84.6,3
1941,7,676,683,84.6,7
4715,6,678,684,84.6,6
299,6,678,684,84.6,6
3676,5,679,684,84.6,5
1553,8,677,685,84.6,8
135,5,680,685,84.6,5
1267,1,684,685,84.6,1
1472,7,679,686,84.6,7
4837,7,679,686,84.6,7
670,7,679,686,84.6,7
580,6,680,686,84.6,6
93,4,682,686,84.6,4
4603,4,682,686,84.6,4
4761,1,685,686,84.6,1
3274,8,679,687,84.6,8
4978,1,686,687,84.6,1
4263,1,686,687,84.6,1
496,1,686,687,84.6,1
185,9,679,688,84.6,9
1371,2,686,688,84.6,2
2704,1,687,688,84.6,1
2991,9,680,689,84.6,9
3616,5,684,689,84.6,5
3958,4,686,690,84.6,4
2697,1,689,690,84.6,1
1839,7,684,691,84.6,7
2652,6,685,691,84.6,6
1208,6,685,691,84.6,6
3964,1,690,691,84.6,1
4048,9,683,692,84.6,9
2580,6,687,693,84.6,6
3569,6,687,693,84.6,6
2115,2,691,693,84.6,2
3921,9,686,695,84.6,9
4861,9,686,695,84.6,9
3685,7,688,695,84.6,7
2908,6,689,695,84.6,6
1900,9,687,696,84.6,9
223,8,688,696,84.6,8
1110,8,688,696,84.6,8
2615,6,690,696,84.6,6
2460,5,691,696,84.6,5
1178,4,692,696,84.6,4
4488,1,695,696,84.6,1
1500,6,691,697,84.6,6
4086,4,693,697,84.6,4
3505,2,695,697,84.6,2
4943,1,696,697,84.6,1
1297,5,693,698,84.6,5
4455,2,696,698,84.6,2
384,8,691,699,84.6,8
2677,6,693,699,84.6,6
2037,3,696,699,84.6,3
1695,4,696,700,84.6,4
3506,4,696,700,84.6,4
1647,3,697,700,84.6,3
701,5,696,701,84.6,5
3563,5,696,701,84.6,5
1461,3,698,701,84.6,3
2905,2,700,702,84.6,2
674,1,701,702,84.6,1
1854,8,695,703,84.6,8
1044,9,695,704,84.6,9
1617,7,697,704,84.6,7
2206,7,697,704,84.6,7
3379,2,702,704,84.6,2
1382,7,698,705,84.6,7
3864,9,697,706,84.6,9
3936,6,700,706,84.6,6
199,5,701,706,84.6,5
2774,8,699,707,84.6,8
396,8,699,707,84.6,8
2657,8,699,707,84.6,8
3233,1,706,707,84.6,1
3238,6,702,708,84.6,6
2663,4,704,708,84.6,4
2495,9,700,709,84.6,9
2171,5,704,709,84.6,5
178,1,708,709,84.6,1
4033,9,701,710,84.6,9
1256,6,704,710,84.6,6
2967,4,706,710,84.6,4
1762,7,704,711,84.6,7
42,9,703,712,84.6,9
1263,3,709,712,84.6,3
140,2,710,712,84.6,2
112,8,705,713,84.6,8
4660,6,707,713,84.6,6
1012,6,707,713,84.6,6
4890,4,709,713,84.6,4
190,7,707,714,84.6,7
2878,3,711,714,84.6,3
78,1,713,714,84.6,1
4865,9,706,715,84.6,9
501,8,707,715,84.6,8
1497,7,708,715,84.6,7
53,6,709,715,84.6,6
60,5,710,715,84.6,5
1041,1,714,715,84.6,1
1091,1,714,715,84.6,1
2047,4,712,716,84.6,4
3490,2,715,717,84.6,2
281,5,713,718,84.6,5
3114,5,713,718,84.6,5
3572,9,710,719,84.6,9
2170,7,712,719,84.6,7
4578,7,712,719,84.6,7
1826,4,715,719,84.6,4
2066,5,715,720,84.6,5
4923,2,718,720,84.6,2
1265,7,714,721,84.6,7
3027,5,716,721,84.6,5
4954,9,713,722,84.6,9
4675,7,715,722,84.6,7
1570,7,715,722,84.6,7
4253,5,717,722,84.6,5
4138,3,719,722,84.6,3
3443,1,721,722,84.6,1
3874,8,715,723,84.6,8
4222,4,719,723,84.6,4
4604,3,720,723,84.6,3
1282,1,722,723,84.6,1
511,1,722,723,84.6,1
3394,9,715,724,84.6,9
2638,3,723,726,84.6,3
3183,9,718,727,84.6,9
3857,8,719,727,84.6,8
4946,6,721,727,84.6,6
977,5,722,727,84.6,5
4626,5,722,727,84.6,5
899,5,722,727,84.6,5
2488,9,719,728,84.6,9
1873,8,720,728,84.6,8
1707,5,723,728,84.6,5
4203,5,723,728,84.6,5
3984,6,723,729,84.6,6
1388,5,724,729,84.6,5
4329,3,727,730,84.6,3
4337,3,727,730,84.6,3
2736,3,727,730,84.6,3
2822,9,722,731,84.6,9
3992,2,729,731,84.6,2
4918,9,723,732,84.6,9
924,5,727,732,84.6,5
3624,4,728,732,84.6,4
1498,7,726,733,84.6,7
2075,5,728,733,84.6,5
1381,7,727,734,84.6,7
3683,6,728,734,84.6,6
676,4,730,734,84.6,4
1011,3,732,735,84.6,3
426,2,733,735,84.6,2
2100,2,733,735,84.6,2
3934,9,727,736,84.6,9
296,8,728,736,84.6,8
2322,7,729,736,84.6,7
773,6,730,736,84.6,6
3704,2,734,736,84.6,2
4897,6,731,737,84.6,6
4220,3,734,737,84.6,3
1975,2,735,737,84.6,2
4365,1,736,737,84.6,1
4130,7,731,738,84.6,7
2494,1,737,738,84.6,1
3571,1,737,738,84.6,1
3915,9,730,739,84.6,9
2094,7,732,739,84.6,7
3760,2,737,739,84.6,2
4192,8,732,740,84.6,8
1272,4,736,740,84.6,4
2424,4,736,740,84.6,4
4658,3,737,740,84.6,3
3251,2,738,740,84.6,2
2130,7,734,741,84.6,7
887,6,735,741,84.6,6
782,5,736,741,84.6,5
4447,7,735,742,84.6,7
3768,4,738,742,84.6,4
2362,2,740,742,84.6,2
100,1,741,742,84.6,1
3894,7,736,743,84.6,7
4549,5,738,743,84.6,5
3111,4,739,743,84.6,4
2444,3,740,743,84.6,3
2501,3,740,743,84.6,3
1857,2,741,743,84.6,2
4887,1,742,743,84.6,1
1701,1,742,743,84.6,1
3715,5,739,744,84.6,5
2485,6,739,745,84.6,6
2007,5,740,745,84.6,5
3636,3,742,745,84.6,3
4782,2,743,745,84.6,2
3129,6,740,746,84.6,6
1767,3,743,746,84.6,3
4022,1,745,746,84.6,1
933,6,741,747,84.6,6
4371,1,746,747,84.6,1
1037,6,742,748,84.6,6
2720,5,743,748,84.6,5
4029,5,743,748,84.6,5
4309,5,743,748,84.6,5
4772,5,743,748,84.6,5
3801,1,747,748,84.6,1
3885,7,743,750,84.6,7
2972,2,748,750,84.6,2
687,6,745,751,84.6,6
4352,6,745,751,84.6,6
4036,1,750,751,84.6,1
2995,9,743,752,84.6,9
2923,8,744,752,84.6,8
1150,4,748,752,84.6,4
3730,6,747,753,84.6,6
4251,1,752,753,84.6,1
1870,1,752,753,84.6,1
3613,9,745,754,84.6,9
3665,3,751,754,84.6,3
3802,9,746,755,84.6,9
1489,9,746,755,84.6,9
4001,7,748,755,84.6,7
3640,2,753,755,84.6,2
354,2,753,755,84.6,2
763,8,748,756,84.6,8
3457,1,755,756,84.6,1
400,9,748,757,84.6,9
935,9,748,757,84.6,9
3456,7,750,757,84.6,7
4260,6,752,758,84.6,6
3663,4,754,758,84.6,4
3226,2,756,758,84.6,2
2906,4,755,759,84.6,4
2899,4,755,759,84.6,4
1298,9,751,760,84.6,9
2105,9,751,760,84.6,9
2927,6,754,760,84.6,6
4552,4,756,760,84.6,4
3127,3,758,761,84.6,3
4079,2,759,761,84.6,2
4541,2,759,761,84.6,2
3621,1,760,761,84.6,1
2161,9,753,762,84.6,9
43,7,755,762,84.6,7
2804,5,757,762,84.6,5
3781,1,761,762,84.6,1
2133,8,755,763,84.6,8
781,6,757,763,84.6,6
4254,6,757,763,84.6,6
4103,1,762,763,84.6,1
2108,4,760,764,84.6,4
3219,7,758,765,84.6,7
1239,7,758,765,84.6,7
1669,3,762,765,84.6,3
2224,2,763,765,84.6,2
1045,2,763,765,84.6,2
2875,1,764,765,84.6,1
1097,5,761,766,84.6,5
4620,4,762,766,84.6,4
3299,3,763,766,84.6,3
3552,1,765,766,84.6,1
1861,7,760,767,84.6,7
4839,6,761,767,84.6,6
1983,2,765,767,84.6,2
3746,1,766,767,84.6,1
4823,8,760,768,84.6,8
2565,3,765,768,84.6,3
3759,8,761,769,84.6,8
2768,4,765,769,84.6,4
4430,7,763,770,84.6,7
2746,5,765,770,84.6,5
101,3,767,770,84.6,3
1202,3,767,770,84.6,3
979,9,762,771,84.6,9
3533,1,770,771,84.6,1
1836,6,766,772,84.6,6
986,5,767,772,84.6,5
2150,4,768,772,84.6,4
3337,8,765,773,84.6,8
4932,5,768,773,84.6,5
2420,4,769,773,84.6,4
3315,8,766,774,84.6,8
4712,8,766,774,84.6,8
4316,7,767,774,84.6,7
2680,4,770,774,84.6,4
3717,6,769,775,84.6,6
2491,5,770,775,84.6,5
2887,5,770,775,84.6,5
337,3,772,775,84.6,3
3637,1,774,775,84.6,1
1171,2,774,776,84.6,2
1405,3,774,777,84.6,3
2586,2,775,777,84.6,2
103,5,773,778,84.6,5
332,3,775,778,84.6,3
1914,8,771,779,84.6,8
777,7,772,779,84.6,7
4479,5,774,779,84.6,5
1597,4,775,779,84.6,4
625,3,776,779,84.6,3
4654,9,771,780,84.6,9
499,8,772,780,84.6,8
306,7,773,780,84.6,7
4981,3,777,780,84.6,3
1176,1,779,780,84.6,1
549,8,773,781,84.6,8
260,6,775,781,84.6,6
4722,4,777,781,84.6,4
4741,2,779,781,84.6,2
1339,4,778,782,84.6,4
1588,3,779,782,84.6,3
3074,8,775,783,84.6,8
1495,3,780,783,84.6,3
2431,2,781,783,84.6,2
1387,2,781,783,84.6,2
4397,6,778,784,84.6,6
3103,4,780,784,84.6,4
1076,4,781,785,84.6,4
4153,4,781,785,84.6,4
617,7,779,786,84.6,7
3141,7,779,786,84.6,7
2828,3,783,786,84.6,3
3284,7,780,787,84.6,7
3113,4,783,787,84.6,4
1404,3,784,787,84.6,3
2001,8,780,788,84.6,8
2928,3,785,788,84.6,3
2870,1,787,788,84.6,1
1389,1,787,788,84.6,1
752,9,780,789,84.6,9
2880,7,782,789,84.6,7
3594,6,783,789,84.6,6
1236,5,784,789,84.6,5
3793,9,782,791,84.6,9
1824,5,786,791,84.6,5
2168,3,788,791,84.6,3
2323,2,789,791,84.6,2
931,2,789,791,84.6,2
276,9,783,792,84.6,9
4570,7,785,792,84.6,7
1677,4,788,792,84.6,4
4369,1,791,792,84.6,1
4147,7,786,793,84.6,7
2956,4,789,793,84.6,4
578,2,791,793,84.6,2
2936,2,791,793,84.6,2
1598,1,792,793,84.6,1
3997,8,786,794,84.6,8
2265,1,793,794,84.6,1
848,1,793,794,84.6,1
3938,7,788,795,84.6,7
3248,9,787,796,84.6,9
3417,8,788,796,84.6,8
2665,3,793,796,84.6,3
3164,3,793,796,84.6,3
2942,8,789,797,84.6,8
1571,5,792,797,84.6,5
14,2,795,797,84.6,2
3826,1,796,797,84.6,1
2484,7,791,798,84.6,7
623,4,794,798,84.6,4
1259,2,796,798,84.6,2
3762,8,791,799,84.6,8
2626,6,793,799,84.6,6
3341,1,798,799,84.6,1
1142,9,792,801,84.6,9
3297,9,792,801,84.6,9
3413,5,796,801,84.6,5
983,8,794,802,84.6,8
968,4,798,802,84.6,4
3324,4,798,802,84.6,4
4342,9,794,803,84.6,9
4426,2,801,803,84.6,2
2090,1,802,803,84.6,1
1060,8,796,804,84.6,8
4884,7,797,804,84.6,7
1163,7,797,804,84.6,7
658,2,802,804,84.6,2
3466,8,797,805,84.6,8
3271,1,804,805,84.6,1
4820,9,797,806,84.6,9
4356,7,799,806,84.6,7
2263,1,805,806,84.6,1
3924,6,801,807,84.6,6
3899,9,799,808,84.6,9
536,9,799,808,84.6,9
4258,1,807,808,84.6,1
1784,8,801,809,84.6,8
1886,6,803,809,84.6,6
245,6,803,809,84.6,6
4855,5,804,809,84.6,5
2084,3,806,809,84.6,3
3227,8,802,810,84.6,8
2895,7,803,810,84.6,7
3249,5,806,811,84.6,5
3273,6,806,812,84.6,6
1866,4,808,812,84.6,4
1053,9,804,813,84.6,9
671,9,804,813,84.6,9
1438,8,805,813,84.6,8
3170,1,812,813,84.6,1
224,6,808,814,84.6,6
1847,5,809,814,84.6,5
1692,5,809,814,84.6,5
4538,7,808,815,84.6,7
1796,6,809,815,84.6,6
4945,6,809,815,84.6,6
3152,5,810,815,84.6,5
2414,2,813,815,84.6,2
1878,6,810,816,84.6,6
2523,4,812,816,84.6,4
3568,1,815,816,84.6,1
4444,1,815,816,84.6,1
3576,9,809,818,84.6,9
2004,7,811,818,84.6,7
4215,4,814,818,84.6,4
3144,6,813,819,84.6,6
4880,6,813,819,84.6,6
3720,5,814,819,84.6,5
2507,4,815,819,84.6,4
1245,4,816,820,84.6,4
2152,7,814,821,84.6,7
728,5,816,821,84.6,5
1469,2,819,821,84.6,2
4885,9,813,822,84.6,9
4980,6,816,822,84.6,6
391,4,818,822,84.6,4
2326,8,815,823,84.6,8
2634,7,816,823,84.6,7
3137,9,815,824,84.6,9
2335,3,821,824,84.6,3
2487,6,819,825,84.6,6
316,4,821,825,84.6,4
4375,5,821,826,84.6,5
2197,4,822,826,84.6,4
561,9,818,827,84.6,9
1059,9,818,827,84.6,9
4078,8,819,827,84.6,8
3631,7,820,827,84.6,7
2330,1,826,827,84.6,1
3236,9,819,828,84.6,9
4631,6,822,828,84.6,6
4267,3,825,828,84.6,3
29,1,827,828,84.6,1
4311,7,822,829,84.6,7
191,6,823,829,84.6,6
3345,1,828,829,84.6,1
2510,7,823,830,84.6,7
1833,6,824,830,84.6,6
3042,4,826,830,84.6,4
1212,3,827,830,84.6,3
2948,2,828,830,84.6,2
946,1,829,830,84.6,1
2807,7,824,831,84.6,7
2540,4,827,831,84.6,4
1775,4,827,831,84.6,4
3029,3,828,831,84.6,3
241,1,830,831,84.6,1
3702,6,827,833,84.6,6
4228,2,831,833,84.6,2
1264,9,825,834,84.6,9
3956,6,828,834,84.6,6
2860,4,830,834,84.6,4
1317,3,831,834,84.6,3
2234,6,829,835,84.6,6
1441,7,829,836,84.6,7
4229,6,830,836,84.6,6
92,2,834,836,84.6,2
239,1,835,836,84.6,1
937,4,833,837,84.6,4
3593,1,836,837,84.6,1
3194,8,830,838,84.6,8
1604,7,831,838,84.6,7
3654,7,831,838,84.6,7
622,9,830,839,84.6,9
1480,9,830,839,84.6,9
3015,5,834,839,84.6,5
1872,9,831,840,84.6,9
1761,7,834,841,84.6,7
3492,1,840,841,84.6,1
1631,9,833,842,84.6,9
1417,8,834,842,84.6,8
3767,5,837,842,84.6,5
1864,5,838,843,84.6,5
1211,4,839,843,84.6,4
2473,1,842,843,84.6,1
1279,8,836,844,84.6,8
3524,8,836,844,84.6,8
2271,7,837,844,84.6,7
2281,6,838,844,84.6,6
4521,9,836,845,84.6,9
4729,1,844,845,84.6,1
4711,8,838,846,84.6,8
3748,7,839,846,84.6,7
4099,7,839,846,84.6,7
4114,3,843,846,84.6,3
4551,4,843,847,84.6,4
3529,3,844,847,84.6,3
1549,1,846,847,84.6,1
4628,6,842,848,84.6,6
3200,2,846,848,84.6,2
3701,2,846,848,84.6,2
4985,8,841,849,84.6,8
448,4,845,849,84.6,4
563,9,841,850,84.6,9
4304,2,848,850,84.6,2
2423,9,842,851,84.6,9
4110,8,843,851,84.6,8
4962,8,844,852,84.6,8
3007,8,844,852,84.6,8
2056,8,845,853,84.6,8
120,7,846,853,84.6,7
2963,6,847,853,84.6,6
3774,6,847,853,84.6,6
1463,1,852,853,84.6,1
4378,7,847,854,84.6,7
2349,5,849,854,84.6,5
3854,2,852,854,84.6,2
1699,2,853,855,84.6,2
2189,2,853,855,84.6,2
3896,8,848,856,84.6,8
4178,7,849,856,84.6,7
3149,6,850,856,84.6,6
1770,3,853,856,84.6,3
474,3,853,856,84.6,3
1733,3,853,856,84.6,3
4831,9,848,857,84.6,9
1920,7,850,857,84.6,7
2981,6,851,857,84.6,6
2290,6,851,857,84.6,6
2017,3,854,857,84.6,3
553,2,856,858,84.6,2
1540,2,856,858,84.6,2
2000,1,857,858,84.6,1
2228,4,855,859,84.6,4
4372,1,858,859,84.6,1
3622,1,858,859,84.6,1
1314,5,855,860,84.6,5
3532,3,857,860,84.6,3
478,1,859,860,84.6,1
966,4,857,861,84.6,4
2237,2,859,861,84.6,2
4653,8,854,862,84.6,8
2670,8,854,862,84.6,8
301,6,856,862,84.6,6
130,4,858,862,84.6,4
2283,3,859,862,84.6,3
1686,7,856,863,84.6,7
208,7,856,863,84.6,7
4497,6,857,863,84.6,6
4792,4,860,864,84.6,4
1993,2,862,864,84.6,2
996,1,863,864,84.6,1
3744,9,856,865,84.6,9
2623,5,860,865,84.6,5
2850,9,857,866,84.6,9
1565,6,860,866,84.6,6
1959,4,862,866,84.6,4
1456,4,862,866,84.6,4
2306,3,863,866,84.6,3
388,5,862,867,84.6,5
3688,4,863,867,84.6,4
4415,3,864,867,84.6,3
2687,1,866,867,84.6,1
1136,4,864,868,84.6,4
1655,2,866,868,84.6,2
3312,8,861,869,84.6,8
2313,4,865,869,84.6,4
3935,4,865,869,84.6,4
2892,3,866,869,84.6,3
4126,2,867,869,84.6,2
344,9,861,870,84.6,9
513,8,862,870,84.6,8
4566,6,864,870,84.6,6
505,2,868,870,84.6,2
3818,1,869,870,84.6,1
857,1,869,870,84.6,1
2288,5,866,871,84.6,5
4443,4,867,871,84.6,4
694,3,868,871,84.6,3
3346,2,869,871,84.6,2
3912,1,870,871,84.6,1
2249,7,866,873,84.6,7
2240,6,867,873,84.6,6
1213,6,867,873,84.6,6
718,3,870,873,84.6,3
2220,2,871,873,84.6,2
150,3,871,874,84.6,3
1804,6,869,875,84.6,6
2587,5,870,875,84.6,5
2376,1,874,875,84.6,1
2582,6,870,876,84.6,6
1418,5,871,876,84.6,5
4858,3,873,876,84.6,3
1757,7,870,877,84.6,7
3575,4,873,877,84.6,4
3305,9,869,878,84.6,9
2874,8,870,878,84.6,8
1766,7,871,878,84.6,7
1311,5,873,878,84.6,5
1274,3,875,878,84.6,3
628,2,876,878,84.6,2
3053,8,871,879,84.6,8
1728,4,875,879,84.6,4
2527,1,878,879,84.6,1
3791,7,873,880,84.6,7
3035,7,873,880,84.6,7
350,5,875,880,84.6,5
3469,4,877,881,84.6,4
4407,3,878,881,84.6,3
2411,2,879,881,84.6,2
379,6,876,882,84.6,6
165,6,876,882,84.6,6
3849,5,877,882,84.6,5
4160,1,881,882,84.6,1
2002,3,880,883,84.6,3
2381,6,878,884,84.6,6
2810,6,878,884,84.6,6
4151,3,881,884,84.6,3
1198,7,878,885,84.6,7
1960,3,882,885,84.6,3
3472,7,879,886,84.6,7
3618,5,881,886,84.6,5
3432,2,884,886,84.6,2
1219,9,878,887,84.6,9
4318,9,879,888,84.6,9
2089,8,880,888,84.6,8
4051,6,882,888,84.6,6
2959,6,882,888,84.6,6
2328,3,885,888,84.6,3
1771,9,880,889,84.6,9
4669,3,886,889,84.6,3
3674,8,882,890,84.6,8
1948,4,886,890,84.6,4
789,2,888,890,84.6,2
4915,7,884,891,84.6,7
1589,9,883,892,84.6,9
2760,7,885,892,84.6,7
3976,4,888,892,84.6,4
915,9,884,893,84.6,9
7,3,890,893,84.6,3
2961,8,886,894,84.6,8
753,4,890,894,84.6,4
812,2,892,894,84.6,2
4362,3,892,895,84.6,3
11,1,894,895,84.6,1
1271,9,887,896,84.6,9
2974,8,888,896,84.6,8
2493,7,889,896,84.6,7
173,3,893,896,84.6,3
4540,9,888,897,84.6,9
669,9,888,897,84.6,9
4869,8,889,897,84.6,8
609,4,893,897,84.6,4
4347,3,894,897,84.6,3
1201,1,896,897,84.6,1
2498,8,890,898,84.6,8
619,7,891,898,84.6,7
4489,3,895,898,84.6,3
3241,7,892,899,84.6,7
1834,3,896,899,84.6,3
3441,3,897,900,84.6,3
3975,3,897,900,84.6,3
1098,6,895,901,84.6,6
4039,4,897,901,84.6,4
4377,3,898,901,84.6,3
1123,2,899,901,84.6,2
1995,2,899,901,84.6,2
2248,8,894,902,84.6,8
2933,5,897,902,84.6,5
4733,7,896,903,84.6,7
3446,6,897,903,84.6,6
1986,6,897,903,84.6,6
3023,5,898,903,84.6,5
3638,2,901,903,84.6,2
3809,1,902,903,84.6,1
2711,8,896,904,84.6,8
1024,6,898,904,84.6,6
3690,2,903,905,84.6,2
4442,6,900,906,84.6,6
1746,3,903,906,84.6,3
3313,6,901,907,84.6,6
1658,5,902,907,84.6,5
1715,5,903,908,84.6,5
4646,3,905,908,84.6,3
3400,2,906,908,84.6,2
1840,9,900,909,84.6,9
4236,8,901,909,84.6,8
3123,6,903,909,84.6,6
2341,2,907,909,84.6,2
2846,1,908,909,84.6,1
2751,9,901,910,84.6,9
2223,9,901,910,84.6,9
1685,6,904,910,84.6,6
3485,6,904,910,84.6,6
651,1,909,910,84.6,1
4170,5,906,911,84.6,5
2577,2,909,911,84.6,2
403,9,903,912,84.6,9
3680,9,903,912,84.6,9
147,3,909,912,84.6,3
3880,2,910,912,84.6,2
1285,2,910,912,84.6,2
2472,2,910,912,84.6,2
661,5,908,913,84.6,5
875,4,909,913,84.6,4
1390,1,912,913,84.6,1
4412,7,907,914,84.6,7
300,6,908,914,84.6,6
1514,2,912,914,84.6,2
4502,5,911,916,84.6,5
1234,4,912,916,84.6,4
2900,4,912,916,84.6,4
2744,8,909,917,84.6,8
3877,5,912,917,84.6,5
4655,5,912,917,84.6,5
4441,4,913,917,84.6,4
458,3,914,917,84.6,3
4667,8,910,918,84.6,8
1359,7,911,918,84.6,7
2910,4,914,918,84.6,4
2726,1,917,918,84.6,1
2594,1,917,918,84.6,1
1911,9,910,919,84.6,9
4076,6,913,919,84.6,6
1798,6,913,919,84.6,6
2724,1,918,919,84.6,1
4826,6,914,920,84.6,6
85,4,916,920,84.6,4
1036,2,918,920,84.6,2
637,5,916,921,84.6,5
3785,3,918,921,84.6,3
4661,3,918,921,84.6,3
2867,2,919,921,84.6,2
3903,2,919,921,84.6,2
41,6,917,923,84.6,6
3869,5,918,923,84.6,5
1154,2,921,923,84.6,2
3514,8,916,924,84.6,8
3473,4,920,924,84.6,4
4807,8,917,925,84.6,8
356,6,919,925,84.6,6
2176,4,921,925,84.6,4
2187,2,923,925,84.6,2
4409,1,924,925,84.6,1
888,9,917,926,84.6,9
3420,6,920,926,84.6,6
4867,5,921,926,84.6,5
2443,5,921,926,84.6,5
216,1,925,926,84.6,1
3707,1,925,926,84.6,1
3190,1,926,927,84.6,1
1696,9,919,928,84.6,9
956,8,920,928,84.6,8
2596,5,923,928,84.6,5
1962,3,925,928,84.6,3
2973,2,926,928,84.6,2
2131,2,926,928,84.6,2
4194,6,923,929,84.6,6
438,4,925,929,84.6,4
4469,1,928,929,84.6,1
2684,1,928,929,84.6,1
126,9,921,930,84.6,9
3996,4,926,930,84.6,4
4096,1,929,930,84.6,1
3275,5,926,931,84.6,5
3658,2,929,931,84.6,2
2186,1,930,931,84.6,1
1992,8,924,932,84.6,8
3059,2,930,932,84.6,2
49,1,931,932,84.6,1
973,8,925,933,84.6,8
254,7,926,933,84.6,7
4724,1,932,933,84.6,1
4905,5,929,934,84.6,5
503,7,928,935,84.6,7
394,7,928,935,84.6,7
3578,4,931,935,84.6,4
4089,3,932,935,84.6,3
3714,3,932,935,84.6,3
325,9,927,936,84.6,9
911,8,928,936,84.6,8
4977,8,928,936,84.6,8
248,6,930,936,84.6,6
1052,1,935,936,84.6,1
3107,2,935,937,84.6,2
215,1,936,937,84.6,1
2821,9,929,938,84.6,9
3373,7,931,938,84.6,7
1602,5,933,938,84.6,5
23,5,933,938,84.6,5
768,2,936,938,84.6,2
3630,1,937,938,84.6,1
891,8,933,941,84.6,8
4936,6,935,941,84.6,6
2827,6,935,941,84.6,6
3082,8,934,942,84.6,8
4681,4,938,942,84.6,4
2163,1,941,942,84.6,1
3883,8,935,943,84.6,8
193,7,936,943,84.6,7
4098,6,937,943,84.6,6
4894,1,942,943,84.6,1
4630,8,936,944,84.6,8
1547,3,941,944,84.6,3
3766,9,936,945,84.6,9
4805,7,938,945,84.6,7
1340,7,938,945,84.6,7
2666,3,942,945,84.6,3
2562,1,944,945,84.6,1
4730,8,938,946,84.6,8
4429,9,938,947,84.6,9
1068,9,938,947,84.6,9
707,4,943,947,84.6,4
3698,4,943,947,84.6,4
104,3,944,947,84.6,3
3391,8,941,949,84.6,8
4723,2,947,949,84.6,2
2671,7,943,950,84.6,7
1149,5,945,950,84.6,5
134,9,942,951,84.6,9
2805,8,943,951,84.6,8
1760,6,945,951,84.6,6
3320,6,945,951,84.6,6
2734,4,947,951,84.6,4
3340,5,947,952,84.6,5
1428,3,949,952,84.6,3
1448,1,951,952,84.6,1
2541,1,951,952,84.6,1
1520,8,945,953,84.6,8
115,8,945,953,84.6,8
4530,1,952,953,84.6,1
3263,3,951,954,84.6,3
4726,1,953,954,84.6,1
4666,9,946,955,84.6,9
1032,9,947,956,84.6,9
4587,9,947,956,84.6,9
4494,6,950,956,84.6,6
1468,2,954,956,84.6,2
3909,8,949,957,84.6,8
3414,7,950,957,84.6,7
3721,6,951,957,84.6,6
801,7,951,958,84.6,7
3817,7,952,959,84.6,7
1250,7,952,959,84.6,7
727,7,952,959,84.6,7
2924,7,953,960,84.6,7
4828,4,956,960,84.6,4
822,8,953,961,84.6,8
693,6,955,961,84.6,6
3102,5,956,961,84.6,5
616,2,959,961,84.6,2
4625,8,954,962,84.6,8
3592,5,957,962,84.6,5
3942,5,957,962,84.6,5
3280,4,959,963,84.6,4
3792,3,960,963,84.6,3
4396,3,960,963,84.6,3
3939,2,961,963,84.6,2
3627,8,956,964,84.6,8
2643,7,957,964,84.6,7
4204,6,958,964,84.6,6
2392,9,956,965,84.6,9
4853,4,961,965,84.6,4
816,3,962,965,84.6,3
308,2,963,965,84.6,2
1399,3,963,966,84.6,3
1116,8,959,967,84.6,8
1643,6,961,967,84.6,6
18,5,962,967,84.6,5
283,4,963,967,84.6,4
3002,3,964,967,84.6,3
730,3,964,967,84.6,3
4789,7,961,968,84.6,7
3775,7,962,969,84.6,7
4678,6,963,969,84.6,6
331,5,964,969,84.6,5
1758,4,965,969,84.6,4
490,2,967,969,84.6,2
2561,3,967,970,84.6,3
1865,1,969,970,84.6,1
2370,6,965,971,84.6,6
3503,5,966,971,84.6,5
4382,4,967,971,84.6,4
1808,2,969,971,84.6,2
3837,7,965,972,84.6,7
4357,5,967,972,84.6,5
1049,8,965,973,84.6,8
582,5,968,973,84.6,5
828,1,972,973,84.6,1
3603,4,970,974,84.6,4
4778,9,967,976,84.6,9
2026,9,967,976,84.6,9
2009,7,969,976,84.6,7
4716,7,969,976,84.6,7
2546,6,970,976,84.6,6
4139,5,971,976,84.6,5
3307,3,973,976,84.6,3
3547,4,973,977,84.6,4
779,1,976,977,84.6,1
3265,9,969,978,84.6,9
1901,7,971,978,84.6,7
3433,6,973,979,84.6,6
3745,3,976,979,84.6,3
922,3,976,979,84.6,3
1251,9,971,980,84.6,9
3819,9,971,980,84.6,9
1439,4,976,980,84.6,4
537,1,979,980,84.6,1
4881,9,972,981,84.6,9
4517,4,978,982,84.6,4
312,2,980,982,84.6,2
655,2,980,982,84.6,2
4993,2,980,982,84.6,2
1751,1,981,982,84.6,1
4618,9,974,983,84.6,9
2413,7,976,983,84.6,7
2857,7,976,983,84.6,7
4216,6,977,983,84.6,6
1970,4,979,983,84.6,4
721,1,983,984,84.6,1
4747,9,976,985,84.6,9
2461,7,978,985,84.6,7
1086,6,979,985,84.6,6
3331,9,977,986,84.6,9
908,1,985,986,84.6,1
4,7,980,987,84.6,7
1445,4,983,987,84.6,4
4445,3,984,987,84.6,3
2618,6,982,988,84.6,6
1483,6,982,988,84.6,6
4137,1,987,988,84.6,1
4710,7,982,989,84.6,7
410,8,982,990,84.6,8
1111,7,983,990,84.6,7
2970,5,985,990,84.6,5
1792,3,987,990,84.6,3
3669,2,988,990,84.6,2
680,9,982,991,84.6,9
3667,8,983,991,84.6,8
3516,9,983,992,84.6,9
4186,6,986,992,84.6,6
2405,1,991,992,84.6,1
3650,8,985,993,84.6,8
3174,5,988,993,84.6,5
289,4,989,993,84.6,4
3147,3,990,993,84.6,3
1275,8,986,994,84.6,8
32,7,987,994,84.6,7
1096,6,988,994,84.6,6
775,4,990,994,84.6,4
741,1,993,994,84.6,1
2285,1,994,995,84.6,1
3321,6,990,996,84.6,6
515,6,990,996,84.6,6
869,6,991,997,84.6,6
3406,3,994,997,84.6,3
688,1,996,997,84.6,1
2833,6,992,998,84.6,6
1969,6,992,998,84.6,6
2769,4,994,998,84.6,4
1750,1,997,998,84.6,1
4755,9,990,999,84.6,9
1225,7,992,999,84.6,7
948,6,993,999,84.6,6
4239,5,994,999,84.6,5
3950,1,998,999,84.6,1
1579,7,993,1000,84.6,7
2766,6,994,1000,84.6,6
3856,2,998,1000,84.6,2
3820,8,993,1001,84.6,8
4696,2,999,1001,84.6,2
1868,3,999,1002,84.6,3
1564,3,999,1002,84.6,3
3325,2,1000,1002,84.6,2
3232,1,1001,1002,84.6,1
2035,8,995,1003,84.6,8
3344,7,996,1003,84.6,7
3955,4,999,1003,84.6,4
1167,7,997,1004,84.6,7
4285,6,998,1004,84.6,6
451,2,1002,1004,84.6,2
4124,8,997,1005,84.6,8
1841,7,998,1005,84.6,7
3134,6,999,1005,84.6,6
772,5,1000,1005,84.6,5
280,5,1000,1005,84.6,5
4376,4,1002,1006,84.6,4
1358,3,1003,1006,84.6,3
4963,3,1003,1006,84.6,3
297,2,1004,1006,84.6,2
1434,6,1001,1007,84.6,6
2803,5,1002,1007,84.6,5
3110,4,1003,1007,84.6,4
4701,1,1006,1007,84.6,1
1476,7,1002,1009,84.6,7
1084,2,1007,1009,84.6,2
1241,6,1004,1010,84.6,6
4938,5,1005,1010,84.6,5
1510,1,1009,1010,84.6,1
9,7,1004,1011,84.6,7
3358,5,1006,1011,84.6,5
1648,4,1007,1011,84.6,4
1386,4,1007,1011,84.6,4
708,7,1005,1012,84.6,7
1537,6,1006,1012,84.6,6
2747,2,1010,1012,84.6,2
1019,1,1011,1012,84.6,1
2270,1,1011,1012,84.6,1
2593,8,1005,1013,84.6,8
1092,8,1005,1013,84.6,8
2629,6,1007,1013,84.6,6
1544,1,1012,1013,84.6,1
4345,9,1005,1014,84.6,9
2156,3,1011,1014,84.6,3
141,3,1011,1014,84.6,3
2610,2,1012,1014,84.6,2
4338,9,1006,1015,84.6,9
472,2,1013,1015,84.6,2
3647,1,1014,1015,84.6,1
771,6,1010,1016,84.6,6
4745,4,1012,1016,84.6,4
2606,2,1014,1016,84.6,2
695,8,1009,1017,84.6,8
1224,5,1012,1017,84.6,5
219,4,1013,1017,84.6,4
3415,3,1014,1017,84.6,3
3954,1,1016,1017,84.6,1
4268,8,1010,1018,84.6,8
4199,2,1016,1018,84.6,2
15,1,1017,1018,84.6,1
2006,6,1013,1019,84.6,6
4119,3,1016,1019,84.6,3
3377,5,1015,1020,84.6,5
1879,3,1017,1020,84.6,3
3496,2,1018,1020,84.6,2
2916,1,1019,1020,84.6,1
279,9,1012,1021,84.6,9
2977,2,1019,1021,84.6,2
3350,9,1013,1022,84.6,9
1365,7,1015,1022,84.6,7
1874,7,1015,1022,84.6,7
2918,9,1014,1023,84.6,9
3634,6,1017,1023,84.6,6
2872,5,1018,1023,84.6,5
2337,3,1020,1023,84.6,3
4146,1,1022,1023,84.6,1
1742,7,1017,1024,84.6,7
489,2,1022,1024,84.6,2
3066,2,1022,1024,84.6,2
229,8,1017,1025,84.6,8
1191,7,1018,1025,84.6,7
244,7,1020,1027,84.6,7
3925,6,1021,1027,84.6,6
441,4,1023,1027,84.6,4
3541,4,1024,1028,84.6,4
3459,4,1024,1028,84.6,4
3258,9,1020,1029,84.6,9
3648,9,1020,1029,84.6,9
2065,6,1023,1029,84.6,6
2862,9,1021,1030,84.6,9
4399,6,1024,1030,84.6,6
3661,3,1027,1030,84.6,3
4120,8,1023,1031,84.6,8
2128,9,1023,1032,84.6,9
4235,9,1023,1032,84.6,9
4165,7,1025,1032,84.6,7
2208,5,1027,1032,84.6,5
1344,5,1027,1032,84.6,5
4629,4,1029,1033,84.6,4
3612,3,1030,1033,84.6,3
408,9,1025,1034,84.6,9
3310,3,1031,1034,84.6,3
1421,7,1028,1035,84.6,7
71,5,1030,1035,84.6,5
4811,3,1032,1035,84.6,3
1411,3,1032,1035,84.6,3
3201,3,1032,1035,84.6,3
3998,6,1030,1036,84.6,6
845,2,1034,1036,84.6,2
4411,1,1035,1036,84.6,1
3971,9,1028,1037,84.6,9
2416,8,1029,1037,84.6,8
1074,9,1029,1038,84.6,9
4341,5,1033,1038,84.6,5
3537,4,1034,1038,84.6,4
124,3,1035,1038,84.6,3
1131,3,1036,1039,84.6,3
3449,8,1032,1040,84.6,8
2446,5,1035,1040,84.6,5
2241,9,1032,1041,84.6,9
902,8,1033,1041,84.6,8
1379,5,1036,1041,84.6,5
3019,1,1040,1041,84.6,1
1711,1,1041,1042,84.6,1
3507,8,1035,1043,84.6,8
258,7,1036,1043,84.6,7
733,5,1038,1043,84.6,5
2044,4,1039,1043,84.6,4
362,9,1035,1044,84.6,9
3692,7,1037,1044,84.6,7
2871,6,1038,1044,84.6,6
3726,8,1037,1045,84.6,8
1682,7,1038,1045,84.6,7
3447,1,1044,1045,84.6,1
2195,6,1040,1046,84.6,6
2710,5,1041,1046,84.6,5
4158,3,1043,1046,84.6,3
4024,9,1038,1047,84.6,9
757,1,1046,1047,84.6,1
4632,5,1043,1048,84.6,5
4379,4,1044,1048,84.6,4
1987,8,1041,1049,84.6,8
4879,6,1043,1049,84.6,6
663,4,1045,1049,84.6,4
3101,4,1045,1049,84.6,4
4331,9,1041,1050,84.6,9
4105,6,1044,1050,84.6,6
4320,2,1048,1050,84.6,2
4475,9,1042,1051,84.6,9
1099,8,1043,1051,84.6,8
231,5,1046,1051,84.6,5
3318,2,1049,1051,84.6,2
3130,7,1045,1052,84.6,7
2742,6,1046,1052,84.6,6
2628,5,1047,1052,84.6,5
2902,4,1048,1052,84.6,4
2597,1,1051,1052,84.6,1
1102,3,1050,1053,84.6,3
454,2,1051,1053,84.6,2
740,2,1051,1053,84.6,2
3290,1,1052,1053,84.6,1
2419,1,1052,1053,84.6,1
3453,4,1050,1054,84.6,4
3214,8,1047,1055,84.6,8
4973,6,1049,1055,84.6,6
4998,4,1051,1055,84.6,4
910,3,1053,1056,84.6,3
3786,1,1055,1056,84.6,1
2272,8,1049,1057,84.6,8
4836,8,1049,1057,84.6,8
102,5,1052,1057,84.6,5
2242,1,1056,1057,84.6,1
484,2,1056,1058,84.6,2
3025,1,1057,1058,84.6,1
2929,9,1050,1059,84.6,9
1700,6,1053,1059,84.6,6
1651,7,1053,1060,84.6,7
3342,9,1052,1061,84.6,9
2725,9,1052,1061,84.6,9
234,6,1055,1061,84.6,6
2406,6,1055,1061,84.6,6
4522,4,1057,1061,84.6,4
2407,9,1053,1062,84.6,9
4545,9,1053,1062,84.6,9
2943,8,1054,1062,84.6,8
495,1,1061,1062,84.6,1
4008,6,1057,1063,84.6,6
1735,2,1061,1063,84.6,2
3538,5,1059,1064,84.6,5
1860,4,1060,1064,84.6,4
4744,2,1062,1064,84.6,2
381,8,1057,1065,84.6,8
3527,3,1062,1065,84.6,3
2489,3,1062,1065,84.6,3
162,1,1064,1065,84.6,1
3298,8,1058,1066,84.6,8
463,8,1058,1066,84.6,8
3206,7,1059,1066,84.6,7
1161,4,1062,1066,84.6,4
4751,3,1063,1066,84.6,3
4739,2,1065,1067,84.6,2
2673,2,1065,1067,84.6,2
1378,7,1061,1068,84.6,7
3412,3,1065,1068,84.6,3
4596,8,1061,1069,84.6,8
3813,5,1064,1069,84.6,5
2898,3,1066,1069,84.6,3
2,9,1061,1070,84.6,9
2987,4,1066,1070,84.6,4
1415,3,1068,1071,84.6,3
3579,2,1069,1071,84.6,2
1531,1,1070,1071,84.6,1
3020,9,1063,1072,84.6,9
605,8,1064,1072,84.6,8
2841,4,1068,1072,84.6,4
20,7,1066,1073,84.6,7
4815,7,1066,1073,84.6,7
4471,6,1067,1073,84.6,6
1496,4,1069,1073,84.6,4
2356,2,1071,1073,84.6,2
2091,9,1065,1074,84.6,9
3294,8,1066,1074,84.6,8
412,1,1073,1074,84.6,1
1081,1,1073,1074,84.6,1
409,1,1073,1074,84.6,1
1919,5,1070,1075,84.6,5
1877,3,1072,1075,84.6,3
4961,9,1067,1076,84.6,9
459,4,1072,1076,84.6,4
4602,1,1075,1076,84.6,1
1706,8,1069,1077,84.6,8
4574,6,1071,1077,84.6,6
4015,5,1072,1077,84.6,5
3076,1,1076,1077,84.6,1
1644,5,1073,1078,84.6,5
3455,2,1076,1078,84.6,2
3906,8,1071,1079,84.6,8
2063,3,1076,1079,84.6,3
4259,7,1073,1080,84.6,7
3180,6,1074,1080,84.6,6
3787,2,1078,1080,84.6,2
639,1,1080,1081,84.6,1
3897,8,1074,1082,84.6,8
870,5,1077,1082,84.6,5
3530,9,1074,1083,84.6,9
868,9,1074,1083,84.6,9
1229,9,1074,1083,84.6,9
4423,9,1075,1084,84.6,9
4219,7,1077,1084,84.6,7
425,7,1077,1084,84.6,7
1400,6,1078,1084,84.6,6
4206,2,1082,1084,84.6,2
67,1,1083,1084,84.6,1
2318,8,1077,1085,84.6,8
3075,1,1084,1085,84.6,1
3619,7,1079,1086,84.6,7
176,4,1082,1086,84.6,4
3257,2,1084,1086,84.6,2
806,1,1085,1086,84.6,1
3329,7,1080,1087,84.6,7
1119,9,1079,1088,84.6,9
481,8,1080,1088,84.6,8
732,6,1083,1089,84.6,6
432,1,1088,1089,84.6,1
1605,9,1081,1090,84.6,9
700,7,1083,1090,84.6,7
3428,6,1084,1090,84.6,6
1594,7,1084,1091,84.6,7
4088,6,1085,1091,84.6,6
1504,4,1087,1091,84.6,4
3566,1,1090,1091,84.6,1
538,8,1084,1092,84.6,8
4013,6,1086,1092,84.6,6
4622,6,1086,1092,84.6,6
3197,2,1090,1092,84.6,2
4656,9,1084,1093,84.6,9
1938,4,1089,1093,84.6,4
4924,8,1086,1094,84.6,8
138,9,1086,1095,84.6,9
477,6,1089,1095,84.6,6
2067,5,1090,1095,84.6,5
631,3,1092,1095,84.6,3
2365,3,1092,1095,84.6,3
3355,2,1093,1095,84.6,2
4225,2,1094,1096,84.6,2
4582,9,1088,1097,84.6,9
4486,6,1091,1097,84.6,6
1318,6,1091,1097,84.6,6
4889,5,1092,1097,84.6,5
2703,7,1091,1098,84.6,7
3743,7,1091,1098,84.6,7
1414,5,1093,1098,84.6,5
2029,3,1095,1098,84.6,3
900,1,1098,1099,84.6,1
39,1,1098,1099,84.6,1
2054,4,1096,1100,84.6,4
84,2,1098,1100,84.6,2
1568,9,1092,1101,84.6,9
2829,6,1095,1101,84.6,6
1672,4,1097,1101,84.6,4
3836,1,1100,1101,84.6,1
1819,7,1095,1102,84.6,7
1973,7,1095,1102,84.6,7
3548,8,1095,1103,84.6,8
4503,8,1095,1103,84.6,8
4969,6,1097,1103,84.6,6
2886,7,1097,1104,84.6,7
4769,6,1098,1104,84.6,6
640,3,1101,1104,84.6,3
4955,8,1097,1105,84.6,8
1446,3,1103,1106,84.6,3
4296,2,1104,1106,84.6,2
4448,2,1104,1106,84.6,2
4482,8,1099,1107,84.6,8
1050,6,1101,1107,84.6,6
879,6,1101,1107,84.6,6
3335,9,1099,1108,84.6,9
2064,8,1100,1108,84.6,8
4082,6,1102,1108,84.6,6
2033,1,1107,1108,84.6,1
3383,8,1101,1109,84.6,8
3328,5,1104,1109,84.6,5
4891,9,1102,1111,84.6,9
2538,8,1103,1111,84.6,8
2391,4,1107,1111,84.6,4
1818,3,1108,1111,84.6,3
179,2,1109,1111,84.6,2
416,9,1103,1112,84.6,9
743,7,1105,1112,84.6,7
4532,4,1108,1112,84.6,4
1910,1,1111,1112,84.6,1
4410,7,1106,1113,84.6,7
2296,8,1106,1114,84.6,8
4864,8,1106,1114,84.6,8
1248,3,1111,1114,84.6,3
1543,8,1107,1115,84.6,8
3125,7,1108,1115,84.6,7
3281,4,1111,1115,84.6,4
3425,2,1113,1115,84.6,2
1515,8,1108,1116,84.6,8
2576,4,1112,1116,84.6,4
439,2,1114,1116,84.6,2
3628,1,1115,1116,84.6,1
2258,8,1109,1117,84.6,8
929,2,1115,1117,84.6,2
2679,2,1115,1117,84.6,2
4937,7,1111,1118,84.6,7
1980,6,1112,1118,84.6,6
2613,6,1112,1118,84.6,6
1849,8,1111,1119,84.6,8
928,7,1112,1119,84.6,7
4321,2,1117,1119,84.6,2
213,1,1118,1119,84.6,1
3608,4,1116,1120,84.6,4
2896,3,1117,1120,84.6,3
1530,7,1114,1121,84.6,7
4398,7,1114,1121,84.6,7
3086,5,1116,1121,84.6,5
4586,7,1115,1122,84.6,7
2364,5,1117,1122,84.6,5
3,2,1120,1122,84.6,2
3370,2,1121,1123,84.6,2
3959,8,1116,1124,84.6,8
34,5,1119,1124,84.6,5
919,9,1116,1125,84.6,9
3962,6,1119,1125,84.6,6
832,6,1119,1125,84.6,6
1554,5,1120,1125,84.6,5
2861,3,1122,1125,84.6,3
925,2,1123,1125,84.6,2
1295,8,1118,1126,84.6,8
3709,9,1118,1127,84.6,9
2253,5,1122,1127,84.6,5
1831,2,1125,1127,84.6,2
4568,2,1125,1127,84.6,2
2653,9,1119,1128,84.6,9
2215,6,1122,1128,84.6,6
1459,4,1124,1128,84.6,4
247,3,1125,1128,84.6,3
2438,1,1127,1128,84.6,1
4174,8,1121,1129,84.6,8
4682,9,1121,1130,84.6,9
1835,5,1125,1130,84.6,5
1000,6,1125,1131,84.6,6
3651,5,1126,1131,84.6,5
1286,3,1128,1131,84.6,3
2167,1,1130,1131,84.6,1
3806,8,1124,1132,84.6,8
894,3,1129,1132,84.6,3
1471,8,1125,1133,84.6,8
2535,6,1127,1133,84.6,6
1412,5,1128,1133,84.6,5
2479,5,1128,1133,84.6,5
1309,6,1128,1134,84.6,6
1748,3,1131,1134,84.6,3
949,2,1132,1134,84.6,2
263,4,1131,1135,84.6,4
751,1,1134,1135,84.6,1
2229,9,1127,1136,84.6,9
2514,9,1127,1136,84.6,9
192,3,1133,1136,84.6,3
4902,9,1128,1137,84.6,9
2250,6,1131,1137,84.6,6
1947,9,1130,1139,84.6,9
2299,6,1133,1139,84.6,6
551,9,1131,1140,84.6,9
1292,8,1132,1140,84.6,8
765,7,1134,1141,84.6,7
218,6,1135,1141,84.6,6
3983,5,1136,1141,84.6,5
830,9,1133,1142,84.6,9
3006,9,1133,1142,84.6,9
4182,6,1136,1142,84.6,6
2661,6,1136,1142,84.6,6
3382,9,1134,1143,84.6,9
3670,8,1135,1143,84.6,8
703,4,1139,1143,84.6,4
3036,1,1142,1143,84.6,1
4436,1,1142,1143,84.6,1
4753,8,1137,1145,84.6,8
1573,6,1139,1145,84.6,6
3800,4,1141,1145,84.6,4
1384,2,1143,1145,84.6,2
1383,9,1137,1146,84.6,9
132,4,1142,1146,84.6,4
2038,3,1143,1146,84.6,3
1663,1,1145,1146,84.6,1
1164,7,1140,1147,84.6,7
653,2,1145,1147,84.6,2
2110,7,1141,1148,84.6,7
3686,7,1141,1148,84.6,7
4846,3,1145,1148,84.6,3
4058,2,1146,1148,84.6,2
4095,9,1140,1149,84.6,9
642,6,1143,1149,84.6,6
2058,6,1143,1149,84.6,6
1375,7,1143,1150,84.6,7
833,5,1145,1150,84.6,5
3589,2,1148,1150,84.6,2
4519,9,1142,1151,84.6,9
3044,2,1149,1151,84.6,2
1206,5,1147,1152,84.6,5
3945,3,1149,1152,84.6,3
3933,7,1146,1153,84.6,7
3202,3,1150,1153,84.6,3
1233,2,1151,1153,84.6,2
466,8,1146,1154,84.6,8
3267,7,1147,1154,84.6,7
1328,6,1148,1154,84.6,6
74,4,1150,1154,84.6,4
4478,2,1152,1154,84.6,2
1534,9,1146,1155,84.6,9
1802,7,1148,1155,84.6,7
4757,6,1149,1155,84.6,6
1324,3,1152,1155,84.6,3
2162,5,1151,1156,84.6,5
2669,3,1153,1156,84.6,3
3850,2,1154,1156,84.6,2
610,1,1155,1156,84.6,1
3157,9,1148,1157,84.6,9
1349,4,1153,1157,84.6,4
1290,3,1154,1157,84.6,3
2552,3,1155,1158,84.6,3
4294,9,1150,1159,84.6,9
4671,5,1154,1159,84.6,5
569,5,1154,1159,84.6,5
3886,4,1155,1159,84.6,4
4650,3,1156,1159,84.6,3
128,7,1153,1160,84.6,7
1538,1,1159,1160,84.6,1
3104,1,1159,1160,84.6,1
4612,6,1155,1161,84.6,6
3230,5,1156,1161,84.6,5
1581,3,1158,1161,84.6,3
4999,1,1160,1161,84.6,1
2490,8,1154,1162,84.6,8
1345,6,1156,1162,84.6,6
4094,5,1157,1162,84.6,5
532,7,1156,1163,84.6,7
1640,6,1157,1163,84.6,6
2086,4,1159,1163,84.6,4
2057,3,1161,1164,84.6,3
1376,4,1161,1165,84.6,4
405,3,1162,1165,84.6,3
1260,9,1157,1166,84.6,9
1944,2,1164,1166,84.6,2
4028,1,1165,1166,84.6,1
3662,8,1159,1167,84.6,8
2849,7,1160,1167,84.6,7
4610,6,1161,1167,84.6,6
575,9,1159,1168,84.6,9
4692,2,1166,1168,84.6,2
3671,9,1160,1169,84.6,9
1079,7,1162,1169,84.6,7
27,7,1162,1169,84.6,7
1190,6,1163,1169,84.6,6
509,4,1165,1169,84.6,4
2753,9,1161,1170,84.6,9
2028,1,1169,1170,84.6,1
436,1,1169,1170,84.6,1
512,8,1163,1171,84.6,8
2377,5,1166,1171,84.6,5
55,9,1163,1172,84.6,9
3605,5,1167,1172,84.6,5
1179,4,1168,1172,84.6,4
3691,3,1169,1172,84.6,3
3185,3,1169,1172,84.6,3
4243,3,1170,1173,84.6,3
26,2,1171,1173,84.6,2
4193,7,1167,1174,84.6,7
4145,2,1172,1174,84.6,2
4624,2,1172,1174,84.6,2
3091,9,1166,1175,84.6,9
315,8,1167,1175,84.6,8
4561,7,1169,1176,84.6,7
4548,6,1170,1176,84.6,6
3143,4,1172,1176,84.6,4
518,4,1172,1176,84.6,4
3069,3,1173,1176,84.6,3
338,9,1168,1177,84.6,9
389,7,1170,1177,84.6,7
4840,4,1174,1178,84.6,4
3501,7,1172,1179,84.6,7
4148,5,1174,1179,84.6,5
792,9,1171,1180,84.6,9
3999,7,1173,1180,84.6,7
3825,4,1176,1180,84.6,4
3100,1,1179,1180,84.6,1
665,7,1174,1181,84.6,7
2793,6,1175,1181,84.6,6
542,5,1176,1181,84.6,5
2304,4,1177,1181,84.6,4
397,7,1176,1183,84.6,7
1101,3,1180,1183,84.6,3
2921,3,1180,1183,84.6,3
1114,3,1180,1183,84.6,3
4383,9,1175,1184,84.6,9
4380,8,1176,1184,84.6,8
2025,9,1176,1185,84.6,9
1608,8,1177,1185,84.6,8
1743,4,1181,1185,84.6,4
2765,4,1181,1185,84.6,4
2389,1,1184,1185,84.6,1
4009,8,1178,1186,84.6,8
3000,8,1179,1187,84.6,8
3811,7,1180,1187,84.6,7
4763,6,1181,1187,84.6,6
896,4,1183,1187,84.6,4
2960,4,1183,1187,84.6,4
746,1,1186,1187,84.6,1
3033,8,1181,1189,84.6,8
1440,6,1183,1189,84.6,6
1754,3,1187,1190,84.6,3
4169,7,1184,1191,84.6,7
3855,6,1185,1191,84.6,6
2373,6,1185,1191,84.6,6
2203,4,1187,1191,84.6,4
3068,9,1183,1192,84.6,9
3620,7,1185,1192,84.6,7
4381,7,1185,1192,84.6,7
4798,5,1187,1192,84.6,5
892,3,1189,1192,84.6,3
4373,8,1185,1193,84.6,8
4705,1,1192,1193,84.6,1
4642,7,1187,1194,84.6,7
901,8,1187,1195,84.6,8
259,5,1190,1195,84.6,5
1214,3,1192,1195,84.6,3
1577,1,1194,1195,84.6,1
2548,9,1187,1196,84.6,9
3719,7,1189,1196,84.6,7
351,5,1191,1196,84.6,5
1714,3,1193,1196,84.6,3
2937,1,1195,1196,84.6,1
1287,5,1192,1197,84.6,5
535,4,1193,1197,84.6,4
2123,2,1195,1197,84.6,2
183,7,1191,1198,84.6,7
780,6,1192,1198,84.6,6
1189,3,1195,1198,84.6,3
1089,3,1196,1199,84.6,3
4112,3,1196,1199,84.6,3
2640,9,1191,1200,84.6,9
3772,9,1191,1200,84.6,9
803,5,1195,1200,84.6,5
434,4,1196,1200,84.6,4
920,9,1192,1201,84.6,9
3946,3,1198,1201,84.6,3
2868,3,1198,1201,84.6,3
4592,1,1200,1201,84.6,1
2698,7,1196,1203,84.6,7
3234,6,1197,1203,84.6,6
4589,3,1200,1203,84.6,3
4951,5,1199,1204,84.6,5
4431,5,1199,1204,84.6,5
3024,4,1200,1204,84.6,4
1825,1,1203,1204,84.6,1
4529,1,1203,1204,84.6,1
284,9,1196,1205,84.6,9
4842,7,1198,1205,84.6,7
882,9,1197,1206,84.6,9
1138,9,1197,1206,84.6,9
560,5,1201,1206,84.6,5
3028,6,1201,1207,84.6,6
786,8,1200,1208,84.6,8
644,3,1205,1208,84.6,3
4588,5,1204,1209,84.6,5
3841,4,1205,1209,84.6,4
1470,1,1208,1209,84.6,1
2255,9,1201,1210,84.6,9
3031,9,1201,1210,84.6,9
4851,4,1206,1210,84.6,4
2919,3,1207,1210,84.6,3
756,1,1209,1210,84.6,1
4498,8,1203,1211,84.6,8
735,7,1204,1211,84.6,7
3771,5,1206,1211,84.6,5
2334,1,1210,1211,84.6,1
4468,8,1204,1212,84.6,8
3870,8,1204,1212,84.6,8
3871,2,1210,1212,84.6,2
3083,9,1204,1213,84.6,9
4848,7,1206,1213,84.6,7
2855,3,1210,1213,84.6,3
3300,2,1211,1213,84.6,2
4453,4,1210,1214,84.6,4
3272,1,1213,1214,84.6,1
516,7,1208,1215,84.6,7
2844,4,1211,1215,84.6,4
4116,3,1212,1215,84.6,3
3390,7,1209,1216,84.6,7
1121,6,1210,1216,84.6,6
2039,4,1212,1216,84.6,4
2907,4,1212,1216,84.6,4
554,6,1211,1217,84.6,6
3780,2,1215,1217,84.6,2
4697,1,1216,1217,84.6,1
1071,9,1209,1218,84.6,9
2122,4,1214,1218,84.6,4
3479,3,1215,1218,84.6,3
1607,6,1213,1219,84.6,6
1641,4,1215,1219,84.6,4
1166,3,1216,1219,84.6,3
4550,9,1211,1220,84.6,9
2699,7,1213,1220,84.6,7
3952,6,1214,1220,84.6,6
2032,5,1216,1221,84.6,5
3179,3,1218,1221,84.6,3
684,9,1213,1222,84.6,9
4129,2,1220,1222,84.6,2
4413,6,1217,1223,84.6,6
482,5,1218,1223,84.6,5
3969,4,1219,1223,84.6,4
3614,8,1216,1224,84.6,8
1705,7,1217,1224,84.6,7
4349,4,1220,1224,84.6,4
488,8,1217,1225,84.6,8
4217,6,1219,1225,84.6,6
494,9,1218,1227,84.6,9
630,8,1219,1227,84.6,8
1618,5,1222,1227,84.6,5
4142,3,1224,1227,84.6,3
2496,8,1220,1228,84.6,8
4563,7,1221,1228,84.6,7
1217,7,1221,1228,84.6,7
1786,6,1222,1228,84.6,6
1048,5,1223,1228,84.6,5
4860,1,1227,1228,84.6,1
393,4,1225,1229,84.6,4
4275,1,1228,1229,84.6,1
4049,6,1225,1231,84.6,6
4670,4,1227,1231,84.6,4
4358,3,1228,1231,84.6,3
3048,9,1223,1232,84.6,9
1566,9,1223,1232,84.6,9
3931,8,1224,1232,84.6,8
2309,5,1227,1232,84.6,5
912,4,1228,1232,84.6,4
3525,9,1224,1233,84.6,9
3510,6,1227,1233,84.6,6
3901,5,1228,1233,84.6,5
1678,5,1228,1233,84.6,5
4290,3,1231,1234,84.6,3
4565,6,1229,1235,84.6,6
1490,3,1232,1235,84.6,3
3512,2,1233,1235,84.6,2
3697,4,1232,1236,84.6,4
4838,4,1232,1236,84.6,4
487,3,1233,1236,84.6,3
1603,9,1228,1237,84.6,9
1777,8,1229,1237,84.6,8
548,6,1231,1237,84.6,6
4485,5,1232,1237,84.6,5
111,6,1232,1238,84.6,6
3397,5,1233,1238,84.6,5
1904,3,1235,1238,84.6,3
1419,3,1235,1238,84.6,3
3581,3,1235,1238,84.6,3
3061,9,1231,1240,84.6,9
2367,4,1236,1240,84.6,4
1522,4,1236,1240,84.6,4
83,8,1233,1241,84.6,8
1204,7,1234,1241,84.6,7
4590,1,1240,1241,84.6,1
709,6,1236,1242,84.6,6
3910,4,1238,1242,84.6,4
2516,2,1240,1242,84.6,2
3052,6,1237,1243,84.6,6
4054,6,1237,1243,84.6,6
3761,7,1237,1244,84.6,7
1779,7,1238,1245,84.6,7
2675,5,1240,1245,84.6,5
1118,9,1237,1246,84.6,9
4989,8,1238,1246,84.6,8
4023,5,1241,1246,84.6,5
3008,4,1242,1246,84.6,4
4414,1,1245,1246,84.6,1
4877,9,1238,1247,84.6,9
3138,9,1238,1247,84.6,9
3981,6,1241,1247,84.6,6
840,5,1242,1247,84.6,5
3497,6,1242,1248,84.6,6
612,8,1241,1249,84.6,8
4986,6,1243,1249,84.6,6
237,3,1246,1249,84.6,3
4929,2,1247,1249,84.6,2
1942,3,1247,1250,84.6,3
1335,8,1243,1251,84.6,8
3283,5,1246,1251,84.6,5
2434,5,1246,1251,84.6,5
4218,4,1247,1251,84.6,4
4910,6,1246,1252,84.6,6
3765,2,1250,1252,84.6,2
3528,1,1251,1252,84.6,1
3644,1,1251,1252,84.6,1
1442,9,1244,1253,84.6,9
360,7,1246,1253,84.6,7
2719,1,1252,1253,84.6,1
737,9,1245,1254,84.6,9
4734,1,1253,1254,84.6,1
4638,7,1248,1255,84.6,7
758,6,1249,1255,84.6,6
692,3,1252,1255,84.6,3
1574,9,1247,1256,84.6,9
368,7,1249,1256,84.6,7
2315,3,1253,1256,84.6,3
2555,2,1254,1256,84.6,2
2563,8,1249,1257,84.6,8
3189,6,1251,1257,84.6,6
3828,1,1256,1257,84.6,1
2526,9,1249,1258,84.6,9
54,7,1251,1258,84.6,7
2043,6,1252,1258,84.6,6
4930,6,1252,1258,84.6,6
2097,3,1256,1259,84.6,3
4071,3,1256,1259,84.6,3
4221,4,1256,1260,84.6,4
3777,7,1254,1261,84.6,7
110,3,1258,1261,84.6,3
791,9,1253,1262,84.6,9
3467,7,1255,1262,84.6,7
3741,5,1257,1262,84.6,5
4201,4,1258,1262,84.6,4
3098,8,1255,1263,84.6,8
842,8,1255,1263,84.6,8
2079,6,1257,1263,84.6,6
1934,2,1261,1263,84.6,2
4702,7,1257,1264,84.6,7
2534,1,1263,1264,84.6,1
1058,7,1258,1265,84.6,7
1521,6,1259,1265,84.6,6
3815,6,1260,1266,84.6,6
1478,4,1262,1266,84.6,4
1362,4,1262,1266,84.6,4
2509,2,1264,1266,84.6,2
3565,9,1258,1267,84.6,9
4560,6,1261,1267,84.6,6
2752,5,1262,1267,84.6,5
4767,4,1263,1267,84.6,4
594,1,1266,1267,84.6,1
196,9,1259,1268,84.6,9
796,2,1266,1268,84.6,2
2544,4,1265,1269,84.6,4
3940,3,1266,1269,84.6,3
3597,7,1263,1270,84.6,7
736,9,1262,1271,84.6,9
2622,8,1263,1271,84.6,8
174,6,1265,1271,84.6,6
1797,8,1264,1272,84.6,8
955,6,1266,1272,84.6,6
3907,5,1267,1272,84.6,5
3736,3,1269,1272,84.6,3
1972,6,1267,1273,84.6,6
4464,6,1267,1273,84.6,6
2651,1,1272,1273,84.6,1
1710,7,1267,1274,84.6,7
1,6,1268,1274,84.6,6
65,5,1269,1274,84.6,5
1128,8,1267,1275,84.6,8
2177,7,1268,1275,84.6,7
2194,4,1271,1275,84.6,4
1693,3,1272,1275,84.6,3
3259,6,1270,1276,84.6,6
3386,5,1271,1276,84.6,5
2435,1,1275,1276,84.6,1
2245,8,1271,1279,84.6,8
2059,7,1272,1279,84.6,7
117,6,1273,1279,84.6,6
355,6,1273,1279,84.6,6
3255,5,1274,1279,84.6,5
1249,5,1274,1279,84.6,5
4040,3,1276,1279,84.6,3
3470,1,1279,1280,84.6,1
4176,9,1272,1281,84.6,9
50,9,1273,1282,84.6,9
4136,8,1274,1282,84.6,8
1687,7,1275,1282,84.6,7
2748,8,1275,1283,84.6,8
266,8,1275,1283,84.6,8
465,7,1276,1283,84.6,7
3203,7,1276,1283,84.6,7
2449,4,1279,1283,84.6,4
2518,4,1279,1283,84.6,4
759,4,1279,1283,84.6,4
3545,4,1280,1284,84.6,4
3462,6,1279,1285,84.6,6
3171,6,1279,1285,84.6,6
2836,2,1283,1285,84.6,2
1649,7,1279,1286,84.6,7
1998,1,1285,1286,84.6,1
1759,5,1282,1287,84.6,5
1156,3,1284,1287,84.6,3
1517,5,1283,1288,84.6,5
1719,3,1285,1288,84.6,3
2082,8,1281,1289,84.6,8
461,7,1282,1289,84.6,7
122,7,1283,1290,84.6,7
797,4,1286,1290,84.6,4
927,2,1288,1290,84.6,2
3590,9,1282,1291,84.6,9
2027,8,1283,1291,84.6,8
282,8,1283,1291,84.6,8
981,8,1283,1291,84.6,8
1416,4,1287,1291,84.6,4
4762,4,1287,1291,84.6,4
1729,2,1289,1291,84.6,2
2633,1,1290,1291,84.6,1
3932,1,1290,1291,84.6,1
3804,9,1283,1292,84.6,9
2513,3,1290,1293,84.6,3
4327,2,1291,1293,84.6,2
2439,2,1291,1293,84.6,2
3652,2,1291,1293,84.6,2
889,9,1285,1294,84.6,9
2275,3,1291,1294,84.6,3
1559,1,1293,1294,84.6,1
1828,9,1286,1295,84.6,9
271,4,1291,1295,84.6,4
1974,1,1294,1295,84.6,1
1242,1,1294,1295,84.6,1
3553,8,1288,1296,84.6,8
586,7,1289,1296,84.6,7
2537,3,1293,1296,84.6,3
3121,2,1294,1296,84.6,2
4512,6,1291,1297,84.6,6
1452,6,1291,1297,84.6,6
3930,2,1295,1297,84.6,2
4523,2,1295,1297,84.6,2
3205,7,1291,1298,84.6,7
2165,2,1296,1298,84.6,2
1989,1,1297,1298,84.6,1
873,8,1291,1299,84.6,8
2453,7,1292,1299,84.6,7
3135,6,1293,1299,84.6,6
4242,4,1295,1299,84.6,4
3632,4,1296,1300,84.6,4
4390,3,1297,1300,84.6,3
2823,8,1293,1301,84.6,8
881,6,1295,1301,84.6,6
3911,6,1296,1302,84.6,6
3105,3,1299,1302,84.6,3
1907,7,1296,1303,84.6,7
3037,6,1297,1303,84.6,6
3941,5,1298,1303,84.6,5
2126,5,1298,1303,84.6,5
4919,2,1301,1303,84.6,2
3421,2,1301,1303,84.6,2
3617,4,1300,1304,84.6,4
1918,4,1300,1304,84.6,4
2198,2,1302,1304,84.6,2
2160,1,1303,1304,84.6,1
971,8,1297,1305,84.6,8
1689,7,1298,1305,84.6,7
2764,6,1299,1305,84.6,6
287,2,1303,1305,84.6,2
4895,3,1303,1306,84.6,3
4237,3,1303,1306,84.6,3
1887,2,1304,1306,84.6,2
1903,1,1305,1306,84.6,1
1278,8,1299,1307,84.6,8
2598,4,1303,1307,84.6,4
1454,2,1305,1307,84.6,2
1713,1,1306,1307,84.6,1
2212,9,1299,1308,84.6,9
3109,4,1305,1309,84.6,4
387,3,1306,1309,84.6,3
4141,8,1302,1310,84.6,8
1209,4,1306,1310,84.6,4
2524,3,1307,1310,84.6,3
1352,1,1309,1310,84.6,1
4796,7,1304,1311,84.6,7
926,4,1307,1311,84.6,4
133,3,1308,1311,84.6,3
1691,1,1310,1311,84.6,1
1569,9,1303,1312,84.6,9
788,8,1304,1312,84.6,8
497,7,1305,1312,84.6,7
717,2,1310,1312,84.6,2
2641,9,1304,1313,84.6,9
1240,3,1310,1313,84.6,3
4583,2,1311,1313,84.6,2
1893,2,1311,1313,84.6,2
3484,7,1307,1314,84.6,7
1551,9,1306,1315,84.6,9
821,8,1307,1315,84.6,8
557,5,1310,1315,84.6,5
3252,1,1314,1315,84.6,1
1717,4,1312,1316,84.6,4
635,8,1309,1317,84.6,8
2371,6,1311,1317,84.6,6
2074,4,1313,1317,84.6,4
3843,8,1311,1319,84.6,8
4991,7,1312,1319,84.6,7
1567,6,1313,1319,84.6,6
4162,8,1312,1320,84.6,8
2383,7,1313,1320,84.6,7
4052,5,1315,1320,84.6,5
3550,4,1316,1320,84.6,4
377,9,1312,1321,84.6,9
1231,8,1313,1321,84.6,8
2608,6,1315,1321,84.6,6
1105,4,1317,1321,84.6,4
2627,7,1315,1322,84.6,7
2216,2,1321,1323,84.6,2
2393,9,1315,1324,84.6,9
1120,4,1320,1324,84.6,4
453,8,1317,1325,84.6,8
1061,8,1317,1325,84.6,8
4418,6,1319,1325,84.6,6
3404,6,1319,1325,84.6,6
4557,6,1319,1325,84.6,6
1582,5,1320,1325,84.6,5
558,4,1321,1325,84.6,4
442,5,1321,1326,84.6,5
2686,1,1325,1326,84.6,1
3769,9,1320,1329,84.6,9
374,9,1320,1329,84.6,9
181,6,1323,1329,84.6,6
4025,4,1325,1329,84.6,4
2247,4,1325,1329,84.6,4
4241,9,1321,1330,84.6,9
4514,8,1322,1330,84.6,8
3158,7,1324,1331,84.6,7
3018,7,1324,1331,84.6,7
1422,7,1325,1332,84.6,7
2011,7,1325,1332,84.6,7
1054,7,1325,1332,84.6,7
1591,6,1326,1332,84.6,6
614,3,1329,1332,84.6,3
2158,8,1325,1333,84.6,8
2095,7,1326,1333,84.6,7
3927,1,1332,1333,84.6,1
1492,5,1329,1334,84.6,5
4647,2,1332,1334,84.6,2
1642,6,1329,1335,84.6,6
2738,5,1330,1335,84.6,5
221,3,1332,1335,84.6,3
3842,2,1333,1335,84.6,2
980,4,1332,1336,84.6,4
1532,3,1333,1336,84.6,3
4248,1,1335,1336,84.6,1
1793,8,1329,1337,84.6,8
2268,7,1330,1337,84.6,7
2790,6,1331,1337,84.6,6
4010,6,1331,1337,84.6,6
4748,9,1329,1338,84.6,9
952,4,1334,1338,84.6,4
3696,2,1336,1338,84.6,2
2572,2,1336,1338,84.6,2
719,7,1332,1339,84.6,7
4693,6,1333,1339,84.6,6
2557,5,1335,1340,84.6,5
1281,1,1339,1340,84.6,1
544,7,1334,1341,84.6,7
3615,6,1335,1341,84.6,6
526,1,1340,1341,84.6,1
2881,5,1337,1342,84.6,5
3177,4,1338,1342,84.6,4
3882,6,1337,1343,84.6,6
601,2,1341,1343,84.6,2
1369,9,1335,1344,84.6,9
1159,7,1337,1344,84.6,7
3160,7,1337,1344,84.6,7
2211,9,1336,1345,84.6,9
3012,5,1340,1345,84.6,5
4886,8,1338,1346,84.6,8
4927,8,1338,1346,84.6,8
1464,8,1338,1346,84.6,8
1929,5,1341,1346,84.6,5
1072,3,1343,1346,84.6,3
3659,1,1345,1346,84.6,1
2436,8,1339,1347,84.6,8
2076,5,1342,1347,84.6,5
4075,1,1346,1347,84.6,1
319,4,1344,1348,84.6,4
1039,8,1341,1349,84.6,8
2051,1,1348,1349,84.6,1
1277,7,1343,1350,84.6,7
4188,6,1344,1350,84.6,6
3276,5,1345,1350,84.6,5
3285,4,1346,1350,84.6,4
3609,4,1346,1350,84.6,4
358,9,1342,1351,84.6,9
4385,5,1346,1351,84.6,5
4180,8,1344,1352,84.6,8
4856,6,1346,1352,84.6,6
2630,3,1349,1352,84.6,3
4184,7,1346,1353,84.6,7
3972,6,1347,1353,84.6,6
4982,3,1350,1353,84.6,3
72,3,1350,1353,84.6,3
1542,1,1352,1353,84.6,1
3047,8,1347,1355,84.6,8
4364,8,1347,1355,84.6,8
3211,4,1351,1355,84.6,4
1932,3,1352,1355,84.6,3
3900,7,1349,1356,84.6,7
1723,4,1352,1356,84.6,4
1067,3,1353,1356,84.6,3
4679,1,1355,1356,84.6,1
3254,7,1350,1357,84.6,7
2046,7,1350,1357,84.6,7
3649,4,1353,1357,84.6,4
2701,1,1356,1357,84.6,1
3494,8,1350,1358,84.6,8
1629,7,1351,1358,84.6,7
1896,5,1353,1358,84.6,5
1892,3,1355,1358,84.6,3
1545,1,1358,1359,84.6,1
413,4,1356,1360,84.6,4
2585,5,1356,1361,84.6,5
4363,4,1357,1361,84.6,4
13,3,1358,1361,84.6,3
3239,9,1353,1362,84.6,9
1175,9,1353,1362,84.6,9
716,7,1355,1362,84.6,7
81,8,1355,1363,84.6,8
4492,6,1357,1363,84.6,6
268,6,1357,1363,84.6,6
809,2,1361,1363,84.6,2
4132,7,1357,1364,84.6,7
341,1,1363,1364,84.6,1
167,9,1356,1365,84.6,9
712,5,1360,1365,84.6,5
1745,4,1361,1365,84.6,4
1803,7,1359,1366,84.6,7
2294,1,1365,1366,84.6,1
564,9,1358,1367,84.6,9
1226,9,1358,1367,84.6,9
850,5,1362,1367,84.6,5
2137,7,1361,1368,84.6,7
3022,5,1363,1368,84.6,5
430,5,1363,1368,84.6,5
2073,6,1363,1369,84.6,6
4862,2,1367,1369,84.6,2
421,6,1364,1370,84.6,6
3480,1,1369,1370,84.6,1
1776,9,1362,1371,84.6,9
2408,9,1362,1371,84.6,9
21,7,1364,1371,84.6,7
2437,5,1366,1371,84.6,5
1223,3,1368,1371,84.6,3
3347,3,1368,1371,84.6,3
3398,7,1365,1372,84.6,7
2951,6,1366,1372,84.6,6
36,4,1368,1372,84.6,4
3419,1,1371,1372,84.6,1
3367,2,1371,1373,84.6,2
324,1,1372,1373,84.6,1
4276,9,1365,1374,84.6,9
4738,7,1367,1374,84.6,7
3260,5,1369,1374,84.6,5
4421,1,1374,1375,84.6,1
3409,9,1367,1376,84.6,9
2395,5,1371,1376,84.6,5
2233,7,1370,1377,84.6,7
3732,5,1372,1377,84.6,5
1336,3,1374,1377,84.6,3
3511,5,1373,1378,84.6,5
4527,9,1370,1379,84.6,9
4434,8,1371,1379,84.6,8
2800,8,1371,1379,84.6,8
4771,7,1372,1379,84.6,7
647,6,1373,1379,84.6,6
2796,9,1371,1380,84.6,9
3521,8,1372,1380,84.6,8
2784,6,1374,1380,84.6,6
762,3,1377,1380,84.6,3
3156,3,1378,1381,84.6,3
121,7,1375,1382,84.6,7
2605,3,1379,1382,84.6,3
1479,3,1379,1382,84.6,3
629,1,1382,1383,84.6,1
2169,8,1376,1384,84.6,8
4957,7,1377,1384,84.6,7
4301,4,1380,1384,84.6,4
2808,4,1380,1384,84.6,4
4531,4,1380,1384,84.6,4
1930,9,1376,1385,84.6,9
3978,1,1384,1385,84.6,1
217,9,1377,1386,84.6,9
4627,7,1379,1386,84.6,7
2022,7,1379,1386,84.6,7
1220,4,1382,1386,84.6,4
3980,8,1379,1387,84.6,8
225,3,1384,1387,84.6,3
2467,1,1386,1387,84.6,1
1783,8,1380,1388,84.6,8
4785,7,1381,1388,84.6,7
3580,3,1385,1388,84.6,3
1042,5,1384,1389,84.6,5
2654,3,1386,1389,84.6,3
2722,8,1382,1390,84.6,8
907,6,1384,1390,84.6,6
4633,5,1385,1390,84.6,5
182,1,1389,1390,84.6,1
1778,8,1383,1391,84.6,8
4090,5,1386,1391,84.6,5
2492,6,1386,1392,84.6,6
4691,5,1387,1392,84.6,5
3623,3,1389,1392,84.6,3
3003,9,1384,1393,84.6,9
4804,3,1390,1393,84.6,3
3140,1,1392,1393,84.6,1
3034,7,1387,1394,84.6,7
1392,6,1388,1394,84.6,6
1423,5,1390,1395,84.6,5
895,5,1390,1395,84.6,5
3384,1,1394,1395,84.6,1
4996,9,1387,1396,84.6,9
440,5,1391,1396,84.6,5
4533,5,1391,1396,84.6,5
2690,4,1392,1396,84.6,4
4987,9,1388,1397,84.6,9
3604,9,1388,1397,84.6,9
591,5,1392,1397,84.6,5
4038,4,1393,1397,84.6,4
264,4,1393,1397,84.6,4
2387,8,1390,1398,84.6,8
82,3,1395,1398,84.6,3
2996,2,1396,1398,84.6,2
4866,2,1396,1398,84.6,2
2182,1,1397,1398,84.6,1
2539,4,1395,1399,84.6,4
22,3,1397,1400,84.6,3
435,8,1393,1401,84.6,8
4061,6,1395,1401,84.6,6
2864,5,1396,1401,84.6,5
4735,4,1397,1401,84.6,4
566,8,1394,1402,84.6,8
3756,4,1398,1402,84.6,4
2718,1,1401,1402,84.6,1
844,6,1397,1403,84.6,6
2740,6,1397,1403,84.6,6
3182,5,1398,1403,84.6,5
710,8,1396,1404,84.6,8
1210,1,1403,1404,84.6,1
1174,7,1398,1405,84.6,7
504,8,1398,1406,84.6,8
3407,8,1398,1406,84.6,8
3365,7,1399,1406,84.6,7
2986,6,1401,1407,84.6,6
4849,6,1401,1407,84.6,6
1373,3,1404,1407,84.6,3
4662,3,1404,1407,84.6,3
2106,8,1400,1408,84.6,8
3583,2,1406,1408,84.6,2
4690,2,1406,1408,84.6,2
4278,7,1402,1409,84.6,7
4289,7,1402,1409,84.6,7
4044,9,1401,1410,84.6,9
3411,7,1403,1410,84.6,7
3560,5,1405,1410,84.6,5
262,3,1407,1410,84.6,3
4269,9,1402,1411,84.6,9
204,9,1403,1412,84.6,9
984,5,1407,1412,84.6,5
611,7,1407,1414,84.6,7
1022,5,1409,1414,84.6,5
108,9,1406,1415,84.6,9
2845,7,1408,1415,84.6,7
2648,7,1408,1415,84.6,7
3833,3,1412,1415,84.6,3
4135,1,1414,1415,84.6,1
4164,9,1407,1416,84.6,9
4450,8,1408,1416,84.6,8
3430,7,1409,1416,84.6,7
817,6,1410,1416,84.6,6
3354,4,1412,1416,84.6,4
186,7,1410,1417,84.6,7
668,2,1415,1417,84.6,2
3403,1,1416,1417,84.6,1
3204,8,1410,1418,84.6,8
1443,8,1410,1418,84.6,8
4916,4,1414,1418,84.6,4
4487,4,1415,1419,84.6,4
4449,3,1416,1419,84.6,3
1147,1,1418,1419,84.6,1
486,9,1411,1420,84.6,9
4227,5,1415,1420,84.6,5
1576,3,1417,1420,84.6,3
3831,1,1419,1420,84.6,1
4154,6,1415,1421,84.6,6
2005,4,1417,1421,84.6,4
4537,4,1417,1421,84.6,4
317,3,1419,1422,84.6,3
1016,1,1421,1422,84.6,1
2795,9,1415,1424,84.6,9
302,8,1416,1424,84.6,8
4064,8,1416,1424,84.6,8
2190,8,1416,1424,84.6,8
2834,6,1418,1424,84.6,6
682,4,1420,1424,84.6,4
1516,3,1421,1424,84.6,3
4511,5,1420,1425,84.6,5
330,5,1420,1425,84.6,5
1654,1,1424,1425,84.6,1
1380,1,1424,1425,84.6,1
35,2,1424,1426,84.6,2
411,2,1424,1426,84.6,2
3695,9,1418,1427,84.6,9
1162,5,1422,1427,84.6,5
197,1,1426,1427,84.6,1
4408,9,1419,1428,84.6,9
4926,8,1420,1428,84.6,8
2428,6,1422,1428,84.6,6
975,4,1424,1428,84.6,4
3908,8,1421,1429,84.6,8
2302,1,1428,1429,84.6,1
3889,5,1425,1430,84.6,5
970,3,1427,1430,84.6,3
2183,7,1424,1431,84.6,7
3223,3,1428,1431,84.6,3
4931,7,1425,1432,84.6,7
930,4,1428,1432,84.6,4
4875,4,1428,1432,84.6,4
4100,9,1424,1433,84.6,9
941,8,1425,1433,84.6,8
3847,8,1425,1433,84.6,8
4185,3,1430,1433,84.6,3
972,8,1426,1434,84.6,8
4777,7,1427,1434,84.6,7
1659,7,1427,1434,84.6,7
3635,5,1429,1434,84.6,5
3861,6,1429,1435,84.6,6
4187,5,1430,1435,84.6,5
1333,2,1433,1435,84.6,2
1329,1,1434,1435,84.6,1
1356,3,1433,1436,84.6,3
4965,2,1434,1436,84.6,2
2783,6,1431,1437,84.6,6
4641,5,1432,1437,84.6,5
3990,5,1432,1437,84.6,5
1085,4,1433,1437,84.6,4
163,5,1433,1438,84.6,5
2409,4,1434,1438,84.6,4
1262,1,1437,1438,84.6,1
4303,8,1431,1439,84.6,8
2730,7,1432,1439,84.6,7
3065,4,1435,1439,84.6,4
3586,5,1435,1440,84.6,5
3122,5,1435,1440,84.6,5
2118,1,1439,1440,84.6,1
4949,3,1438,1441,84.6,3
148,7,1435,1442,84.6,7
4042,5,1437,1442,84.6,5
4825,5,1437,1442,84.6,5
2512,3,1439,1442,84.6,3
1694,9,1434,1443,84.6,9
2041,5,1438,1443,84.6,5
4833,5,1438,1443,84.6,5
4404,3,1440,1443,84.6,3
851,8,1436,1444,84.6,8
4513,8,1436,1444,84.6,8
2897,7,1437,1444,84.6,7
4921,5,1439,1444,84.6,5
4665,2,1442,1444,84.6,2
2338,1,1444,1445,84.6,1
498,7,1440,1447,84.6,7
4953,7,1440,1447,84.6,7
2660,4,1443,1447,84.6,4
584,4,1443,1447,84.6,4
4870,3,1444,1447,84.6,3
3799,3,1444,1447,84.6,3
813,6,1442,1448,84.6,6
109,6,1442,1448,84.6,6
2191,8,1441,1449,84.6,8
4388,6,1443,1449,84.6,6
2997,5,1444,1449,84.6,5
3117,7,1443,1450,84.6,7
1924,3,1447,1450,84.6,3
2566,3,1447,1450,84.6,3
1620,3,1447,1450,84.6,3
4776,3,1447,1450,84.6,3
3081,1,1449,1450,84.6,1
1708,9,1442,1451,84.6,9
4324,1,1450,1451,84.6,1
431,1,1450,1451,84.6,1
787,8,1444,1452,84.6,8
3540,7,1445,1452,84.6,7
3803,3,1449,1452,84.6,3
146,5,1448,1453,84.6,5
4435,3,1450,1453,84.6,3
1093,7,1447,1454,84.6,7
1008,4,1451,1455,84.6,4
4868,3,1452,1455,84.6,3
3216,9,1447,1456,84.6,9
3487,7,1449,1456,84.6,7
2624,6,1450,1456,84.6,6
1536,6,1450,1456,84.6,6
2619,6,1450,1456,84.6,6
600,4,1452,1456,84.6,4
4446,9,1448,1457,84.6,9
4699,6,1451,1457,84.6,6
3977,1,1456,1457,84.6,1
1320,1,1456,1457,84.6,1
4619,6,1452,1458,84.6,6
2968,5,1453,1458,84.6,5
3716,3,1455,1458,84.6,3
529,2,1456,1458,84.6,2
3476,1,1457,1458,84.6,1
3483,8,1451,1459,84.6,8
3058,6,1453,1459,84.6,6
2893,3,1456,1459,84.6,3
893,1,1458,1459,84.6,1
3292,1,1458,1459,84.6,1
3758,4,1456,1460,84.6,4
3139,3,1457,1460,84.6,3
2993,7,1454,1461,84.6,7
3500,2,1459,1461,84.6,2
2070,7,1455,1462,84.6,7
961,6,1456,1462,84.6,6
4336,4,1458,1462,84.6,4
443,5,1458,1463,84.6,5
3693,4,1459,1463,84.6,4
3989,5,1459,1464,84.6,5
825,5,1459,1464,84.6,5
153,4,1460,1464,84.6,4
2837,4,1460,1464,84.6,4
1600,2,1462,1464,84.6,2
1789,7,1458,1465,84.6,7
2735,3,1462,1465,84.6,3
4472,2,1463,1465,84.6,2
4018,9,1457,1466,84.6,9
3482,9,1457,1466,84.6,9
4600,1,1465,1466,84.6,1
3396,1,1465,1466,84.6,1
1888,8,1459,1467,84.6,8
1768,6,1461,1467,84.6,6
2599,1,1466,1467,84.6,1
760,1,1466,1467,84.6,1
1243,6,1462,1468,84.6,6
807,5,1464,1469,84.6,5
3531,5,1464,1469,84.6,5
1005,9,1461,1470,84.6,9
1165,6,1464,1470,84.6,6
4615,8,1463,1471,84.6,8
131,7,1464,1471,84.6,7
1169,9,1464,1473,84.6,9
2068,8,1465,1473,84.6,8
4562,7,1466,1473,84.6,7
645,7,1466,1473,84.6,7
2664,4,1469,1473,84.6,4
3477,3,1470,1473,84.6,3
168,6,1468,1474,84.6,6
4579,3,1471,1474,84.6,3
1552,1,1473,1474,84.6,1
2339,8,1467,1475,84.6,8
964,8,1467,1475,84.6,8
3970,5,1470,1475,84.6,5
2891,9,1467,1476,84.6,9
715,9,1467,1476,84.6,9
1065,7,1469,1476,84.6,7
1307,4,1473,1477,84.6,4
2257,2,1475,1477,84.6,2
3085,1,1476,1477,84.6,1
3458,7,1471,1478,84.6,7
4684,5,1473,1478,84.6,5
1909,3,1475,1478,84.6,3
3778,6,1473,1479,84.6,6
722,5,1474,1479,84.6,5
3966,3,1476,1479,84.6,3
2581,1,1479,1480,84.6,1
1450,8,1473,1481,84.6,8
40,6,1475,1481,84.6,6
4845,5,1476,1481,84.6,5
720,4,1477,1481,84.6,4
2307,9,1473,1482,84.6,9
3727,8,1474,1482,84.6,8
4020,4,1478,1482,84.6,4
4605,9,1474,1483,84.6,9
1196,6,1477,1483,84.6,6
1073,6,1477,1483,84.6,6
871,3,1480,1483,84.6,3
534,2,1481,1483,84.6,2
456,1,1482,1483,84.6,1
4395,6,1478,1484,84.6,6
2476,3,1481,1484,84.6,3
4505,2,1482,1484,84.6,2
3895,6,1479,1485,84.6,6
4599,2,1483,1485,84.6,2
4821,2,1483,1485,84.6,2
4422,8,1478,1486,84.6,8
1664,1,1485,1486,84.6,1
2273,6,1481,1487,84.6,6
4688,4,1483,1487,84.6,4
1197,3,1484,1487,84.6,3
3584,2,1485,1487,84.6,2
4308,9,1479,1488,84.6,9
2260,7,1481,1488,84.6,7
4844,6,1482,1488,84.6,6
1296,5,1483,1488,84.6,5
4952,2,1486,1488,84.6,2
841,6,1483,1489,84.6,6
2232,6,1483,1489,84.6,6
3435,5,1484,1489,84.6,5
2644,2,1487,1489,84.6,2
3542,1,1488,1489,84.6,1
1368,4,1486,1490,84.6,4
2289,3,1487,1490,84.6,3
967,2,1488,1490,84.6,2
2127,1,1489,1490,84.6,1
2547,1,1489,1490,84.6,1
3561,6,1485,1491,84.6,6
2331,4,1487,1491,84.6,4
4161,1,1490,1491,84.6,1
3611,8,1484,1492,84.6,8
664,4,1488,1492,84.6,4
1308,6,1487,1493,84.6,6
4181,4,1490,1494,84.6,4
4279,4,1490,1494,84.6,4
2788,7,1488,1495,84.6,7
3944,5,1490,1495,84.6,5
2802,8,1488,1496,84.6,8
1487,4,1492,1496,84.6,4
303,1,1495,1496,84.6,1
1228,8,1489,1497,84.6,8
70,7,1490,1497,84.6,7
3626,6,1491,1497,84.6,6
2480,1,1496,1497,84.6,1
3418,9,1489,1498,84.6,9
4577,9,1489,1498,84.6,9
3519,7,1491,1498,84.6,7
4581,7,1491,1498,84.6,7
2600,4,1494,1498,84.6,4
514,6,1493,1499,84.6,6
530,2,1497,1499,84.6,2
3376,1,1498,1499,84.6,1
1848,8,1492,1500,84.6,8
2104,4,1496,1500,84.6,4
3256,6,1495,1501,84.6,6
4190,5,1496,1501,84.6,5
2856,3,1498,1501,84.6,3
916,1,1500,1501,84.6,1
170,8,1494,1502,84.6,8
583,4,1498,1502,84.6,4
4282,5,1499,1504,84.6,5
4406,3,1501,1504,84.6,3
783,3,1501,1504,84.6,3
4317,2,1502,1504,84.6,2
25,8,1497,1505,84.6,8
1899,8,1497,1505,84.6,8
795,7,1498,1505,84.6,7
4115,7,1498,1505,84.6,7
862,6,1499,1505,84.6,6
4900,5,1500,1505,84.6,5
2399,4,1501,1505,84.6,4
2174,1,1504,1505,84.6,1
3176,9,1499,1508,84.6,9
3495,6,1502,1508,84.6,6
4728,4,1504,1508,84.6,4
1927,8,1501,1509,84.6,8
19,4,1505,1509,84.6,4
1040,7,1504,1511,84.6,7
250,6,1505,1511,84.6,6
1890,3,1508,1511,84.6,3
1525,2,1509,1511,84.6,2
3427,7,1505,1512,84.6,7
1955,7,1505,1512,84.6,7
3217,4,1508,1512,84.6,4
256,9,1504,1513,84.6,9
4470,2,1511,1513,84.6,2
811,9,1505,1514,84.6,9
2276,9,1505,1514,84.6,9
187,9,1505,1514,84.6,9
1205,9,1505,1514,84.6,9
2938,5,1509,1514,84.6,5
373,3,1511,1514,84.6,3
4280,3,1511,1514,84.6,3
3639,3,1512,1515,84.6,3
805,2,1513,1515,84.6,2
4972,3,1513,1516,84.6,3
206,9,1508,1517,84.6,9
2282,5,1512,1517,84.6,5
1668,3,1514,1517,84.6,3
2811,3,1514,1517,84.6,3
864,7,1511,1518,84.6,7
4032,6,1512,1518,84.6,6
2442,3,1515,1518,84.6,3
4872,5,1514,1519,84.6,5
3304,2,1517,1519,84.6,2
2346,2,1517,1519,84.6,2
1889,6,1514,1520,84.6,6
527,6,1514,1520,84.6,6
1482,5,1515,1520,84.6,5
4817,2,1518,1520,84.6,2
755,1,1519,1520,84.6,1
3009,7,1514,1521,84.6,7
4575,7,1514,1521,84.6,7
4491,1,1520,1521,84.6,1
2667,5,1517,1522,84.6,5
3602,3,1519,1522,84.6,3
4754,1,1521,1522,84.6,1
1187,3,1520,1523,84.6,3
2689,3,1520,1523,84.6,3
1406,8,1516,1524,84.6,8
2049,7,1517,1524,84.6,7
267,6,1518,1524,84.6,6
1572,4,1520,1524,84.6,4
363,2,1522,1524,84.6,2
2717,4,1521,1525,84.6,4
3544,8,1518,1526,84.6,8
4144,7,1519,1526,84.6,7
1103,6,1522,1528,84.6,6
4131,9,1520,1529,84.6,9
1855,8,1521,1529,84.6,8
3486,6,1523,1529,84.6,6
1727,5,1524,1529,84.6,5
4274,8,1522,1530,84.6,8
3551,6,1524,1530,84.6,6
4125,5,1525,1530,84.6,5
1035,1,1530,1531,84.6,1
3848,9,1523,1532,84.6,9
2153,8,1524,1532,84.6,8
3261,8,1524,1532,84.6,8
207,3,1529,1532,84.6,3
4768,3,1529,1532,84.6,3
2939,9,1524,1533,84.6,9
2873,7,1526,1533,84.6,7
3979,8,1526,1534,84.6,8
1396,5,1529,1534,84.6,5
491,1,1533,1534,84.6,1
3606,5,1530,1535,84.6,5
3549,1,1534,1535,84.6,1
3734,5,1531,1536,84.6,5
3242,1,1535,1536,84.6,1
3045,9,1528,1537,84.6,9
3679,7,1530,1537,84.6,7
3890,4,1533,1537,84.6,4
1001,3,1534,1537,84.6,3
1013,9,1529,1538,84.6,9
2040,4,1534,1538,84.6,4
1979,1,1537,1538,84.6,1
3694,7,1532,1539,84.6,7
4231,7,1532,1539,84.6,7
4314,7,1532,1539,84.6,7
2311,4,1535,1539,84.6,4
4717,3,1536,1539,84.6,3
2120,2,1537,1539,84.6,2
3700,8,1532,1540,84.6,8
713,4,1536,1540,84.6,4
2688,3,1537,1540,84.6,3
4451,2,1538,1540,84.6,2
776,9,1532,1541,84.6,9
3070,5,1537,1542,84.6,5
3705,3,1539,1542,84.6,3
2458,2,1540,1542,84.6,2
3097,6,1538,1544,84.6,6
59,2,1542,1544,84.6,2
4019,2,1542,1544,84.6,2
2358,6,1539,1545,84.6,6
3993,6,1539,1545,84.6,6
3021,7,1539,1546,84.6,7
2451,6,1540,1546,84.6,6
3178,2,1544,1546,84.6,2
702,9,1538,1547,84.6,9
4109,8,1539,1547,84.6,8
3789,7,1540,1547,84.6,7
4714,6,1541,1547,84.6,6
261,5,1542,1547,84.6,5
467,9,1539,1548,84.6,9
905,4,1544,1548,84.6,4
1453,3,1545,1548,84.6,3
1799,9,1540,1549,84.6,9
2178,5,1544,1549,84.6,5
4832,2,1547,1549,84.6,2
479,4,1546,1550,84.6,4
2316,3,1547,1550,84.6,3
3395,6,1545,1551,84.6,6
3913,3,1548,1551,84.6,3
407,2,1549,1551,84.6,2
1946,6,1546,1552,84.6,6
4731,6,1546,1552,84.6,6
4802,5,1547,1552,84.6,5
2410,5,1547,1552,84.6,5
4460,3,1549,1552,84.6,3
1580,2,1550,1552,84.6,2
2947,1,1551,1552,84.6,1
1038,5,1548,1553,84.6,5
251,1,1552,1553,84.6,1
4175,1,1552,1553,84.6,1
1488,2,1552,1554,84.6,2
2926,8,1547,1555,84.6,8
2062,5,1550,1555,84.6,5
2542,3,1552,1555,84.6,3
3247,3,1552,1555,84.6,3
3502,8,1548,1556,84.6,8
2715,7,1549,1556,84.6,7
2761,3,1553,1556,84.6,3
4850,1,1556,1557,84.6,1
2482,7,1551,1558,84.6,7
378,1,1557,1558,84.6,1
246,7,1552,1559,84.6,7
4645,5,1554,1559,84.6,5
4156,9,1551,1560,84.6,9
1232,5,1555,1560,84.6,5
3872,9,1552,1561,84.6,9
960,8,1553,1561,84.6,8
3424,6,1555,1561,84.6,6
2433,5,1556,1561,84.6,5
1207,1,1560,1561,84.6,1
1703,9,1553,1562,84.6,9
4477,7,1555,1562,84.6,7
1129,1,1561,1562,84.6,1
3863,8,1555,1563,84.6,8
4709,5,1558,1563,84.6,5
3642,4,1559,1563,84.6,4
1622,8,1556,1564,84.6,8
4764,6,1558,1564,84.6,6
1316,5,1559,1564,84.6,5
166,5,1561,1566,84.6,5
3112,5,1561,1566,84.6,5
4250,5,1561,1566,84.6,5
4012,3,1563,1566,84.6,3
4344,2,1564,1566,84.6,2
1372,5,1562,1567,84.6,5
4925,8,1560,1568,84.6,8
3060,7,1561,1568,84.6,7
3218,5,1563,1568,84.6,5
3718,2,1566,1568,84.6,2
855,2,1566,1568,84.6,2
3988,7,1562,1569,84.6,7
3600,6,1563,1569,84.6,6
650,5,1564,1569,84.6,5
4920,4,1566,1570,84.6,4
1931,4,1566,1570,84.6,4
2402,7,1564,1571,84.6,7
4238,3,1568,1571,84.6,3
3172,2,1569,1571,84.6,2
1153,1,1570,1571,84.6,1
180,5,1567,1572,84.6,5
1917,1,1571,1572,84.6,1
2614,3,1570,1573,84.6,3
3733,2,1571,1573,84.6,2
3175,9,1566,1575,84.6,9
4121,7,1568,1575,84.6,7
1485,5,1571,1576,84.6,5
4758,4,1572,1576,84.6,4
3192,1,1575,1576,84.6,1
1897,9,1568,1577,84.6,9
1302,9,1568,1577,84.6,9
1408,9,1568,1577,84.6,9
4794,8,1569,1577,84.6,8
2797,8,1569,1577,84.6,8
3509,1,1576,1577,84.6,1
2429,2,1576,1578,84.6,2
4387,1,1577,1578,84.6,1
3961,8,1571,1579,84.6,8
424,7,1572,1579,84.6,7
2781,6,1573,1579,84.6,6
4067,1,1578,1579,84.6,1
4424,7,1573,1580,84.6,7
2755,5,1575,1580,84.6,5
2592,1,1579,1580,84.6,1
3763,4,1577,1581,84.6,4
2324,4,1577,1581,84.6,4
2713,2,1579,1581,84.6,2
4458,5,1577,1582,84.6,5
4979,6,1577,1583,84.6,6
3517,5,1578,1583,84.6,5
1736,9,1576,1585,84.6,9
1364,6,1579,1585,84.6,6
364,4,1581,1585,84.6,4
2325,9,1577,1586,84.6,9
808,6,1580,1586,84.6,6
2945,8,1580,1588,84.6,8
4113,8,1580,1588,84.6,8
2274,6,1582,1588,84.6,6
4122,3,1585,1588,84.6,3
1906,2,1586,1588,84.6,2
2034,8,1581,1589,84.6,8
2782,1,1588,1589,84.6,1
238,9,1581,1590,84.6,9
2759,7,1583,1590,84.6,7
4935,1,1589,1590,84.6,1
2209,6,1585,1591,84.6,6
353,6,1585,1591,84.6,6
4912,3,1588,1591,84.6,3
1491,2,1589,1591,84.6,2
2558,9,1583,1592,84.6,9
3014,4,1588,1592,84.6,4
1858,1,1591,1592,84.6,1
4093,3,1590,1593,84.6,3
2259,8,1586,1594,84.6,8
4994,3,1591,1594,84.6,3
643,8,1588,1596,84.6,8
1227,9,1588,1597,84.6,9
4168,6,1591,1597,84.6,6
169,8,1590,1598,84.6,8
3188,8,1590,1598,84.6,8
4200,9,1591,1600,84.6,9
3128,8,1592,1600,84.6,8
328,8,1592,1600,84.6,8
2295,6,1594,1600,84.6,6
4167,9,1592,1601,84.6,9
1237,7,1594,1601,84.6,7
2574,9,1593,1602,84.6,9
2036,5,1597,1602,84.6,5
4689,2,1600,1602,84.6,2
1429,7,1597,1604,84.6,7
633,9,1596,1605,84.6,9
38,5,1600,1605,84.6,5
346,4,1601,1605,84.6,4
468,3,1602,1605,84.6,3
2213,6,1600,1606,84.6,6
1321,2,1604,1606,84.6,2
1971,1,1605,1606,84.6,1
4104,9,1598,1607,84.6,9
4584,9,1598,1607,84.6,9
3088,6,1601,1607,84.6,6
2786,5,1602,1607,84.6,5
3041,8,1600,1608,84.6,8
1990,8,1602,1610,84.6,8
4354,5,1605,1610,84.6,5
2251,4,1606,1610,84.6,4
3633,6,1605,1611,84.6,6
3851,5,1606,1611,84.6,5
4330,4,1607,1611,84.6,4
595,7,1605,1612,84.6,7
1357,6,1606,1612,84.6,6
2792,6,1607,1613,84.6,6
4783,3,1610,1613,84.6,3
2217,1,1612,1613,84.6,1
2010,7,1607,1614,84.6,7
953,8,1607,1615,84.6,8
1781,5,1610,1615,84.6,5
4664,4,1611,1615,84.6,4
3784,5,1611,1616,84.6,5
4534,1,1615,1616,84.6,1
4752,9,1608,1617,84.6,9
1612,7,1610,1617,84.6,7
1916,3,1614,1617,84.6,3
313,2,1616,1618,84.6,2
4150,1,1617,1618,84.6,1
1800,3,1616,1619,84.6,3
1215,9,1611,1620,84.6,9
677,7,1613,1620,84.6,7
492,5,1615,1620,84.6,5
3749,3,1617,1620,84.6,3
3523,8,1613,1621,84.6,8
3120,6,1615,1621,84.6,6
1043,1,1620,1621,84.6,1
1135,9,1613,1622,84.6,9
3079,2,1620,1622,84.6,2
4127,5,1618,1623,84.6,5
3543,2,1621,1623,84.6,2
1925,7,1617,1624,84.6,7
4000,6,1618,1624,84.6,6
2184,5,1619,1624,84.6,5
800,4,1620,1624,84.6,4
573,3,1621,1624,84.6,3
3296,4,1621,1625,84.6,4
3918,1,1624,1625,84.6,1
3675,5,1622,1627,84.6,5
723,9,1620,1629,84.6,9
4516,5,1624,1629,84.6,5
1395,7,1623,1630,84.6,7
4307,6,1624,1630,84.6,6
1064,9,1622,1631,84.6,9
1170,8,1623,1631,84.6,8
445,6,1625,1631,84.6,6
4191,6,1625,1631,84.6,6
2767,3,1629,1632,84.6,3
4077,9,1624,1633,84.6,9
4212,9,1624,1633,84.6,9
45,2,1631,1633,84.6,2
3595,7,1627,1634,84.6,7
2953,3,1631,1634,84.6,3
4834,2,1632,1634,84.6,2
3306,5,1630,1635,84.6,5
3327,4,1631,1635,84.6,4
3266,2,1633,1635,84.6,2
4481,3,1633,1636,84.6,3
1984,3,1633,1636,84.6,3
1018,8,1629,1637,84.6,8
3338,3,1634,1637,84.6,3
1650,8,1630,1638,84.6,8
987,4,1634,1638,84.6,4
4261,1,1637,1638,84.6,1
1475,8,1631,1639,84.6,8
3782,3,1636,1639,84.6,3
99,1,1638,1639,84.6,1
48,1,1638,1639,84.6,1
3278,5,1635,1640,84.6,5
2950,5,1636,1641,84.6,5
884,2,1639,1641,84.6,2
3184,7,1635,1642,84.6,7
3779,9,1634,1643,84.6,9
1720,8,1635,1643,84.6,8
1680,4,1639,1643,84.6,4
3399,4,1639,1643,84.6,4
455,5,1639,1644,84.6,5
2578,1,1643,1644,84.6,1
3481,4,1641,1645,84.6,4
2210,9,1637,1646,84.6,9
1940,6,1640,1646,84.6,6
4617,2,1644,1646,84.6,2
1493,5,1643,1648,84.6,5
2682,7,1642,1649,84.6,7
1424,6,1643,1649,84.6,6
2142,3,1646,1649,84.6,3
4813,1,1649,1650,84.6,1
2372,8,1643,1651,84.6,8
745,7,1644,1651,84.6,7
1880,2,1649,1651,84.6,2
1863,1,1650,1651,84.6,1
2812,6,1646,1652,84.6,6
1182,2,1651,1653,84.6,2
4948,2,1651,1653,84.6,2
3588,9,1645,1654,84.6,9
1557,2,1652,1654,84.6,2
936,9,1646,1655,84.6,9
1184,7,1648,1655,84.6,7
2092,4,1651,1655,84.6,4
999,3,1653,1656,84.6,3
1785,8,1649,1657,84.6,8
1095,2,1655,1657,84.6,2
4524,7,1651,1658,84.6,7
243,4,1654,1658,84.6,4
815,4,1654,1658,84.6,4
4694,7,1653,1660,84.6,7
1965,6,1655,1661,84.6,6
2236,5,1656,1661,84.6,5
158,3,1658,1661,84.6,3
292,7,1655,1662,84.6,7
1377,4,1658,1662,84.6,4
1306,2,1660,1662,84.6,2
1670,6,1657,1663,84.6,6
849,1,1662,1663,84.6,1
3393,6,1658,1664,84.6,6
3625,2,1662,1664,84.6,2
626,1,1663,1664,84.6,1
2975,1,1664,1665,84.6,1
3099,9,1657,1666,84.6,9
3224,5,1662,1667,84.6,5
4648,7,1661,1668,84.6,7
3359,5,1663,1668,84.6,5
1527,2,1667,1669,84.6,2
2632,1,1668,1669,84.6,1
1235,9,1661,1670,84.6,9
1744,9,1661,1670,84.6,9
226,6,1665,1671,84.6,6
748,8,1664,1672,84.6,8
2589,6,1666,1672,84.6,6
3878,3,1669,1672,84.6,3
1139,9,1664,1673,84.6,9
1322,3,1670,1673,84.6,3
3673,6,1668,1674,84.6,6
3434,5,1669,1674,84.6,5
620,1,1673,1674,84.6,1
604,4,1672,1676,84.6,4
1499,6,1672,1678,84.6,6
2382,4,1674,1678,84.6,4
2344,9,1670,1679,84.6,9
681,6,1673,1679,84.6,6
2148,3,1676,1679,84.6,3
4072,1,1678,1679,84.6,1
1738,1,1678,1679,84.6,1
2477,9,1671,1680,84.6,9
476,6,1674,1680,84.6,6
156,9,1672,1681,84.6,9
4611,2,1679,1681,84.6,2
4262,4,1679,1683,84.6,4
959,5,1679,1684,84.6,5
750,6,1679,1685,84.6,6
2785,7,1679,1686,84.6,7
679,6,1680,1686,84.6,6
4463,6,1680,1686,84.6,6
253,3,1683,1686,84.6,3
4543,7,1681,1688,84.6,7
17,9,1681,1690,84.6,9
541,5,1685,1690,84.6,5
2505,3,1688,1691,84.6,3
2852,8,1684,1692,84.6,8
1894,2,1690,1692,84.6,2
2088,7,1686,1693,84.6,7
552,7,1686,1693,84.6,7
660,3,1690,1693,84.6,3
1820,1,1692,1693,84.6,1
2658,8,1686,1694,84.6,8
2426,8,1686,1694,84.6,8
1244,3,1692,1695,84.6,3
725,6,1691,1697,84.6,6
1885,4,1693,1697,84.6,4
963,3,1695,1698,84.6,3
2336,1,1697,1698,84.6,1
3442,5,1694,1699,84.6,5
738,1,1698,1699,84.6,1
4614,3,1697,1700,84.6,3
2155,9,1693,1702,84.6,9
547,9,1693,1702,84.6,9
10,9,1694,1703,84.6,9
4740,1,1702,1703,84.6,1
4467,7,1698,1705,84.6,7
4759,6,1699,1705,84.6,6
2278,5,1700,1705,84.6,5
2003,8,1699,1707,84.6,8
607,8,1702,1710,84.6,8
2745,7,1703,1710,84.6,7
839,8,1703,1711,84.6,8
3814,6,1705,1711,84.6,6
1838,4,1707,1711,84.6,4
2412,1,1710,1711,84.6,1
2071,7,1705,1712,84.6,7
1343,2,1710,1712,84.6,2
691,1,1711,1712,84.6,1
366,9,1705,1714,84.6,9
2173,3,1711,1714,84.6,3
2794,4,1711,1715,84.6,4
209,4,1712,1716,84.6,4
1842,4,1712,1716,84.6,4
2543,2,1714,1716,84.6,2
1398,1,1715,1716,84.6,1
1957,3,1714,1717,84.6,3
2749,7,1711,1718,84.6,7
3314,4,1716,1720,84.6,4
236,9,1712,1721,84.6,9
969,4,1717,1721,84.6,4
4911,3,1721,1724,84.6,3
4808,9,1716,1725,84.6,9
1458,9,1716,1725,84.6,9
1737,9,1716,1725,84.6,9
2201,4,1721,1725,84.6,4
3840,1,1724,1725,84.6,1
1908,9,1718,1727,84.6,9
739,8,1720,1728,84.6,8
2052,3,1725,1728,84.6,3
2639,4,1725,1729,84.6,4
1968,5,1725,1730,84.6,5
3522,2,1728,1730,84.6,2
1203,1,1730,1731,84.6,1
3309,7,1725,1732,84.6,7
4474,5,1727,1732,84.6,5
1507,3,1729,1732,84.6,3
2944,2,1730,1732,84.6,2
4386,8,1725,1733,84.6,8
3072,9,1728,1737,84.6,9
1347,6,1731,1737,84.6,6
2366,6,1732,1738,84.6,6
1193,1,1737,1738,84.6,1
1157,8,1732,1740,84.6,8
2830,9,1732,1741,84.6,9
4542,8,1733,1741,84.6,8
4680,5,1738,1743,84.6,5
3478,5,1738,1743,84.6,5
3151,4,1741,1745,84.6,4
3832,9,1737,1746,84.6,9
3356,3,1743,1746,84.6,3
2107,8,1740,1748,84.6,8
2683,7,1741,1748,84.6,7
1216,8,1743,1751,84.6,8
3169,6,1745,1751,84.6,6
471,3,1748,1751,84.6,3
464,7,1746,1753,84.6,7
4214,5,1748,1753,84.6,5
1361,1,1753,1754,84.6,1
4439,9,1746,1755,84.6,9
4384,4,1751,1755,84.6,4
3653,4,1751,1755,84.6,4
2235,1,1754,1755,84.6,1
1688,1,1755,1756,84.6,1
2709,5,1753,1758,84.6,5
4003,3,1755,1758,84.6,3
4440,5,1755,1760,84.6,5
47,4,1756,1760,84.6,4
2776,8,1755,1763,84.6,8
3231,5,1758,1763,84.6,5
1876,5,1758,1763,84.6,5
2515,4,1760,1764,84.6,4
2851,3,1763,1766,84.6,3
634,4,1763,1767,84.6,4
4569,4,1763,1767,84.6,4
1867,3,1764,1767,84.6,3
485,1,1767,1768,84.6,1
2246,4,1766,1770,84.6,4
2545,6,1767,1773,84.6,6
2708,5,1770,1775,84.6,5
2779,9,1767,1776,84.6,9
1813,3,1775,1778,84.6,3
2422,6,1773,1779,84.6,6
4305,5,1776,1781,84.6,5
4572,1,1781,1782,84.6,1
2425,9,1778,1787,84.6,9
1325,9,1779,1788,84.6,9
3046,6,1782,1788,84.6,6
2607,7,1787,1794,84.6,7
1192,9,1788,1797,84.6,9
3057,8,1794,1802,84.6,8
866,9,1797,1806,84.6,9
