Task_ID,Duration,Start_Time,End_Time,Memory_Usage,Completion_Time
3779,1,0,1,88.3,1
2581,1,0,1,88.3,1
1880,1,0,1,88.3,1
646,2,0,2,88.3,2
124,2,0,2,88.3,2
864,2,0,2,88.3,2
871,3,0,3,88.3,3
3567,2,1,3,88.3,2
2550,1,2,3,88.3,1
3393,4,0,4,88.3,4
2798,4,0,4,88.3,4
4211,5,1,6,88.3,5
4555,7,0,7,88.3,7
1776,7,0,7,88.3,7
4620,5,2,7,88.3,5
220,8,0,8,88.3,8
1010,8,0,8,88.3,8
488,7,1,8,88.3,7
19,5,3,8,88.3,5
4890,4,4,8,88.3,4
455,9,0,9,88.3,9
2118,9,0,9,88.3,9
4818,5,4,9,88.3,5
1913,2,7,9,88.3,2
1538,8,2,10,88.3,8
4834,8,3,11,88.3,8
3646,9,3,12,88.3,9
1740,7,6,13,88.3,7
3414,6,7,13,88.3,6
1294,7,7,14,88.3,7
35,6,8,14,88.3,6
2757,5,9,14,88.3,5
4378,7,8,15,88.3,7
831,7,8,15,88.3,7
4428,5,10,15,88.3,5
2670,1,14,15,88.3,1
1963,8,8,16,88.3,8
4435,9,8,17,88.3,9
4529,8,9,17,88.3,8
3829,8,9,17,88.3,8
4726,6,11,17,88.3,6
3055,3,14,17,88.3,3
1362,2,15,17,88.3,2
4541,9,9,18,88.3,9
1997,3,15,18,88.3,3
248,1,17,18,88.3,1
4741,1,17,18,88.3,1
2127,6,13,19,88.3,6
4454,2,17,19,88.3,2
2619,1,18,19,88.3,1
564,8,12,20,88.3,8
275,5,15,20,88.3,5
1279,3,17,20,88.3,3
4086,7,14,21,88.3,7
3576,2,19,21,88.3,2
992,9,13,22,88.3,9
3254,4,18,22,88.3,4
249,4,18,22,88.3,4
1984,1,21,22,88.3,1
2913,7,16,23,88.3,7
3659,6,17,23,88.3,6
3965,9,15,24,88.3,9
3647,8,17,25,88.3,8
3806,7,18,25,88.3,7
2610,2,23,25,88.3,2
963,2,24,26,88.3,2
875,8,19,27,88.3,8
3641,8,19,27,88.3,8
2368,6,21,27,88.3,6
4154,5,22,27,88.3,5
3340,4,23,27,88.3,4
3270,8,20,28,88.3,8
968,6,22,28,88.3,6
1982,1,27,28,88.3,1
679,9,20,29,88.3,9
4285,9,20,29,88.3,9
3947,8,22,30,88.3,8
3568,5,25,30,88.4,5
3458,9,22,31,88.4,9
2836,4,27,31,88.4,4
3591,4,27,31,88.4,4
3672,5,27,32,88.4,5
459,4,28,32,88.4,4
4190,8,25,33,88.4,8
3662,6,27,33,88.4,6
50,9,25,34,88.4,9
3720,8,26,34,88.4,8
46,4,30,34,88.4,4
1554,3,31,34,88.4,3
810,8,28,36,88.4,8
2100,7,29,36,88.4,7
1801,6,30,36,88.4,6
1486,5,31,36,88.4,5
4123,4,32,36,88.4,4
25,3,33,36,88.4,3
813,2,34,36,88.3,2
2305,9,28,37,88.3,9
3132,1,36,37,88.3,1
1160,9,29,38,88.3,9
200,2,36,38,88.3,2
4755,8,31,39,88.3,8
3820,5,34,39,88.3,5
2148,3,36,39,88.3,3
4544,2,37,39,88.3,2
113,1,38,39,88.3,1
3750,4,36,40,88.3,4
3046,1,39,40,88.3,1
664,9,32,41,88.3,9
3072,7,34,41,88.3,7
3464,5,36,41,88.3,5
4630,5,36,41,88.3,5
3467,4,37,41,88.3,4
99,1,40,41,88.3,1
4720,9,33,42,88.3,9
2929,8,34,42,88.3,8
4869,6,36,42,88.3,6
644,3,39,42,88.3,3
1553,3,39,42,88.3,3
1415,2,40,42,88.3,2
3108,1,41,42,88.3,1
1718,1,41,42,88.3,1
4631,4,39,43,88.3,4
1349,6,38,44,88.3,6
3972,2,42,44,88.3,2
1552,3,42,45,88.3,3
1697,5,41,46,88.3,5
1933,5,42,47,88.3,5
820,5,42,47,88.3,5
2993,4,43,47,88.3,4
294,9,39,48,88.3,9
2416,7,41,48,88.3,7
2233,3,45,48,88.3,3
2045,1,47,48,88.3,1
3989,8,41,49,88.3,8
3961,7,42,49,88.3,7
2531,7,42,49,88.3,7
535,9,41,50,88.3,9
751,8,42,50,88.3,8
2713,9,42,51,88.3,9
4806,5,46,51,88.3,5
794,4,47,51,88.3,4
4240,3,48,51,88.3,3
177,8,44,52,88.3,8
4307,1,51,52,88.3,1
2220,9,44,53,88.3,9
2753,7,47,54,88.3,7
2774,6,48,54,88.3,6
1185,4,50,54,88.3,4
1908,3,51,54,88.3,3
2415,2,52,54,88.3,2
1473,7,48,55,88.3,7
654,7,48,55,88.3,7
1653,1,54,55,88.3,1
2559,1,55,56,88.3,1
1197,8,49,57,88.3,8
4143,9,49,58,88.3,9
2988,9,49,58,88.3,9
2470,7,51,58,88.3,7
4227,3,55,58,88.3,3
1150,9,50,59,88.3,9
2536,8,51,59,88.3,8
2156,2,57,59,88.3,2
1166,2,58,60,88.3,2
1485,9,52,61,88.3,9
1092,7,54,61,88.3,7
1286,7,54,61,88.3,7
4176,3,58,61,88.3,3
2895,9,53,62,88.3,9
3689,6,56,62,88.3,6
2657,9,54,63,88.3,9
1178,9,54,63,88.3,9
2391,4,59,63,88.3,4
1215,2,61,63,88.3,2
4583,9,55,64,88.3,9
3104,6,58,64,88.3,6
3471,3,61,64,88.3,3
1227,6,59,65,88.3,6
388,6,59,65,88.3,6
157,4,61,65,88.3,4
3025,6,60,66,88.3,6
1108,3,63,66,88.3,3
3955,3,63,66,88.3,3
539,2,64,66,88.3,2
4330,9,58,67,88.3,9
3383,3,64,67,88.3,3
3091,2,65,67,88.3,2
4819,6,62,68,88.3,6
2674,3,65,68,88.3,3
3760,2,66,68,88.3,2
2967,7,62,69,88.3,7
1359,6,63,69,88.3,6
2762,2,67,69,88.3,2
3373,9,61,70,88.3,9
2855,4,66,70,88.3,4
3803,1,69,70,88.3,1
3039,8,63,71,88.3,8
1938,6,65,71,88.3,6
1379,5,66,71,88.3,5
3970,4,67,71,88.3,4
710,3,68,71,88.3,3
4194,3,68,71,88.3,3
4336,3,68,71,88.3,3
2955,1,70,71,88.3,1
631,6,66,72,88.3,6
4907,1,71,72,88.3,1
3734,9,64,73,88.3,9
1285,7,67,74,88.3,7
2868,5,69,74,88.3,5
2537,6,69,75,88.3,6
4256,4,71,75,88.3,4
1973,6,70,76,88.3,6
763,5,71,76,88.3,5
574,7,70,77,88.3,7
3570,6,71,77,88.3,6
233,6,71,77,88.3,6
1375,7,71,78,88.3,7
1303,8,71,79,88.3,8
2899,7,72,79,88.3,7
2449,3,76,79,88.3,3
1611,2,77,79,88.3,2
4540,2,77,79,88.3,2
3739,9,71,80,88.3,9
548,8,72,80,88.3,8
1331,7,73,80,88.3,7
4658,1,79,80,88.3,1
2208,6,75,81,88.3,6
706,3,78,81,88.3,3
81,8,74,82,88.3,8
107,7,75,82,88.3,7
68,6,76,82,88.3,6
2049,3,79,82,88.3,3
3964,1,81,82,88.3,1
2767,9,74,83,88.3,9
1628,7,77,84,88.3,7
355,5,79,84,88.3,5
4669,2,82,84,88.3,2
950,6,79,85,88.3,6
1545,3,82,85,88.3,3
2968,3,82,85,88.3,3
3958,6,80,86,88.3,6
4015,6,80,86,88.3,6
100,8,79,87,88.3,8
2545,6,82,88,88.3,6
1586,9,80,89,88.3,9
1516,9,80,89,88.3,9
1067,8,81,89,88.3,8
1819,4,85,89,88.3,4
3868,4,85,89,88.3,4
2475,8,82,90,88.3,8
3714,6,84,90,88.3,6
365,6,84,90,88.3,6
4479,4,86,90,88.3,4
4899,2,88,90,88.3,2
2605,7,84,91,88.3,7
4265,9,83,92,88.3,9
2159,3,89,92,88.3,3
4696,3,89,92,88.3,3
3727,9,85,94,88.3,9
133,5,89,94,88.3,5
816,3,91,94,88.3,3
1337,9,86,95,88.3,9
3774,6,89,95,88.3,6
3235,5,90,95,88.3,5
2030,5,90,95,88.3,5
3069,1,94,95,88.3,1
1992,9,87,96,88.3,9
1035,4,92,96,88.3,4
4546,3,94,97,88.3,3
3953,3,94,97,88.3,3
4377,9,89,98,88.3,9
511,8,90,98,88.3,8
3812,8,90,98,88.3,8
1523,8,90,98,88.3,8
2432,3,95,98,88.3,3
399,3,95,98,88.3,3
1848,3,95,98,88.3,3
2346,1,98,99,88.3,1
4389,4,96,100,88.3,4
379,2,98,100,88.3,2
73,1,99,100,88.3,1
1292,9,92,101,88.3,9
341,9,92,101,88.3,9
1236,4,97,101,88.3,4
3496,3,98,101,88.3,3
2959,1,100,101,88.3,1
1136,7,95,102,88.3,7
4171,4,98,102,88.3,4
446,1,101,102,88.3,1
4252,5,98,103,88.3,5
552,9,95,104,88.3,9
2084,6,98,104,88.3,6
4794,4,100,104,88.3,4
3376,3,101,104,88.3,3
1537,3,101,104,88.3,3
600,9,96,105,88.3,9
2327,5,100,105,88.3,5
886,3,102,105,88.3,3
1809,9,97,106,88.3,9
3529,8,98,106,88.3,8
222,5,101,106,88.3,5
4657,5,101,106,88.3,5
2458,2,104,106,88.3,2
1643,4,103,107,88.3,4
1,1,106,107,88.3,1
1148,4,104,108,88.3,4
1058,2,106,108,88.3,2
3635,5,104,109,88.3,5
573,8,102,110,88.3,8
4181,6,104,110,88.3,6
656,6,104,110,88.3,6
4736,5,105,110,88.3,5
3535,5,105,110,88.3,5
4151,9,102,111,88.3,9
2459,3,108,111,88.3,3
1159,1,110,111,88.3,1
2976,6,106,112,88.3,6
4835,6,106,112,88.3,6
629,4,108,112,88.3,4
3161,3,109,112,88.3,3
3286,8,105,113,88.3,8
2565,2,111,113,88.3,2
2683,1,112,113,88.3,1
1129,7,107,114,88.3,7
207,4,110,114,88.3,4
2273,2,112,114,88.3,2
3973,9,106,115,88.3,9
1817,5,110,115,88.3,5
194,9,107,116,88.3,9
1558,5,111,116,88.3,5
3013,3,113,116,88.3,3
4770,7,110,117,88.3,7
2962,5,112,117,88.3,5
2491,4,113,117,88.3,4
561,8,110,118,88.3,8
354,4,114,118,88.3,4
4432,4,114,118,88.3,4
2755,1,117,118,88.3,1
790,1,118,119,88.3,1
3948,9,111,120,88.3,9
1664,8,112,120,88.3,8
2291,4,116,120,88.3,4
4351,4,116,120,88.3,4
3208,3,117,120,88.3,3
4534,8,113,121,88.3,8
0,7,114,121,88.3,7
3735,4,117,121,88.3,4
2903,3,118,121,88.3,3
3429,4,118,122,88.3,4
2129,8,115,123,88.3,8
4115,5,118,123,88.3,5
3501,3,120,123,88.3,3
2898,9,115,124,88.3,9
436,8,116,124,88.3,8
2263,4,120,124,88.3,4
2339,1,123,124,88.3,1
4602,6,119,125,88.3,6
3353,4,121,125,88.3,4
20,4,122,126,88.3,4
4604,3,123,126,88.3,3
3967,2,124,126,88.3,2
1315,7,120,127,88.3,7
3770,7,120,127,88.3,7
843,8,120,128,88.3,8
2201,7,121,128,88.3,7
2168,5,123,128,88.3,5
675,4,124,128,88.3,4
3479,1,127,128,88.3,1
2546,8,121,129,88.3,8
3342,8,121,129,88.3,8
2828,5,124,129,88.3,5
2705,5,124,129,88.3,5
3027,4,125,129,88.3,4
3519,3,126,129,88.3,3
1885,3,126,129,88.3,3
2013,5,125,130,88.3,5
4137,4,126,130,88.3,4
4998,3,128,131,88.3,3
1344,1,130,131,88.3,1
4228,1,130,131,88.3,1
983,4,128,132,88.3,4
4655,6,128,134,88.3,6
2304,5,129,134,88.3,5
2078,5,129,134,88.3,5
4872,3,131,134,88.3,3
2792,8,127,135,88.3,8
4014,4,131,135,88.3,4
1751,3,132,135,88.3,3
4864,8,128,136,88.3,8
3910,7,129,136,88.3,7
2507,7,129,136,88.3,7
4867,2,134,136,88.3,2
602,2,134,136,88.3,2
2556,9,128,137,88.3,9
4004,8,129,137,88.3,8
1679,1,136,137,88.3,1
368,9,129,138,88.3,9
2007,9,129,138,88.3,9
316,7,131,138,88.3,7
263,2,136,138,88.3,2
4911,5,135,140,88.3,5
4633,2,138,140,88.3,2
4157,6,135,141,88.3,6
1491,5,136,141,88.3,5
279,3,138,141,88.3,3
1774,8,134,142,88.3,8
123,7,135,142,88.3,7
3573,6,136,142,88.3,6
726,4,138,142,88.3,4
4431,4,138,142,88.3,4
2171,2,140,142,88.3,2
3183,9,134,143,88.3,9
2060,6,137,143,88.3,6
1490,2,141,143,88.3,2
420,9,136,145,88.3,9
165,8,137,145,88.3,8
2364,8,137,145,88.3,8
1706,3,142,145,88.3,3
2065,3,142,145,88.3,3
3595,3,143,146,88.3,3
3207,6,141,147,88.3,6
2663,5,142,147,88.3,5
104,5,142,147,88.3,5
306,2,145,147,88.3,2
4110,2,145,147,88.3,2
4113,8,140,148,88.3,8
427,1,147,148,88.3,1
3870,8,141,149,88.3,8
1865,7,142,149,88.3,7
2231,4,145,149,88.3,4
3622,3,146,149,88.3,3
4122,2,147,149,88.3,2
231,7,143,150,88.3,7
2504,9,142,151,88.3,9
3197,8,143,151,88.3,8
2878,6,145,151,88.3,6
1009,4,147,151,88.3,4
3364,3,148,151,88.3,3
918,2,149,151,88.3,2
1032,2,149,151,88.3,2
241,5,147,152,88.3,5
1639,4,148,152,88.3,4
4589,3,149,152,88.3,3
881,2,150,152,88.3,2
3728,1,151,152,88.3,1
2487,6,147,153,88.3,6
2700,4,149,153,88.3,4
4260,1,152,153,88.3,1
1143,9,145,154,88.3,9
1791,1,153,154,88.3,1
1296,4,151,155,88.3,4
3164,4,151,155,88.3,4
487,3,152,155,88.3,3
1987,2,153,155,88.3,2
1879,4,152,156,88.3,4
2211,8,149,157,88.3,8
1918,6,151,157,88.3,6
2038,6,152,158,88.3,6
1889,6,152,158,88.3,6
1688,4,154,158,88.3,4
1174,1,157,158,88.3,1
565,8,151,159,88.3,8
2492,8,151,159,88.3,8
160,6,153,159,88.3,6
3010,4,155,159,88.3,4
1394,9,151,160,88.3,9
634,5,155,160,88.3,5
3341,5,155,160,88.3,5
521,1,159,160,88.3,1
2046,3,158,161,88.3,3
2552,3,158,161,88.3,3
4677,8,154,162,88.3,8
791,4,158,162,88.3,4
4875,3,159,162,88.3,3
4080,3,159,162,88.3,3
1609,1,161,162,88.3,1
1295,8,155,163,88.3,8
4932,5,158,163,88.3,5
3349,4,159,163,88.3,4
1126,8,156,164,88.3,8
1079,7,157,164,88.3,7
3522,2,162,164,88.3,2
1574,3,162,165,88.3,3
4581,2,163,165,88.3,2
3450,1,164,165,88.3,1
2987,7,160,167,88.3,7
435,7,160,167,88.3,7
1418,6,161,167,88.3,6
4977,3,164,167,88.3,3
4842,2,165,167,88.3,2
4723,8,160,168,88.3,8
874,6,162,168,88.3,6
1021,6,162,168,88.3,6
658,9,160,169,88.3,9
3394,6,163,169,88.3,6
870,5,165,170,88.3,5
692,5,165,170,88.3,5
4681,3,167,170,88.3,3
380,1,169,170,88.3,1
1455,9,162,171,88.3,9
253,9,163,172,88.3,9
3162,5,167,172,88.3,5
1328,2,170,172,88.3,2
2694,9,164,173,88.3,9
2826,6,167,173,88.3,6
4509,5,168,173,88.3,5
4527,6,168,174,88.3,6
2544,5,169,174,88.3,5
2287,8,167,175,88.3,8
764,5,170,175,88.3,5
475,9,167,176,88.3,9
3031,4,172,176,88.3,4
693,9,168,177,88.3,9
3583,7,170,177,88.3,7
2008,3,174,177,88.3,3
1230,8,170,178,88.3,8
4234,7,171,178,88.3,7
4743,6,172,178,88.3,6
761,6,172,178,88.3,6
2062,5,173,178,88.3,5
2483,4,174,178,88.3,4
3991,2,177,179,88.3,2
3949,2,177,179,88.3,2
3124,1,178,179,88.3,1
1531,7,173,180,88.3,7
3512,4,176,180,88.3,4
4324,3,177,180,88.3,3
360,2,178,180,88.3,2
3547,1,180,181,88.3,1
3419,9,173,182,88.3,9
2351,6,176,182,88.3,6
787,4,178,182,88.3,4
2181,2,180,182,88.3,2
1551,3,180,183,88.3,3
87,9,175,184,88.3,9
1988,9,175,184,88.3,9
1750,6,178,184,88.3,6
315,7,178,185,88.3,7
449,7,178,185,88.3,7
792,3,182,185,88.3,3
4114,3,182,185,88.3,3
2083,1,185,186,88.3,1
1571,8,179,187,88.3,8
3035,8,179,187,88.3,8
1080,7,180,187,88.3,7
1793,3,184,187,88.3,3
2580,9,179,188,88.3,9
2538,7,181,188,88.3,7
1405,6,182,188,88.3,6
4272,7,183,190,88.3,7
4264,6,184,190,88.3,6
2914,9,182,191,88.3,9
2940,6,185,191,88.3,6
2331,4,187,191,88.3,4
3171,2,190,192,88.3,2
4292,9,184,193,88.3,9
2133,8,185,193,88.3,8
3813,6,187,193,88.3,6
3032,5,188,193,88.3,5
1072,2,191,193,88.3,2
3674,2,191,193,88.3,2
1846,9,185,194,88.3,9
3677,9,186,195,88.3,9
463,3,192,195,88.3,3
1631,2,193,195,88.3,2
1388,9,187,196,88.3,9
4335,9,187,196,88.3,9
333,3,193,196,88.3,3
3371,3,193,196,88.3,3
1324,9,188,197,88.3,9
1540,9,188,197,88.3,9
2723,2,195,197,88.3,2
4803,8,190,198,88.3,8
1263,5,193,198,88.3,5
3433,3,195,198,88.3,3
2446,5,194,199,88.3,5
2087,9,191,200,88.3,9
1305,7,193,200,88.3,7
1629,8,193,201,88.3,8
1086,2,199,201,88.3,2
3085,6,196,202,88.3,6
4787,5,197,202,88.3,5
2468,8,195,203,88.3,8
494,7,196,203,88.3,7
1967,7,196,203,88.3,7
2348,3,200,203,88.3,3
4491,1,202,203,88.3,1
4012,6,198,204,88.3,6
4915,9,196,205,88.3,9
4201,7,198,205,88.3,7
729,4,201,205,88.3,4
3230,2,203,205,88.3,2
4919,9,197,206,88.3,9
3704,9,197,206,88.3,9
358,4,202,206,88.3,4
1723,3,203,206,88.3,3
3345,9,198,207,88.3,9
4711,7,201,208,88.3,7
1598,3,205,208,88.3,3
4269,3,205,208,88.3,3
1518,2,206,208,88.3,2
2158,1,207,208,88.3,1
4807,9,200,209,88.3,9
4338,7,203,210,88.3,7
3780,6,204,210,88.3,6
1744,4,206,210,88.3,4
2501,2,208,210,88.3,2
4929,8,203,211,88.3,8
4352,5,206,211,88.3,5
2357,3,208,211,88.3,3
976,1,210,211,88.3,1
2212,9,203,212,88.3,9
945,4,208,212,88.3,4
4914,9,205,214,88.3,9
716,9,205,214,88.3,9
2841,4,210,214,88.3,4
1541,4,210,214,88.3,4
4071,3,211,214,88.3,3
2253,9,206,215,88.3,9
2508,7,208,215,88.3,7
1024,7,208,215,88.3,7
1064,5,210,215,88.3,5
1557,4,211,215,88.3,4
2857,5,211,216,88.3,5
2444,4,212,216,88.3,4
3742,4,212,216,88.3,4
859,2,214,216,88.3,2
3492,3,214,217,88.3,3
1970,2,215,217,88.3,2
1177,9,209,218,88.3,9
4559,4,214,218,88.3,4
1892,3,215,218,88.3,3
3034,2,216,218,88.3,2
4893,2,216,218,88.3,2
218,8,211,219,88.3,8
4738,4,215,219,88.3,4
3435,3,216,219,88.3,3
4719,1,218,219,88.3,1
4158,6,214,220,88.3,6
1235,4,216,220,88.3,4
722,2,218,220,88.3,2
3921,6,215,221,88.3,6
2367,4,217,221,88.3,4
3470,3,218,221,88.3,3
168,1,221,222,88.3,1
4931,9,214,223,88.3,9
2554,5,218,223,88.3,5
1025,9,215,224,88.3,9
4046,7,217,224,88.3,7
1632,5,219,224,88.3,5
1355,4,220,224,88.3,4
1844,2,222,224,88.3,2
717,6,219,225,88.3,6
3299,1,224,225,88.3,1
4978,5,221,226,88.3,5
1474,3,223,226,88.3,3
4520,9,218,227,88.3,9
4099,8,219,227,88.3,8
39,7,220,227,88.3,7
1282,3,224,227,88.3,3
3660,2,225,227,88.3,2
984,9,219,228,88.3,9
9,9,220,229,88.3,9
1383,8,221,229,88.3,8
3296,6,223,229,88.3,6
456,1,228,229,88.3,1
1122,6,224,230,88.3,6
2218,4,227,231,88.3,4
3863,7,225,232,88.3,7
3744,5,227,232,88.3,5
1214,9,224,233,88.3,9
1298,9,224,233,88.3,9
3195,4,229,233,88.3,4
4308,8,226,234,88.3,8
462,8,226,234,88.3,8
3810,2,232,234,88.3,2
1829,8,227,235,88.3,8
2502,8,227,235,88.3,8
4333,6,229,235,88.3,6
2621,3,232,235,88.3,3
4185,1,234,235,88.3,1
3114,9,227,236,88.3,9
3273,1,235,236,88.3,1
3325,4,233,237,88.3,4
2707,9,229,238,88.3,9
3024,9,229,238,88.3,9
3920,8,230,238,88.3,8
2714,7,231,238,88.3,7
4325,4,234,238,88.3,4
4829,3,235,238,88.3,3
4407,4,235,239,88.3,4
845,1,238,239,88.3,1
932,7,233,240,88.3,7
2788,6,234,240,88.3,6
2162,5,235,240,88.3,5
901,5,235,240,88.3,5
2814,4,236,240,88.3,4
2754,8,233,241,88.3,8
149,3,238,241,88.3,3
3400,3,238,241,88.3,3
2590,3,238,241,88.3,3
4969,1,240,241,88.3,1
4832,5,237,242,88.3,5
2193,2,240,242,88.3,2
4748,7,236,243,88.3,7
3312,5,239,244,88.3,5
4066,4,240,244,88.3,4
4601,4,240,244,88.3,4
3500,3,241,244,88.3,3
97,7,238,245,88.3,7
3614,3,242,245,88.3,3
3901,7,239,246,88.3,7
3311,5,241,246,88.3,5
1812,1,245,246,88.3,1
4246,9,238,247,88.3,9
278,3,244,247,88.3,3
3811,1,246,247,88.3,1
361,8,240,248,88.3,8
2330,7,241,248,88.3,7
2881,2,246,248,88.3,2
4021,6,243,249,88.3,6
2457,2,247,249,88.3,2
4764,9,241,250,88.3,9
2876,9,241,250,88.3,9
1367,8,242,250,88.3,8
4028,6,244,250,88.3,6
727,3,247,250,88.3,3
1728,7,244,251,88.3,7
2142,4,248,252,88.3,4
2454,2,250,252,88.3,2
1891,9,244,253,88.3,9
3904,5,248,253,88.3,5
2640,4,249,253,88.3,4
2746,3,250,253,88.3,3
3584,9,245,254,88.3,9
799,8,246,254,88.3,8
1509,4,250,254,88.3,4
347,8,247,255,88.3,8
3648,7,248,255,88.3,7
142,6,249,255,88.3,6
3131,1,254,255,88.3,1
2010,6,250,256,88.3,6
1244,1,255,256,88.3,1
2186,7,250,257,88.3,7
1347,5,253,258,88.3,5
2185,4,254,258,88.3,4
3979,3,255,258,88.3,3
4511,3,255,258,88.3,3
4451,3,255,258,88.3,3
273,9,251,260,88.3,9
298,7,253,260,88.3,7
841,7,253,260,88.3,7
2631,7,253,260,88.3,7
3545,6,254,260,88.3,6
2505,9,252,261,88.3,9
2618,9,252,261,88.3,9
1690,4,257,261,88.3,4
1701,3,258,261,88.3,3
2307,1,260,261,88.3,1
876,4,258,262,88.3,4
1564,2,260,262,88.3,2
3975,1,261,262,88.3,1
3499,5,258,263,88.3,5
3011,2,261,263,88.3,2
2408,8,256,264,88.3,8
1580,8,256,264,88.3,8
730,4,260,264,88.3,4
433,7,258,265,88.3,7
3799,7,258,265,88.3,7
3434,4,261,265,88.3,4
2054,3,262,265,88.3,3
707,6,260,266,88.3,6
2728,6,261,267,88.3,6
3898,6,261,267,88.3,6
4433,2,265,267,88.3,2
2661,2,265,267,88.3,2
4026,1,266,267,88.3,1
3809,5,263,268,88.3,5
633,4,264,268,88.3,4
3017,9,260,269,88.3,9
293,6,263,269,88.3,6
2098,5,264,269,88.3,5
4339,4,265,269,88.3,4
2936,4,265,269,88.3,4
2379,8,262,270,88.3,8
2706,8,262,270,88.3,8
4107,3,267,270,88.3,3
3895,3,267,270,88.3,3
3913,3,267,270,88.3,3
1945,2,269,271,88.3,2
2157,8,264,272,88.3,8
4721,5,267,272,88.3,5
1351,4,268,272,88.3,4
2116,4,268,272,88.3,4
3637,2,270,272,88.3,2
2093,2,270,272,88.3,2
251,4,269,273,88.3,4
422,3,270,273,88.3,3
2300,1,272,273,88.3,1
2720,7,267,274,88.3,7
1748,4,271,275,88.3,4
1972,3,272,275,88.3,3
1073,3,272,275,88.3,3
802,7,269,276,88.3,7
3469,7,269,276,88.3,7
3749,4,272,276,88.3,4
1839,4,272,276,88.3,4
2320,4,273,277,88.3,4
2018,2,275,277,88.3,2
2431,1,276,277,88.3,1
2478,9,269,278,88.3,9
3836,8,270,278,88.3,8
372,8,270,278,88.3,8
2603,1,277,278,88.3,1
860,7,272,279,88.3,7
425,3,276,279,88.3,3
4365,6,274,280,88.3,6
1985,5,275,280,88.3,5
4309,8,273,281,88.3,8
3028,9,273,282,88.3,9
187,7,275,282,88.3,7
555,6,276,282,88.3,6
4539,5,277,282,88.3,5
2124,2,280,282,88.3,2
647,4,279,283,88.3,4
317,8,276,284,88.3,8
507,8,277,285,88.3,8
198,6,279,285,88.3,6
4193,8,278,286,88.3,8
3717,8,278,286,88.3,8
83,3,283,286,88.3,3
1686,9,278,287,88.3,9
11,9,278,287,88.3,9
2209,5,282,287,88.3,5
4774,5,282,287,88.3,5
1113,1,286,287,88.3,1
863,6,282,288,88.3,6
807,3,285,288,88.3,3
21,9,280,289,88.3,9
3160,7,282,289,88.3,7
4609,9,281,290,88.3,9
3580,8,282,290,88.3,8
2411,2,288,290,88.3,2
245,7,284,291,88.3,7
1233,4,287,291,88.3,4
1091,7,285,292,88.3,7
1974,6,286,292,88.3,6
3852,5,287,292,88.3,5
1002,5,287,292,88.3,5
1714,2,290,292,88.3,2
402,1,291,292,88.3,1
3084,7,286,293,88.3,7
335,3,290,293,88.3,3
3992,6,288,294,88.3,6
4779,5,289,294,88.3,5
4153,4,290,294,88.3,4
3982,8,287,295,88.3,8
3405,8,287,295,88.3,8
4135,6,289,295,88.3,6
543,3,292,295,88.3,3
3508,4,292,296,88.3,4
4713,2,294,296,88.3,2
2173,5,292,297,88.3,5
553,5,292,297,88.3,5
946,6,292,298,88.3,6
957,4,294,298,88.3,4
4661,1,298,299,88.3,1
1742,9,291,300,88.3,9
4548,7,293,300,88.3,7
1403,5,295,300,88.3,5
636,5,295,300,88.3,5
2676,3,297,300,88.3,3
4235,9,292,301,88.3,9
1836,7,294,301,88.3,7
4042,6,295,301,88.3,6
4707,5,296,301,88.3,5
247,3,298,301,88.3,3
2447,1,300,301,88.3,1
2999,1,300,301,88.3,1
3757,9,293,302,88.3,9
3203,2,300,302,88.3,2
4202,1,301,302,88.3,1
3889,8,295,303,88.3,8
3684,4,299,303,88.3,4
4439,1,302,303,88.3,1
2761,3,301,304,88.3,3
2985,2,302,304,88.3,2
16,9,296,305,88.3,9
1450,9,297,306,88.3,9
3452,5,301,306,88.3,5
1501,7,300,307,88.3,7
3036,6,301,307,88.3,6
1319,6,301,307,88.3,6
1105,5,302,307,88.3,5
1912,8,300,308,88.3,8
1942,3,305,308,88.3,3
4009,1,307,308,88.3,1
3643,1,307,308,88.3,1
3612,8,301,309,88.3,8
4371,2,307,309,88.3,2
2106,1,308,309,88.3,1
836,9,301,310,88.3,9
1271,4,306,310,88.3,4
4278,1,309,310,88.3,1
468,8,303,311,88.3,8
1356,7,304,311,88.3,7
3517,7,304,311,88.3,7
3680,3,308,311,88.3,3
2349,1,310,311,88.3,1
3932,9,303,312,88.3,9
2482,9,303,312,88.3,9
1630,5,307,312,88.3,5
3691,1,311,312,88.3,1
3066,3,310,313,88.3,3
2390,1,312,313,88.3,1
923,1,312,313,88.3,1
1012,1,312,313,88.3,1
352,6,308,314,88.3,6
91,3,311,314,88.3,3
4216,1,313,314,88.3,1
538,1,313,314,88.3,1
4170,1,313,314,88.3,1
266,9,306,315,88.3,9
1621,4,311,315,88.3,4
3173,3,312,315,88.3,3
4392,1,314,315,88.3,1
3572,8,308,316,88.3,8
4288,1,315,316,88.3,1
2710,4,313,317,88.3,4
440,1,316,317,88.3,1
1854,9,309,318,88.3,9
1049,9,309,318,88.3,9
183,7,311,318,88.3,7
4518,4,314,318,88.3,4
1468,3,315,318,88.3,3
1705,9,310,319,88.3,9
1698,8,311,319,88.3,8
4146,6,314,320,88.3,6
4347,6,314,320,88.3,6
3351,7,314,321,88.3,7
2915,5,316,321,88.3,5
1348,4,317,321,88.3,4
4951,7,315,322,88.3,7
3963,4,318,322,88.3,4
2424,4,318,322,88.3,4
2921,2,320,322,88.3,2
2035,1,322,323,88.3,1
3213,9,315,324,88.3,9
1749,6,318,324,88.3,6
741,5,319,324,88.3,5
4422,4,320,324,88.3,4
826,1,323,324,88.3,1
595,8,317,325,88.3,8
1454,7,318,325,88.3,7
201,4,321,325,88.3,4
3445,3,322,325,88.3,3
4786,3,322,325,88.3,3
1357,4,322,326,88.3,4
162,2,324,326,88.3,2
1589,2,324,326,88.3,2
2490,2,324,326,88.3,2
3884,9,318,327,88.3,9
3089,8,319,327,88.3,8
2206,6,321,327,88.3,6
3719,3,324,327,88.3,3
4850,7,321,328,88.3,7
4494,3,325,328,88.3,3
987,3,326,329,88.3,3
4733,2,327,329,88.3,2
3292,3,327,330,88.3,3
1568,7,324,331,88.3,7
2417,6,325,331,88.3,6
163,5,326,331,88.3,5
4442,7,325,332,88.3,7
3098,7,325,332,88.3,7
1731,6,326,332,88.3,6
2403,6,327,333,88.3,6
114,4,329,333,88.3,4
1097,2,331,333,88.3,2
4415,9,325,334,88.3,9
2815,4,330,334,88.3,4
2563,9,326,335,88.3,9
4037,8,327,335,88.3,8
2479,3,332,335,88.3,3
560,1,334,335,88.3,1
1504,8,328,336,88.3,8
1932,7,329,336,88.3,7
4075,9,328,337,88.3,9
117,1,336,337,88.3,1
1582,6,332,338,88.3,6
2582,5,333,338,88.3,5
996,8,331,339,88.3,8
491,5,334,339,88.3,5
2978,9,331,340,88.3,9
703,7,333,340,88.3,7
1710,5,335,340,88.3,5
1796,2,338,340,88.3,2
2758,9,332,341,88.3,9
903,8,333,341,88.3,8
1054,2,339,341,88.3,2
514,1,340,341,88.3,1
1231,5,337,342,88.3,5
1269,3,339,342,88.3,3
3289,2,340,342,88.3,2
2115,1,341,342,88.3,1
711,8,335,343,88.3,8
1137,8,335,343,88.3,8
2971,3,340,343,88.3,3
250,9,335,344,88.3,9
4184,3,341,344,88.3,3
4913,9,336,345,88.3,9
4165,4,341,345,88.3,4
3855,3,342,345,88.3,3
3201,2,343,345,88.3,2
2493,9,337,346,88.3,9
1061,8,338,346,88.3,8
3603,6,340,346,88.3,6
861,4,342,346,88.3,4
386,3,343,346,88.3,3
4684,2,345,347,88.3,2
3936,1,346,347,88.3,1
40,6,342,348,88.3,6
49,5,343,348,88.3,5
283,8,341,349,88.3,8
2128,7,342,349,88.3,7
1532,5,344,349,88.3,5
1316,4,345,349,88.3,4
1409,2,347,349,88.3,2
4866,1,348,349,88.3,1
3544,5,345,350,88.3,5
1329,4,346,350,88.3,4
4645,2,348,350,88.3,2
3986,7,344,351,88.3,7
3984,5,346,351,88.3,5
146,1,350,351,88.3,1
1373,6,346,352,88.3,6
4650,6,346,352,88.3,6
4470,3,349,352,88.3,3
4966,8,345,353,88.3,8
882,5,349,354,88.3,5
2309,9,347,356,88.3,9
3791,7,349,356,88.3,7
723,7,349,356,88.3,7
2848,5,351,356,88.3,5
2324,5,351,356,88.3,5
4229,4,352,356,88.3,4
2829,4,352,356,88.3,4
909,7,350,357,88.3,7
2019,5,352,357,88.3,5
109,9,349,358,88.3,9
4884,9,349,358,88.3,9
3324,8,350,358,88.3,8
3381,1,357,358,88.3,1
2614,9,351,360,88.3,9
2908,7,353,360,88.3,7
581,2,358,360,88.3,2
3145,2,358,360,88.3,2
4468,5,356,361,88.3,5
2029,8,354,362,88.3,8
4208,6,356,362,88.3,6
3415,2,360,362,88.3,2
2584,7,356,363,88.3,7
2585,8,356,364,88.3,8
132,8,356,364,88.3,8
15,8,356,364,88.3,8
4888,8,356,364,88.3,8
105,2,362,364,88.3,2
1300,2,362,364,88.3,2
1944,8,357,365,88.3,8
4575,5,360,365,88.3,5
3209,3,362,365,88.3,3
1404,1,364,365,88.3,1
232,1,364,365,88.3,1
2312,1,364,365,88.3,1
2775,3,363,366,88.3,3
4220,1,365,366,88.3,1
4550,9,358,367,88.3,9
1041,9,358,367,88.3,9
3695,7,360,367,88.3,7
3294,2,365,367,88.3,2
1132,8,360,368,88.3,8
3526,2,366,368,88.3,2
1252,8,361,369,88.3,8
2289,4,365,369,88.3,4
4957,2,367,369,88.3,2
1825,6,364,370,88.3,6
3347,4,366,370,88.3,4
575,4,367,371,88.3,4
3888,3,368,371,88.3,3
4364,3,368,371,88.3,3
55,8,364,372,88.3,8
1645,3,369,372,88.3,3
4221,3,369,372,88.3,3
2811,1,371,372,88.3,1
324,9,364,373,88.3,9
2892,8,365,373,88.3,8
1158,8,365,373,88.3,8
2995,9,365,374,88.3,9
3077,7,367,374,88.3,7
772,8,367,375,88.3,8
649,2,373,375,88.3,2
103,5,371,376,88.3,5
2303,2,374,376,88.3,2
2336,1,375,376,88.3,1
524,2,375,377,88.3,2
2744,9,369,378,88.3,9
4404,6,372,378,88.3,6
14,9,370,379,88.3,9
1219,9,370,379,88.3,9
2856,8,371,379,88.3,8
1659,7,372,379,88.3,7
592,3,376,379,88.3,3
1423,1,378,379,88.3,1
152,8,372,380,88.3,8
3505,7,373,380,88.3,7
224,1,379,380,88.3,1
4111,9,372,381,88.3,9
3059,5,376,381,88.3,5
481,2,379,381,88.3,2
960,9,373,382,88.3,9
2509,8,374,382,88.3,8
3410,3,379,382,88.3,3
2777,7,376,383,88.3,7
3563,5,378,383,88.3,5
781,4,379,383,88.3,4
1657,3,380,383,88.3,3
3047,2,381,383,88.3,2
1007,7,377,384,88.3,7
3578,4,380,384,88.3,4
1045,1,383,384,88.3,1
2953,6,379,385,88.3,6
4608,5,380,385,88.3,5
4647,2,383,385,88.3,2
4209,5,381,386,88.3,5
879,2,384,386,88.3,2
3906,8,379,387,88.3,8
3157,5,383,388,88.3,5
704,8,381,389,88.3,8
118,7,382,389,88.3,7
655,5,384,389,88.3,5
3601,3,386,389,88.3,3
3531,1,388,389,88.3,1
3352,8,382,390,88.3,8
1857,7,383,390,88.3,7
4230,1,389,390,88.3,1
4133,1,389,390,88.3,1
2466,9,382,391,88.3,9
3698,8,383,391,88.3,8
1039,6,385,391,88.3,6
805,7,385,392,88.3,7
3303,2,390,392,88.3,2
747,2,390,392,88.3,2
4410,9,384,393,88.3,9
2522,4,389,393,88.3,4
4160,1,392,393,88.3,1
1533,9,385,394,88.3,9
4295,8,386,394,88.3,8
1358,5,389,394,88.3,5
1101,3,391,394,88.3,3
3026,4,391,395,88.3,4
4052,9,387,396,88.3,9
3690,6,390,396,88.3,6
2090,5,391,396,88.3,5
1786,8,389,397,88.3,8
4825,7,390,397,88.3,7
2901,3,394,397,88.3,3
709,4,394,398,88.3,4
2666,4,394,398,88.3,4
1364,7,392,399,88.3,7
1979,6,393,399,88.3,6
3525,2,397,399,88.3,2
2635,2,397,399,88.3,2
4887,1,399,400,88.3,1
4405,9,392,401,88.3,9
3890,7,394,401,88.3,7
1291,4,397,401,88.3,4
4878,3,398,401,88.3,3
1773,2,399,401,88.3,2
161,9,393,402,88.3,9
770,9,393,402,88.3,9
1429,6,396,402,88.3,6
1669,3,399,402,88.3,3
2040,8,395,403,88.3,8
1711,2,401,403,88.3,2
274,1,402,403,88.3,1
2824,8,396,404,88.3,8
3618,6,398,404,88.3,6
1019,3,401,404,88.3,3
3755,9,396,405,88.3,9
3939,6,399,405,88.3,6
2034,4,401,405,88.3,4
3688,3,402,405,88.3,3
3819,2,403,405,88.3,2
4997,6,400,406,88.3,6
196,4,402,406,88.3,4
3083,6,401,407,88.3,6
1476,5,402,407,88.3,5
806,1,407,408,88.3,1
4800,6,403,409,88.3,6
3784,4,405,409,88.3,4
323,2,407,409,88.3,2
2551,9,401,410,88.3,9
4652,7,403,410,88.3,7
687,6,404,410,88.3,6
4346,5,405,410,88.3,5
3552,2,408,410,88.3,2
378,7,404,411,88.3,7
3731,5,406,411,88.3,5
1217,2,409,411,88.3,2
4524,1,410,411,88.3,1
3857,8,404,412,88.3,8
4532,7,405,412,88.3,7
2578,1,411,412,88.3,1
1448,8,405,413,88.3,8
3729,8,405,413,88.3,8
4796,7,406,413,88.3,7
1440,4,409,413,88.3,4
1412,5,409,414,88.3,5
1522,3,411,414,88.3,3
1847,2,412,414,88.3,2
4441,5,410,415,88.3,5
1530,2,413,415,88.3,2
3504,1,414,415,88.3,1
419,6,410,416,88.3,6
4651,6,410,416,88.3,6
3994,5,411,416,88.3,5
4129,4,412,416,88.3,4
4098,4,412,416,88.3,4
1497,3,413,416,88.3,3
912,4,413,417,88.3,4
2419,8,410,418,88.3,8
546,4,414,418,88.3,4
2293,3,415,418,88.3,3
3771,2,416,418,88.3,2
2701,8,411,419,88.3,8
460,1,418,419,88.3,1
2366,5,416,421,88.3,5
4586,5,416,421,88.3,5
1931,4,417,421,88.3,4
4597,2,419,421,88.3,2
1672,9,413,422,88.3,9
297,7,415,422,88.3,7
4172,1,421,422,88.3,1
2606,1,421,422,88.3,1
309,9,414,423,88.3,9
558,8,415,423,88.3,8
4413,7,416,423,88.3,7
276,7,416,423,88.3,7
1837,7,416,423,88.3,7
432,5,419,424,88.3,5
3990,2,422,424,88.3,2
2684,7,418,425,88.3,7
2577,4,421,425,88.3,4
3284,2,423,425,88.3,2
2325,2,423,425,88.3,2
2954,8,418,426,88.3,8
4476,8,418,426,88.3,8
3163,5,421,426,88.3,5
4317,4,422,426,88.3,4
4694,2,424,426,88.3,2
2195,4,423,427,88.3,4
29,5,423,428,88.3,5
3370,3,425,428,88.3,3
3610,2,426,428,88.3,2
2453,7,422,429,88.3,7
2931,6,423,429,88.3,6
66,4,425,429,88.3,4
3511,4,425,429,88.3,4
4852,3,426,429,88.3,3
1902,8,422,430,88.3,8
4280,4,426,430,88.3,4
4851,1,429,430,88.3,1
2731,6,425,431,88.3,6
752,3,428,431,88.3,3
734,2,429,431,88.3,2
3740,2,429,431,88.3,2
2172,5,427,432,88.3,5
1212,9,424,433,88.3,9
4149,5,428,433,88.3,5
1517,3,430,433,88.3,3
4419,3,430,433,88.3,3
1365,8,426,434,88.3,8
2288,6,428,434,88.3,6
3709,3,431,434,88.3,3
3253,3,431,434,88.3,3
2873,9,426,435,88.3,9
1202,2,433,435,88.3,2
4200,7,429,436,88.3,7
4701,7,430,437,88.3,7
1087,3,434,437,88.3,3
1098,9,429,438,88.3,9
2950,7,431,438,88.3,7
4554,5,433,438,88.3,5
961,4,434,438,88.3,4
4188,7,432,439,88.3,7
4313,5,434,439,88.3,5
3763,5,434,439,88.3,5
1850,9,431,440,88.3,9
1875,7,433,440,88.3,7
1164,5,435,440,88.3,5
2194,2,438,440,88.3,2
255,8,433,441,88.3,8
503,3,438,441,88.3,3
2037,2,439,441,88.3,2
3558,1,440,441,88.3,1
2073,7,435,442,88.3,7
373,5,437,442,88.3,5
2373,5,437,442,88.3,5
2611,2,440,442,88.3,2
1671,1,441,442,88.3,1
4582,7,436,443,88.3,7
52,6,438,444,88.3,6
1103,4,440,444,88.3,4
2292,2,442,444,88.3,2
3424,2,442,444,88.3,2
3859,2,442,444,88.3,2
3,1,443,444,88.3,1
2813,7,438,445,88.3,7
2111,6,439,445,88.3,6
4605,3,442,445,88.3,3
551,7,439,446,88.3,7
1180,5,441,446,88.3,5
4897,4,442,446,88.3,4
1826,2,444,446,88.3,2
2970,6,441,447,88.3,6
3322,3,444,447,88.3,3
569,7,441,448,88.3,7
3416,4,444,448,88.3,4
4449,3,445,448,88.3,3
2820,9,440,449,88.3,9
90,4,445,449,88.3,4
4960,6,444,450,88.3,6
2648,7,444,451,88.3,7
2975,3,448,451,88.3,3
2123,8,444,452,88.3,8
3745,5,447,452,88.3,5
258,3,449,452,88.3,3
2534,8,445,453,88.3,8
3086,7,446,453,88.3,7
151,7,446,453,88.3,7
4685,4,449,453,88.3,4
3705,7,447,454,88.3,7
3082,6,448,454,88.3,6
500,2,452,454,88.3,2
2882,9,446,455,88.3,9
1926,9,446,455,88.3,9
2698,2,453,455,88.3,2
2734,3,453,456,88.3,3
2874,2,454,456,88.3,2
3180,9,448,457,88.3,9
651,7,450,457,88.3,7
2937,6,451,457,88.3,6
94,5,452,457,88.3,5
2724,1,456,457,88.3,1
4195,6,452,458,88.3,6
27,4,454,458,88.3,4
1131,3,455,458,88.3,3
2341,8,451,459,88.3,8
2340,5,454,459,88.3,5
2498,7,453,460,88.3,7
1927,3,457,460,88.3,3
2426,2,458,460,88.3,2
4484,6,455,461,88.3,6
2517,4,457,461,88.3,4
4035,4,457,461,88.3,4
986,9,453,462,88.3,9
1003,5,457,462,88.3,5
2911,8,455,463,88.3,8
3608,7,456,463,88.3,7
1855,6,457,463,88.3,6
2526,4,459,463,88.3,4
2387,4,460,464,88.3,4
3815,1,463,464,88.3,1
823,1,463,464,88.3,1
3088,4,461,465,88.3,4
423,8,458,466,88.3,8
3248,7,459,466,88.3,7
1127,4,462,466,88.3,4
1594,9,458,467,88.3,9
3661,7,460,467,88.3,7
4358,5,462,467,88.3,5
1053,4,463,467,88.3,4
3713,4,463,467,88.3,4
3562,7,461,468,88.3,7
1868,7,461,468,88.3,7
48,9,460,469,88.3,9
2576,7,464,471,88.3,7
2989,4,467,471,88.3,4
1352,8,464,472,88.3,8
3004,5,467,472,88.3,5
4513,9,464,473,88.3,9
4697,8,465,473,88.3,8
4578,6,467,473,88.3,6
4753,5,468,473,88.3,5
4242,2,471,473,88.3,2
2539,1,472,473,88.3,1
2122,8,466,474,88.3,8
1833,7,467,474,88.3,7
3426,5,469,474,88.3,5
4077,9,466,475,88.3,9
1729,9,466,475,88.3,9
3219,8,467,475,88.3,8
356,7,468,475,88.3,7
1952,1,474,475,88.3,1
2386,5,471,476,88.3,5
2414,3,473,476,88.3,3
4622,4,473,477,88.3,4
2410,2,475,477,88.3,2
4344,2,475,477,88.3,2
800,6,472,478,88.3,6
2396,2,477,479,88.3,2
840,7,473,480,88.3,7
769,7,473,480,88.3,7
2317,6,474,480,88.3,6
948,3,477,480,88.3,3
2136,1,479,480,88.3,1
4767,7,474,481,88.3,7
4662,1,480,481,88.3,1
700,9,473,482,88.3,9
4174,9,473,482,88.3,9
4141,7,475,482,88.3,7
1567,7,475,482,88.3,7
321,6,477,483,88.3,6
330,3,480,483,88.3,3
1082,1,482,483,88.3,1
2328,9,475,484,88.3,9
4768,8,476,484,88.3,8
846,8,476,484,88.3,8
3638,2,482,484,88.3,2
3675,4,481,485,88.3,4
4617,8,478,486,88.3,8
4486,6,480,486,88.3,6
1043,6,480,486,88.3,6
426,4,482,486,88.3,4
3146,3,483,486,88.3,3
1818,2,484,486,88.3,2
1055,7,480,487,88.3,7
1652,5,482,487,88.3,5
2404,1,486,487,88.3,1
3629,5,483,488,88.3,5
1322,3,485,488,88.3,3
2456,1,487,488,88.3,1
4393,5,484,489,88.3,5
2204,1,488,489,88.3,1
2956,9,481,490,88.3,9
3048,7,483,490,88.3,7
4930,4,486,490,88.3,4
626,4,487,491,88.3,4
1116,3,488,491,88.3,3
778,1,490,491,88.3,1
4793,8,484,492,88.3,8
1641,8,484,492,88.3,8
1434,2,490,492,88.3,2
4059,1,491,492,88.3,1
4946,7,486,493,88.3,7
661,7,486,493,88.3,7
2295,7,486,493,88.3,7
4635,6,487,493,88.3,6
2717,4,489,493,88.3,4
1094,3,490,493,88.3,3
993,2,491,493,88.3,2
1251,9,486,495,88.3,9
254,7,488,495,88.3,7
3642,3,492,495,88.3,3
3631,2,493,495,88.3,2
1267,2,493,495,88.3,2
2510,2,493,495,88.3,2
1937,7,489,496,88.3,7
4522,3,493,496,88.3,3
2247,5,492,497,88.3,5
1074,7,491,498,88.3,7
1438,5,493,498,88.3,5
1797,5,493,498,88.3,5
3616,3,495,498,88.3,3
2319,2,496,498,88.3,2
498,7,492,499,88.3,7
2450,7,492,499,88.3,7
1577,6,493,499,88.3,6
1625,1,498,499,88.3,1
4552,5,495,500,88.3,5
1859,5,495,500,88.3,5
3234,6,495,501,88.3,6
1280,6,495,501,88.3,6
612,6,495,501,88.3,6
3045,2,499,501,88.3,2
3198,2,500,502,88.3,2
4751,6,497,503,88.3,6
883,5,498,503,88.3,5
1622,2,501,503,88.3,2
4225,8,496,504,88.3,8
2598,6,498,504,88.3,6
3856,4,500,504,88.3,4
4734,4,501,505,88.3,4
3453,8,498,506,88.3,8
3651,8,498,506,88.3,8
2594,7,499,506,88.3,7
1063,3,503,506,88.3,3
8,8,499,507,88.3,8
154,6,501,507,88.3,6
1685,9,499,508,88.3,9
238,5,503,508,88.3,5
391,4,504,508,88.3,4
1441,1,508,509,88.3,1
405,9,501,510,88.3,9
2951,6,504,510,88.3,6
2879,4,506,510,88.3,4
1281,9,502,511,88.3,9
1888,8,503,511,88.3,8
2638,6,505,511,88.3,6
4618,5,506,511,88.3,5
1644,3,508,511,88.3,3
857,1,510,511,88.3,1
2358,8,504,512,88.3,8
445,6,506,512,88.3,6
1464,1,512,513,88.3,1
2249,8,506,514,88.3,8
505,7,507,514,88.3,7
4340,4,510,514,88.3,4
1487,4,511,515,88.3,4
1882,4,511,515,88.3,4
4473,4,511,515,88.3,4
3814,4,511,515,88.3,4
4593,9,507,516,88.3,9
441,7,509,516,88.3,7
2907,6,510,516,88.3,6
389,4,512,516,88.3,4
1065,3,513,516,88.3,3
3049,1,515,516,88.3,1
4088,9,508,517,88.3,9
2356,2,515,517,88.3,2
4802,1,516,517,88.3,1
3007,5,514,519,88.3,5
3489,9,511,520,88.3,9
1447,9,511,520,88.3,9
1767,1,519,520,88.3,1
4644,7,514,521,88.3,7
3630,7,514,521,88.3,7
4477,5,516,521,88.3,5
643,6,516,522,88.3,6
4619,6,516,522,88.3,6
1287,5,517,522,88.3,5
2624,8,515,523,88.3,8
3627,6,517,523,88.3,6
2433,3,520,523,88.3,3
2488,1,522,523,88.3,1
2555,9,515,524,88.3,9
1186,8,516,524,88.3,8
2740,2,522,524,88.3,2
4688,9,516,525,88.3,9
887,5,520,525,88.3,5
2071,5,520,525,88.3,5
4294,4,521,525,88.3,4
3119,1,524,525,88.3,1
2316,9,517,526,88.3,9
796,2,525,527,88.3,2
673,1,526,527,88.3,1
181,3,525,528,88.3,3
2496,8,521,529,88.3,8
1606,6,523,529,88.3,6
2025,9,521,530,88.3,9
2696,6,524,530,88.3,6
1203,2,528,530,88.3,2
2027,9,522,531,88.3,9
4504,8,523,531,88.3,8
2825,7,524,531,88.3,7
1435,9,523,532,88.3,9
3937,9,523,532,88.3,9
1681,7,525,532,88.3,7
1617,5,527,532,88.3,5
4882,3,529,532,88.3,3
888,3,529,532,88.3,3
4654,8,525,533,88.3,8
4603,2,531,533,88.3,2
1014,1,532,533,88.3,1
3789,9,525,534,88.3,9
2400,4,530,534,88.3,4
4084,3,531,534,88.3,3
4002,2,532,534,88.3,2
3224,1,533,534,88.3,1
702,8,527,535,88.3,8
2184,4,531,535,88.3,4
1995,6,530,536,88.3,6
269,2,534,536,88.3,2
3509,7,530,537,88.3,7
3753,5,532,537,88.3,5
4279,5,532,537,88.3,5
3060,4,533,537,88.3,4
1651,6,532,538,88.3,6
4501,1,537,538,88.3,1
2227,7,532,539,88.3,7
3380,5,534,539,88.3,5
3907,2,537,539,88.3,2
982,6,534,540,88.3,6
2099,5,535,540,88.3,5
326,2,538,540,88.3,2
364,7,534,541,88.3,7
69,5,536,541,88.3,5
3436,9,533,542,88.3,9
2543,6,536,542,88.3,6
2782,3,539,542,88.3,3
3539,2,540,542,88.3,2
4566,9,534,543,88.3,9
942,1,542,543,88.3,1
1633,9,535,544,88.3,9
1824,3,541,544,88.3,3
3117,8,537,545,88.3,8
762,7,538,545,88.3,7
490,3,542,545,88.3,3
4103,1,544,545,88.3,1
786,9,537,546,88.3,9
4853,6,541,547,88.3,6
3864,5,542,547,88.3,5
2653,2,545,547,88.3,2
3196,9,539,548,88.3,9
2604,9,539,548,88.3,9
1323,8,540,548,88.3,8
3923,3,545,548,88.3,3
3326,1,547,548,88.3,1
684,9,540,549,88.3,9
1989,9,542,551,88.3,9
2711,8,543,551,88.3,8
2889,7,544,551,88.3,7
3911,6,545,551,88.3,6
4916,9,543,552,88.3,9
1975,7,545,552,88.3,7
904,1,551,552,88.3,1
242,7,546,553,88.3,7
2166,5,548,553,88.3,5
2733,7,547,554,88.3,7
1006,6,548,554,88.3,6
126,2,552,554,88.3,2
3116,8,547,555,88.3,8
4698,4,551,555,88.3,4
2362,8,548,556,88.3,8
1222,3,553,556,88.3,3
2150,1,555,556,88.3,1
1994,9,548,557,88.3,9
2151,9,548,557,88.3,9
1309,4,553,557,88.3,4
2372,1,556,557,88.3,1
1515,9,549,558,88.3,9
1869,2,557,559,88.3,2
4665,2,557,559,88.3,2
2854,9,551,560,88.3,9
37,9,551,560,88.3,9
1719,8,552,560,88.3,8
804,8,552,560,88.3,8
1861,6,554,560,88.3,6
1822,6,554,560,88.3,6
3225,6,554,560,88.3,6
4179,3,557,560,88.3,3
834,1,560,561,88.3,1
731,1,560,561,88.3,1
2265,3,559,562,88.3,3
3754,8,555,563,88.3,8
3070,6,557,563,88.3,6
2489,5,558,563,88.3,5
4497,3,560,563,88.3,3
75,8,556,564,88.3,8
4906,8,556,564,88.3,8
2413,3,561,564,88.3,3
856,5,560,565,88.3,5
2198,5,560,565,88.3,5
4105,4,561,565,88.3,4
2893,2,563,565,88.3,2
3663,6,560,566,88.3,6
2439,6,560,566,88.3,6
3391,1,565,566,88.3,1
214,8,559,567,88.3,8
4975,5,562,567,88.3,5
1124,4,563,567,88.3,4
895,8,560,568,88.3,8
3446,4,564,568,88.3,4
2925,2,566,568,88.3,2
366,1,567,568,88.3,1
2026,6,563,569,88.3,6
3283,4,565,569,88.3,4
1492,3,566,569,88.3,3
501,1,568,569,88.3,1
1246,6,564,570,88.3,6
2847,2,568,570,88.3,2
4030,1,569,570,88.3,1
2003,7,564,571,88.3,7
2000,6,565,571,88.3,6
4531,3,568,571,88.3,3
2620,9,563,572,88.3,9
1078,7,565,572,88.3,7
277,6,566,572,88.3,6
757,2,570,572,88.3,2
3323,1,571,572,88.3,1
3561,4,569,573,88.3,4
2086,1,572,573,88.3,1
2322,7,567,574,88.3,7
2480,3,571,574,88.3,3
60,2,572,574,88.3,2
3623,6,569,575,88.3,6
714,4,571,575,88.3,4
1762,3,572,575,88.3,3
3130,3,572,575,88.3,3
3461,9,567,576,88.3,9
4283,8,568,576,88.3,8
1841,7,569,576,88.3,7
4253,6,570,576,88.3,6
53,9,570,579,88.3,9
4986,6,573,579,88.3,6
2741,3,576,579,88.3,3
2055,8,572,580,88.3,8
3290,2,579,581,88.3,2
812,9,573,582,88.3,9
2196,8,574,582,88.3,8
760,8,574,582,88.3,8
4120,9,574,583,88.3,9
847,8,575,583,88.3,8
3879,1,582,583,88.3,1
3549,9,575,584,88.3,9
1495,9,575,584,88.3,9
2085,9,575,584,88.3,9
890,8,576,584,88.3,8
4954,9,576,585,88.3,9
3954,9,576,585,88.3,9
329,5,581,586,88.3,5
407,3,583,586,88.3,3
2170,2,584,586,88.3,2
4749,8,579,587,88.3,8
2982,3,584,587,88.3,3
1395,9,579,588,88.3,9
2607,8,580,588,88.3,8
1805,4,584,588,88.3,4
3002,3,585,588,88.3,3
2406,6,583,589,88.3,6
1954,3,586,589,88.3,3
4660,1,588,589,88.3,1
1527,1,588,589,88.3,1
3123,1,588,589,88.3,1
4840,8,582,590,88.3,8
4933,8,582,590,88.3,8
4642,7,583,590,88.3,7
2108,2,588,590,88.3,2
642,2,589,591,88.3,2
3468,1,590,591,88.3,1
3842,7,585,592,88.3,7
282,6,586,592,88.3,6
905,5,587,592,88.3,5
2202,9,584,593,88.3,9
509,6,587,593,88.3,6
1543,3,590,593,88.3,3
2690,3,590,593,88.3,3
4992,5,589,594,88.3,5
121,2,592,594,88.3,2
2275,9,586,595,88.3,9
2691,6,589,595,88.3,6
3943,6,589,595,88.3,6
1283,7,589,596,88.3,7
3359,6,590,596,88.3,6
1289,1,595,596,88.3,1
3022,3,594,597,88.3,3
2074,3,594,597,88.3,3
1257,5,593,598,88.3,5
4643,8,591,599,88.3,8
3917,8,591,599,88.3,8
4877,2,597,599,88.3,2
3487,2,597,599,88.3,2
4517,8,592,600,88.3,8
2376,2,598,600,88.3,2
3834,9,592,601,88.3,9
1154,8,593,601,88.3,8
2668,8,593,601,88.3,8
532,9,593,602,88.3,9
2689,7,595,602,88.3,7
1941,3,599,602,88.3,3
1638,7,596,603,88.3,7
3997,9,595,604,88.3,9
671,8,596,604,88.3,8
1550,9,596,605,88.3,9
705,5,600,605,88.3,5
217,1,604,605,88.3,1
1634,7,599,606,88.3,7
4106,6,600,606,88.3,6
4514,8,599,607,88.3,8
3542,4,603,607,88.3,4
1958,9,599,608,88.3,9
718,7,601,608,88.3,7
383,8,601,609,88.3,8
382,8,601,609,88.3,8
2558,7,602,609,88.3,7
3696,7,602,609,88.3,7
952,4,605,609,88.3,4
1385,8,602,610,88.3,8
4730,6,604,610,88.3,6
1986,6,605,611,88.3,6
3732,3,608,611,88.3,3
4013,2,609,611,88.3,2
808,6,606,612,88.3,6
4119,8,605,613,88.3,8
1416,6,607,613,88.3,6
2154,5,608,613,88.3,5
3912,5,609,614,88.3,5
3655,9,606,615,88.3,9
985,6,609,615,88.3,6
4116,9,607,616,88.3,9
4572,7,609,616,88.3,7
2805,7,609,616,88.3,7
4844,5,611,616,88.3,5
4833,4,612,616,88.3,4
2821,3,613,616,88.3,3
2094,7,610,617,88.3,7
4311,7,610,617,88.3,7
3722,6,611,617,88.3,6
2885,4,613,617,88.3,4
96,3,614,617,88.3,3
257,2,615,617,88.3,2
1071,1,616,617,88.3,1
898,7,611,618,88.3,7
1763,5,613,618,88.3,5
3494,2,616,618,88.3,2
1916,5,615,620,88.3,5
1626,4,616,620,88.3,4
1914,4,616,620,88.3,4
230,4,617,621,88.3,4
3667,4,617,621,88.3,4
4990,5,617,622,88.3,5
1361,4,618,622,88.3,4
1612,5,618,623,88.3,5
4300,5,618,623,88.3,5
2285,8,616,624,88.3,8
1548,7,617,624,88.3,7
2005,7,617,624,88.3,7
2112,4,620,624,88.3,4
1650,2,622,624,88.3,2
2251,1,623,624,88.3,1
4343,9,616,625,88.3,9
1293,8,617,625,88.3,8
2739,1,624,625,88.3,1
3769,9,617,626,88.3,9
858,2,624,626,88.3,2
1572,6,621,627,88.3,6
3310,6,621,627,88.3,6
1770,1,626,627,88.3,1
766,5,623,628,88.3,5
2422,4,624,628,88.3,4
2259,9,620,629,88.3,9
1853,9,620,629,88.3,9
3785,7,622,629,88.3,7
3840,4,625,629,88.3,4
1528,2,627,629,88.3,2
470,5,625,630,88.3,5
4382,4,626,630,88.3,4
2860,3,627,630,88.3,3
1030,7,624,631,88.3,7
3918,6,625,631,88.3,6
262,3,628,631,88.3,3
3300,8,624,632,88.3,8
2015,4,628,632,88.3,4
3588,9,624,633,88.3,9
4380,7,627,634,88.3,7
4006,3,631,634,88.3,3
3167,6,629,635,88.3,6
822,1,634,635,88.3,1
3579,7,629,636,88.3,7
1272,6,630,636,88.3,6
4273,8,629,637,88.3,8
695,7,630,637,88.3,7
2608,5,632,637,88.3,5
2932,9,629,638,88.3,9
4056,9,629,638,88.3,9
3532,2,636,638,88.3,2
853,9,630,639,88.3,9
3665,8,631,639,88.3,8
2983,7,632,639,88.3,7
2240,5,634,639,88.3,5
598,2,637,639,88.3,2
3317,9,631,640,88.3,9
1911,7,633,640,88.3,7
3354,6,635,641,88.3,6
203,4,637,641,88.3,4
4178,3,638,641,88.3,3
3155,7,635,642,88.3,7
4640,5,637,642,88.3,5
2207,4,639,643,88.3,4
1255,4,639,643,88.3,4
3109,3,640,643,88.3,3
1128,2,641,643,88.3,2
2506,8,636,644,88.3,8
3538,6,638,644,88.3,6
3275,3,641,644,88.3,3
1444,2,642,644,88.3,2
2980,1,643,644,88.3,1
3321,1,643,644,88.3,1
4905,7,638,645,88.3,7
65,7,639,646,88.3,7
2793,7,639,646,88.3,7
4778,3,643,646,88.3,3
3748,2,644,646,88.3,2
2752,2,644,646,88.3,2
2066,8,639,647,88.3,8
4974,6,641,647,88.3,6
2622,3,644,647,88.3,3
3821,3,644,647,88.3,3
1998,8,640,648,88.3,8
371,3,645,648,88.3,3
1508,7,642,649,88.3,7
2853,3,646,649,88.3,3
2126,6,644,650,88.3,6
4691,4,646,650,88.3,4
4949,7,644,651,88.3,7
1151,5,646,651,88.3,5
3482,3,648,651,88.3,3
3043,9,643,652,88.3,9
1667,5,647,652,88.3,5
3752,4,648,652,88.3,4
2984,1,651,652,88.3,1
2681,7,646,653,88.3,7
533,7,647,654,88.3,7
1661,9,646,655,88.3,9
4809,6,649,655,88.3,6
3669,4,651,655,88.3,4
4820,9,647,656,88.3,9
3358,9,647,656,88.3,9
3412,6,650,656,88.3,6
2743,3,653,656,88.3,3
3202,7,650,657,88.3,7
3168,2,655,657,88.3,2
4130,1,656,657,88.3,1
3733,9,649,658,88.3,9
1011,6,652,658,88.3,6
1549,6,652,658,88.3,6
4125,1,657,658,88.3,1
4276,8,651,659,88.3,8
1228,7,652,659,88.3,7
527,8,652,660,88.3,8
2140,6,654,660,88.3,6
1488,4,656,660,88.3,4
2471,2,658,660,88.3,2
4268,2,658,660,88.3,2
439,4,657,661,88.3,4
56,7,655,662,88.3,7
2629,7,655,662,88.3,7
3575,6,656,662,88.3,6
1195,6,656,662,88.3,6
4,4,658,662,88.3,4
2095,2,660,662,88.3,2
2028,1,662,663,88.3,1
1957,2,662,664,88.3,2
3697,2,662,664,88.3,2
3061,8,657,665,88.3,8
508,8,658,666,88.3,8
669,4,662,666,88.3,4
2120,8,659,667,88.3,8
591,7,660,667,88.3,7
4383,5,662,667,88.3,5
1198,5,662,667,88.3,5
1156,2,665,667,88.3,2
2659,9,659,668,88.3,9
3960,8,660,668,88.3,8
1704,8,660,668,88.3,8
2688,4,664,668,88.3,4
1326,2,666,668,88.3,2
1703,9,660,669,88.3,9
4322,9,661,670,88.3,9
582,7,663,670,88.3,7
3258,7,664,671,88.3,7
632,3,668,671,88.3,3
4460,5,667,672,88.3,5
913,3,669,672,88.3,3
1759,6,667,673,88.3,6
4731,6,667,673,88.3,6
721,5,668,673,88.3,5
938,8,666,674,88.3,8
4580,6,668,674,88.3,6
120,8,667,675,88.3,8
2927,7,668,675,88.3,7
47,9,667,676,88.3,9
2904,4,672,676,88.3,4
2844,3,673,676,88.3,3
2866,9,668,677,88.3,9
2355,7,670,677,88.3,7
3223,5,672,677,88.3,5
260,4,673,677,88.3,4
147,4,674,678,88.3,4
1692,1,677,678,88.3,1
1696,9,670,679,88.3,9
2395,8,671,679,88.3,8
71,8,671,679,88.3,8
3502,3,676,679,88.3,3
3282,7,673,680,88.3,7
848,5,675,680,88.3,5
765,4,676,680,88.3,4
3281,2,678,680,88.3,2
4885,1,679,680,88.3,1
3523,2,679,681,88.3,2
4148,6,676,682,88.3,6
972,5,677,682,88.3,5
1917,9,674,683,88.3,9
2407,8,675,683,88.3,8
36,7,677,684,88.3,7
376,4,680,684,88.3,4
4136,4,680,684,88.3,4
749,1,683,684,88.3,1
4708,5,680,685,88.3,5
2226,3,682,685,88.3,3
3327,9,677,686,88.3,9
4612,7,679,686,88.3,7
2486,9,678,687,88.3,9
2329,7,680,687,88.3,7
1539,6,681,687,88.3,6
4536,3,684,687,88.3,3
3159,9,679,688,88.3,9
4244,4,684,688,88.3,4
4972,3,685,688,88.3,3
3309,9,680,689,88.3,9
2280,7,682,689,88.3,7
3037,4,685,689,88.3,4
531,2,687,689,88.3,2
3064,2,687,689,88.3,2
4017,2,687,689,88.3,2
3250,8,683,691,88.3,8
962,7,684,691,88.3,7
2930,8,684,692,88.3,8
965,7,686,693,88.3,7
850,5,689,694,88.3,5
2749,9,686,695,88.3,9
428,8,687,695,88.3,8
4690,7,688,695,88.3,7
2425,8,688,696,88.3,8
3930,7,689,696,88.3,7
892,7,689,696,88.3,7
2680,5,691,696,88.3,5
1110,1,695,696,88.3,1
2981,9,688,697,88.3,9
3940,8,689,697,88.3,8
4328,6,691,697,88.3,6
2224,9,689,698,88.3,9
451,9,689,698,88.3,9
682,3,695,698,88.3,3
2721,2,696,698,88.3,2
4542,3,696,699,88.3,3
4406,1,698,699,88.3,1
4061,8,692,700,88.3,8
3339,3,697,700,88.3,3
2625,8,693,701,88.3,8
2272,7,695,702,88.3,7
4331,6,696,702,88.3,6
1248,4,698,702,88.3,4
1336,3,699,702,88.3,3
4196,2,700,702,88.3,2
127,9,694,703,88.3,9
270,3,700,703,88.3,3
3800,7,697,704,88.3,7
2781,2,702,704,88.3,2
4062,9,696,705,88.3,9
1610,9,696,705,88.3,9
1046,8,697,705,88.3,8
2381,3,702,705,88.3,3
1700,1,704,705,88.3,1
2297,8,698,706,88.3,8
3909,3,703,706,88.3,3
2736,9,698,707,88.3,9
4134,8,699,707,88.3,8
2568,5,702,707,88.3,5
2278,7,701,708,88.3,7
2570,3,705,708,88.3,3
635,1,707,708,88.3,1
2928,7,702,709,88.3,7
688,5,704,709,88.3,5
296,5,705,710,88.3,5
2463,4,706,710,88.3,4
443,2,708,710,88.3,2
395,9,702,711,88.3,9
1689,8,703,711,88.3,8
3777,6,705,711,88.3,6
2574,5,706,711,88.3,5
4381,4,707,711,88.3,4
676,5,707,712,88.3,5
62,8,705,713,88.3,8
3702,5,708,713,88.3,5
1134,9,705,714,88.3,9
13,5,709,714,88.3,5
2188,4,710,714,88.3,4
4147,1,713,714,88.3,1
4039,7,708,715,88.3,7
4839,2,713,715,88.3,2
4921,5,711,716,88.3,5
447,8,709,717,88.3,8
328,7,710,717,88.3,7
4359,6,711,717,88.3,6
3788,7,711,718,88.3,7
70,6,712,718,88.3,6
1712,4,714,718,88.3,4
4799,4,714,718,88.3,4
3794,1,717,718,88.3,1
4274,9,710,719,88.3,9
3887,8,711,719,88.3,8
290,4,715,719,88.3,4
3678,3,716,719,88.3,3
2795,2,717,719,88.3,2
1016,9,711,720,88.3,9
3730,1,719,720,88.3,1
3227,7,714,721,88.3,7
4043,1,720,721,88.3,1
1940,7,715,722,88.3,7
1503,9,714,723,88.3,9
167,5,718,723,88.3,5
2832,6,718,724,88.3,6
2499,5,719,724,88.3,5
1107,3,721,724,88.3,3
4303,7,718,725,88.3,7
259,6,719,725,88.3,6
2850,3,722,725,88.3,3
4127,2,723,725,88.3,2
557,9,717,726,88.3,9
2135,8,718,726,88.3,8
1720,2,724,726,88.3,2
2633,9,718,727,88.3,9
325,8,719,727,88.3,8
4995,3,724,727,88.3,3
1430,2,725,727,88.3,2
3442,1,726,727,88.3,1
3184,9,719,728,88.3,9
79,7,721,728,88.3,7
4301,3,725,728,88.3,3
2427,1,727,728,88.3,1
1583,9,720,729,88.3,9
3790,3,726,729,88.3,3
1001,2,727,729,88.3,2
2516,7,723,730,88.3,7
3639,4,726,730,88.3,4
3090,6,725,731,88.3,6
4245,4,727,731,88.3,4
4530,4,727,731,88.3,4
1737,7,725,732,88.3,7
1584,3,729,732,88.3,3
299,9,724,733,88.3,9
3772,6,727,733,88.3,6
2131,5,728,733,88.3,5
4073,4,729,733,88.3,4
1311,2,731,733,88.3,2
3493,1,733,734,88.3,1
2443,7,728,735,88.3,7
2428,7,728,735,88.3,7
4744,4,731,735,88.3,4
1207,8,728,736,88.3,8
3295,5,731,736,88.3,5
3120,4,732,736,88.3,4
1789,7,730,737,88.3,7
1165,2,735,737,88.3,2
1421,1,736,737,88.3,1
461,9,729,738,88.3,9
2236,5,733,738,88.3,5
3486,9,730,739,88.3,9
2215,8,732,740,88.3,8
2057,7,733,740,88.3,7
4222,6,734,740,88.3,6
292,3,737,740,88.3,3
374,2,738,740,88.3,2
3615,5,736,741,88.3,5
1000,3,738,741,88.3,3
4409,1,740,741,88.3,1
2205,9,733,742,88.3,9
244,9,733,742,88.3,9
334,7,735,742,88.3,7
3899,7,735,742,88.3,7
4567,5,737,742,88.3,5
2353,3,739,742,88.3,3
877,7,736,743,88.3,7
350,3,740,743,88.3,3
2089,2,742,744,88.3,2
4444,5,740,745,88.3,5
2737,3,742,745,88.3,3
885,9,737,746,88.3,9
737,4,742,746,88.3,4
2527,8,740,748,88.3,8
4860,7,741,748,88.3,7
3206,9,740,749,88.3,9
1814,8,741,749,88.3,8
3945,8,741,749,88.3,8
1439,7,742,749,88.3,7
1620,6,743,749,88.3,6
2902,5,744,749,88.3,5
101,4,745,749,88.3,4
1741,8,742,750,88.3,8
2437,8,742,750,88.3,8
934,7,743,750,88.3,7
4868,4,746,750,88.3,4
4988,2,748,750,88.3,2
3977,1,749,750,88.3,1
2255,2,749,751,88.3,2
4251,2,750,752,88.3,2
1100,2,750,752,88.3,2
1370,9,745,754,88.3,9
3741,8,746,754,88.3,8
3232,3,751,754,88.3,3
587,5,750,755,88.3,5
1274,8,748,756,88.3,8
1384,7,749,756,88.3,7
3094,7,749,756,88.3,7
2121,7,749,756,88.3,7
4861,7,749,756,88.3,7
4049,6,750,756,88.3,6
95,6,750,756,88.3,6
3218,2,754,756,88.3,2
2897,2,754,756,88.3,2
3837,5,752,757,88.3,5
3053,5,752,757,88.3,5
3716,2,755,757,88.3,2
2560,9,749,758,88.3,9
1962,8,750,758,88.3,8
1378,2,756,758,88.3,2
3127,2,756,758,88.3,2
1713,5,754,759,88.3,5
1399,3,756,759,88.3,3
3998,1,758,759,88.3,1
26,4,756,760,88.3,4
2370,4,756,760,88.3,4
4611,5,756,761,88.3,5
158,5,756,761,88.3,5
2382,6,756,762,88.3,6
4727,5,757,762,88.3,5
2704,5,757,762,88.3,5
3707,4,759,763,88.3,4
3761,2,761,763,88.3,2
3585,1,762,763,88.3,1
280,8,756,764,88.3,8
2511,7,757,764,88.3,7
549,6,758,764,88.3,6
4053,1,763,764,88.3,1
3783,1,763,764,88.3,1
2257,7,758,765,88.3,7
1886,6,759,765,88.3,6
3304,6,759,765,88.3,6
2313,1,764,765,88.3,1
2369,1,764,765,88.3,1
4623,6,760,766,88.3,6
4155,4,762,766,88.3,4
597,2,764,766,88.3,2
4067,9,758,767,88.3,9
3694,2,765,767,88.3,2
1903,1,766,767,88.3,1
3466,1,766,767,88.3,1
3683,8,760,768,88.3,8
3274,7,761,768,88.3,7
925,6,763,769,88.3,6
815,5,764,769,88.3,5
1390,2,767,769,88.3,2
2064,1,769,770,88.3,1
4841,9,762,771,88.3,9
1909,6,765,771,88.3,6
1398,5,766,771,88.3,5
1275,2,769,771,88.3,2
2105,9,764,773,88.3,9
3211,8,765,773,88.3,8
3425,8,765,773,88.3,8
995,6,767,773,88.3,6
2495,5,768,773,88.3,5
893,4,769,773,88.3,4
1946,9,765,774,88.3,9
2031,1,773,774,88.3,1
178,1,773,774,88.3,1
568,1,773,774,88.3,1
3308,8,767,775,88.3,8
1168,7,768,775,88.3,7
2965,9,767,776,88.3,9
1956,6,770,776,88.3,6
1820,5,771,776,88.3,5
434,5,771,776,88.3,5
572,3,773,776,88.3,3
1936,6,771,777,88.3,6
1123,4,773,777,88.3,4
2155,1,777,778,88.3,1
4421,8,771,779,88.3,8
3455,5,774,779,88.3,5
585,7,773,780,88.3,7
1618,6,774,780,88.3,6
3285,6,774,780,88.3,6
1864,5,775,780,88.3,5
3397,4,776,780,88.3,4
4199,4,776,780,88.3,4
2175,4,777,781,88.3,4
3255,1,780,781,88.3,1
4315,1,780,781,88.3,1
991,6,776,782,88.3,6
4023,2,780,782,88.3,2
4936,9,774,783,88.3,9
1961,2,781,783,88.3,2
2518,9,775,784,88.3,9
3330,8,776,784,88.3,8
4398,8,776,784,88.3,8
3018,4,780,784,88.3,4
4901,1,784,785,88.3,1
3950,8,778,786,88.3,8
3182,6,780,786,88.3,6
4027,3,783,786,88.3,3
2572,8,779,787,88.3,8
755,9,779,788,88.3,9
2076,6,782,788,88.3,6
1955,2,786,788,88.3,2
2477,9,780,789,88.3,9
1040,8,781,789,88.3,8
1928,3,786,789,88.3,3
4032,3,786,789,88.3,3
1966,9,781,790,88.3,9
153,8,782,790,88.3,8
906,6,784,790,88.3,6
4775,1,789,790,88.3,1
3042,9,783,792,88.3,9
2296,8,784,792,88.3,8
4213,8,784,792,88.3,8
485,5,787,792,88.3,5
2314,3,789,792,88.3,3
4683,2,790,792,88.3,2
3406,5,788,793,88.3,5
448,9,785,794,88.3,9
213,5,789,794,88.3,5
1604,2,792,794,88.3,2
520,7,788,795,88.3,7
2909,7,788,795,88.3,7
205,5,790,795,88.3,5
4175,3,792,795,88.3,3
4980,2,793,795,88.3,2
926,7,789,796,88.3,7
3581,6,790,796,88.3,6
3314,6,790,796,88.3,6
38,4,792,796,88.3,4
2178,4,792,796,88.3,4
3040,1,795,796,88.3,1
3725,6,792,798,88.3,6
1264,4,794,798,88.3,4
482,7,792,799,88.3,7
2966,3,796,799,88.3,3
3439,3,796,799,88.3,3
4118,3,796,799,88.3,3
1852,5,795,800,88.3,5
111,5,795,800,88.3,5
116,2,798,800,88.3,2
3827,2,798,800,88.3,2
4920,1,799,800,88.3,1
970,5,796,801,88.3,5
1570,8,794,802,88.3,8
130,7,795,802,88.3,7
4427,7,795,802,88.3,7
865,9,794,803,88.3,9
4570,3,800,803,88.3,3
128,4,800,804,88.3,4
2442,2,802,804,88.3,2
777,1,803,804,88.3,1
4625,9,796,805,88.3,9
2274,9,796,805,88.3,9
3491,6,799,805,88.3,6
4797,6,799,805,88.3,6
868,1,804,805,88.3,1
4634,4,802,806,88.3,4
3968,1,805,806,88.3,1
1764,8,799,807,88.3,8
1210,7,800,807,88.3,7
900,7,800,807,88.3,7
320,3,804,807,88.3,3
3886,7,801,808,88.3,7
3476,9,800,809,88.3,9
4207,2,807,809,88.3,2
4982,8,802,810,88.3,8
1188,5,805,810,88.3,5
824,5,805,810,88.3,5
4459,8,803,811,88.3,8
2461,7,804,811,88.3,7
2548,5,806,811,88.3,5
239,2,809,811,88.3,2
3338,7,805,812,88.3,7
92,5,807,812,88.3,5
33,4,808,812,88.3,4
4801,1,811,812,88.3,1
2011,3,810,813,88.3,3
469,9,805,814,88.3,9
4457,8,806,814,88.3,8
4925,5,809,814,88.3,5
1738,8,807,815,88.3,8
2421,3,812,815,88.3,3
798,2,813,815,88.3,2
2284,9,807,816,88.3,9
4814,5,811,816,88.3,5
4255,5,812,817,88.3,5
1953,5,812,817,88.3,5
143,8,810,818,88.3,8
1562,4,814,818,88.3,4
3457,9,810,819,88.3,9
284,8,811,819,88.3,8
4233,8,811,819,88.3,8
3611,1,818,819,88.3,1
1810,4,816,820,88.3,4
10,3,817,820,88.3,3
3221,9,812,821,88.3,9
4259,3,818,821,88.3,3
2591,2,819,821,88.3,2
1089,8,814,822,88.3,8
4558,7,815,822,88.3,7
390,7,815,822,88.3,7
712,7,815,822,88.3,7
947,9,814,823,88.3,9
1397,1,822,823,88.3,1
4821,7,817,824,88.3,7
921,9,816,825,88.3,9
3995,6,819,825,88.3,6
1478,3,822,825,88.3,3
1400,7,819,826,88.3,7
1898,7,819,826,88.3,7
139,1,825,826,88.3,1
4776,7,820,827,88.3,7
528,7,820,827,88.3,7
4038,6,821,827,88.3,6
340,6,821,827,88.3,6
2880,6,821,827,88.3,6
3382,5,822,827,88.3,5
3833,5,823,828,88.3,5
1798,3,826,829,88.3,3
1005,2,827,829,88.3,2
4040,6,824,830,88.3,6
223,5,825,830,88.3,5
2302,9,822,831,88.3,9
1830,8,823,831,88.3,8
4668,6,825,831,88.3,6
3277,4,827,831,88.3,4
1600,3,828,831,88.3,3
929,2,830,832,88.3,2
4614,6,827,833,88.3,6
408,6,827,833,88.3,6
1526,8,826,834,88.3,8
4354,7,827,834,88.3,7
641,7,827,834,88.3,7
457,5,829,834,88.3,5
3881,3,831,834,88.3,3
1380,1,833,834,88.3,1
2642,9,826,835,88.3,9
3329,4,831,835,88.3,4
3430,2,833,835,88.3,2
696,1,834,835,88.3,1
2783,8,829,837,88.3,8
3387,6,831,837,88.3,6
3825,3,834,837,88.3,3
3959,2,835,837,88.3,2
3478,8,830,838,88.3,8
4319,7,831,838,88.3,7
1896,4,834,838,88.3,4
1144,4,834,838,88.3,4
1724,7,832,839,88.3,7
2347,4,835,839,88.3,4
4455,9,831,840,88.3,9
3390,2,838,840,88.3,2
180,7,834,841,88.3,7
1342,6,835,841,88.3,6
1099,4,837,841,88.3,4
1449,4,837,841,88.3,4
1721,3,838,841,88.3,3
889,3,838,841,88.3,3
1990,2,839,841,88.3,2
1576,8,834,842,88.3,8
3356,7,835,842,88.3,7
467,5,837,842,88.3,5
1608,4,839,843,88.3,4
4226,1,842,843,88.3,1
1996,3,841,844,88.3,3
3537,1,843,844,88.3,1
924,7,838,845,88.3,7
4886,5,840,845,88.3,5
2649,4,841,845,88.3,4
1211,9,837,846,88.3,9
3645,6,840,846,88.3,6
3927,5,841,846,88.3,5
3831,4,842,846,88.3,4
1614,1,845,846,88.3,1
4387,1,846,847,88.3,1
872,4,844,848,88.3,4
4746,3,845,848,88.3,3
1709,2,846,848,88.3,2
4812,2,846,848,88.3,2
7,8,841,849,88.3,8
4262,8,841,849,88.3,8
713,1,848,849,88.3,1
2816,9,841,850,88.3,9
3919,9,841,850,88.3,9
4525,6,844,850,88.3,6
2223,2,848,850,88.3,2
3174,9,842,851,88.3,9
1683,1,850,851,88.3,1
2282,9,843,852,88.3,9
3261,4,848,852,88.3,4
2147,4,848,852,88.3,4
43,3,849,852,88.3,3
1484,6,847,853,88.3,6
3928,3,850,853,88.3,3
3407,9,845,854,88.3,9
1934,8,846,854,88.3,8
3176,8,846,854,88.3,8
2441,4,850,854,88.3,4
271,3,851,854,88.3,3
1575,2,853,855,88.3,2
1155,1,854,855,88.3,1
4390,3,853,856,88.3,3
2485,8,849,857,88.3,8
759,6,851,857,88.3,6
2460,5,852,857,88.3,5
3456,5,852,857,88.3,5
621,3,854,857,88.3,3
519,9,849,858,88.3,9
1220,8,850,858,88.3,8
4356,4,854,858,88.3,4
4353,4,854,858,88.3,4
2656,2,856,858,88.3,2
2540,7,852,859,88.3,7
1141,5,855,860,88.3,5
916,2,858,860,88.3,2
630,9,852,861,88.3,9
3557,4,857,861,88.3,4
588,3,858,861,88.3,3
225,8,854,862,88.3,8
3480,5,857,862,88.3,5
1407,6,857,863,88.3,6
492,9,855,864,88.3,9
2791,6,858,864,88.3,6
1670,2,862,864,88.3,2
3241,1,863,864,88.3,1
2183,8,857,865,88.3,8
1883,8,857,865,88.3,8
997,4,861,865,88.3,4
2101,3,862,865,88.3,3
4676,8,858,866,88.3,8
3384,6,860,866,88.3,6
2664,2,864,866,88.3,2
2655,2,864,866,88.3,2
2384,9,858,867,88.3,9
4005,8,859,867,88.3,8
3782,6,861,867,88.3,6
697,1,866,867,88.3,1
115,1,866,867,88.3,1
4590,1,866,867,88.3,1
313,8,860,868,88.3,8
739,4,864,868,88.3,4
775,3,865,868,88.3,3
1656,1,867,868,88.3,1
4889,8,861,869,88.3,8
586,4,865,869,88.3,4
4287,2,867,869,88.3,2
3633,2,867,869,88.3,2
1020,1,868,869,88.3,1
2039,5,865,870,88.3,5
1702,3,867,870,88.3,3
4167,2,868,870,88.3,2
1783,2,869,871,88.3,2
4928,2,869,871,88.3,2
506,9,864,873,88.3,9
1268,7,866,873,88.3,7
1535,6,867,873,88.3,6
226,5,868,873,88.3,5
136,9,865,874,88.3,9
2722,7,867,874,88.3,7
1189,5,869,874,88.3,5
131,5,869,874,88.3,5
3565,1,873,874,88.3,1
3853,1,873,874,88.3,1
2896,7,868,875,88.3,7
1209,6,869,875,88.3,6
1234,4,871,875,88.3,4
2146,4,871,875,88.3,4
3723,6,870,876,88.3,6
1360,3,873,876,88.3,3
1676,1,875,876,88.3,1
450,7,870,877,88.3,7
1675,7,870,877,88.3,7
3935,3,874,877,88.2,3
504,5,873,878,88.2,5
943,4,874,878,88.2,4
2822,2,876,878,88.2,2
628,1,877,878,88.2,1
1732,1,878,879,88.2,1
4523,6,874,880,88.2,6
401,6,874,880,88.2,6
2647,4,876,880,88.2,4
3148,7,874,881,88.2,7
190,6,875,881,88.2,6
4945,4,877,881,88.2,4
4894,3,878,881,88.2,3
3866,1,880,881,88.2,1
4214,8,874,882,88.2,8
1106,7,875,882,88.2,7
1306,7,875,882,88.2,7
4104,4,878,882,88.2,4
2996,2,880,882,88.2,2
2770,6,877,883,88.2,6
400,2,881,883,88.2,2
4924,1,882,883,88.2,1
4715,1,883,884,88.2,1
917,9,876,885,88.2,9
2894,7,878,885,88.2,7
3249,5,880,885,88.2,5
4078,4,881,885,88.2,4
4610,2,883,885,88.2,2
3596,2,884,886,88.2,2
3421,1,885,886,88.3,1
2043,6,881,887,88.3,6
839,6,881,887,88.3,6
3605,6,881,887,88.3,6
754,5,882,887,88.3,5
1803,2,885,887,88.3,2
517,9,879,888,88.3,9
4822,7,882,889,88.3,7
3483,7,882,889,88.3,7
1075,6,883,889,88.3,6
398,2,887,889,88.3,2
922,8,882,890,88.3,8
3619,1,889,890,88.3,1
3598,4,887,891,88.3,4
2697,6,886,892,88.3,6
3747,6,887,893,88.3,6
2455,4,889,893,88.3,4
1396,1,892,893,88.3,1
2058,9,885,894,88.3,9
4502,9,885,894,88.3,9
4556,9,885,894,88.3,9
4168,8,886,894,88.3,8
609,7,887,894,88.3,7
2378,5,889,894,88.3,5
974,5,889,894,88.3,5
2332,1,893,894,88.3,1
4302,5,890,895,88.3,5
2260,1,894,895,88.3,1
2445,9,887,896,88.3,9
3574,8,888,896,88.3,8
4054,2,894,896,88.3,2
2160,3,895,898,88.3,3
3263,2,896,898,88.3,2
3239,9,890,899,88.3,9
1655,8,891,899,88.3,8
3302,6,893,899,88.3,6
2609,5,894,899,88.3,5
3242,3,896,899,88.3,3
3409,6,894,900,88.3,6
2601,6,894,900,88.3,6
1146,4,896,900,88.3,4
665,1,899,900,88.3,1
670,8,893,901,88.3,8
4131,7,894,901,88.3,7
2350,9,894,903,88.3,9
1389,9,894,903,88.3,9
478,8,895,903,88.3,8
1513,3,900,903,88.3,3
3100,3,900,903,88.3,3
878,2,901,903,88.3,2
2191,6,898,904,88.3,6
653,5,899,904,88.3,5
4400,4,900,904,88.3,4
1505,6,899,905,88.3,6
4790,2,903,905,88.3,2
1907,2,903,905,88.3,2
3343,9,898,907,88.3,9
4848,8,899,907,88.3,8
2072,7,900,907,88.3,7
1920,4,903,907,88.3,4
3005,9,899,908,88.3,9
3553,5,903,908,88.3,5
1860,4,904,908,88.3,4
2016,1,907,908,88.3,1
2484,8,901,909,88.3,8
1849,6,903,909,88.3,6
1427,6,903,909,88.3,6
4140,4,905,909,88.3,4
4613,1,908,909,88.3,1
4257,2,908,910,88.3,2
4385,3,908,911,88.3,3
2333,8,904,912,88.3,8
3556,5,907,912,88.3,5
1746,9,904,913,88.3,9
4450,8,905,913,88.3,8
4953,5,908,913,88.3,5
1033,4,909,913,88.3,4
199,9,905,914,88.3,9
2374,7,907,914,88.3,7
1170,5,909,914,88.3,5
3179,5,909,914,88.3,5
4599,5,909,914,88.3,5
1585,5,910,915,88.3,5
4845,1,914,915,88.3,1
978,9,907,916,88.3,9
473,2,914,916,88.3,2
4090,5,912,917,88.3,5
4879,5,912,917,88.3,5
2587,4,913,917,88.3,4
28,4,913,917,88.3,4
3682,3,914,917,88.3,3
4553,9,909,918,88.3,9
3243,7,911,918,88.3,7
2613,3,916,919,88.3,3
4987,2,917,919,88.3,2
141,7,913,920,88.3,7
3976,6,914,920,88.3,6
3679,8,913,921,88.3,8
1899,6,915,921,88.3,6
1536,5,916,921,88.3,5
4156,3,918,921,88.3,3
1663,8,914,922,88.3,8
678,5,917,922,88.3,5
312,8,915,923,88.3,8
1265,6,917,923,88.3,6
4944,4,919,923,88.3,4
619,7,917,924,88.3,7
415,7,917,924,88.3,7
150,8,918,926,88.3,8
3205,5,921,926,88.3,5
4069,5,921,926,88.3,5
4097,4,922,926,88.3,4
3914,4,922,926,88.3,4
584,7,920,927,88.3,7
4036,6,921,927,88.3,6
2974,4,923,927,88.3,4
2109,3,924,927,88.3,3
767,9,919,928,88.3,9
2462,8,920,928,88.3,8
3671,7,921,928,88.3,7
1715,5,923,928,88.3,5
3012,7,923,930,88.3,7
4418,4,926,930,88.3,4
1095,4,926,930,88.3,4
3107,3,927,930,88.3,3
3233,3,927,930,88.3,3
828,2,928,930,88.3,2
2513,5,926,931,88.3,5
1372,5,926,931,88.3,5
2002,3,928,931,88.3,3
3265,1,930,931,88.3,1
3126,8,924,932,88.3,8
3151,5,927,932,88.3,5
4862,4,928,932,88.3,4
2246,2,930,932,88.3,2
3548,1,931,932,88.3,1
2669,8,926,934,88.3,8
1802,4,930,934,88.3,4
3664,4,930,934,88.3,4
3192,3,931,934,88.3,3
4128,7,928,935,88.3,7
392,5,930,935,88.3,5
2354,4,931,935,88.3,4
208,3,932,935,88.3,3
2776,9,927,936,88.3,9
2520,6,930,936,88.3,6
3766,4,932,936,88.3,4
1876,4,932,936,88.3,4
2268,6,931,937,88.3,6
686,1,936,937,88.3,1
2808,3,935,938,88.3,3
171,8,932,940,88.3,8
1038,8,932,940,88.3,8
349,6,934,940,88.3,6
849,5,935,940,88.3,5
2687,4,936,940,88.3,4
1325,7,934,941,88.3,7
674,5,936,941,88.3,5
2630,3,938,941,88.3,3
1276,1,940,941,88.3,1
738,8,934,942,88.3,8
3212,7,935,942,88.3,7
940,7,935,942,88.3,7
2665,2,940,942,88.3,2
1745,1,941,942,88.3,1
4152,9,934,943,88.3,9
3231,3,940,943,88.3,3
4813,1,942,943,88.3,1
3738,8,936,944,88.3,8
3189,7,937,944,88.3,7
4334,4,940,944,88.3,4
2935,3,942,945,88.3,3
1345,1,944,945,88.3,1
219,1,944,945,88.3,1
477,9,937,946,88.3,9
4762,5,941,946,88.3,5
4205,4,942,946,88.3,4
413,6,941,947,88.3,6
1866,6,941,947,88.3,6
2113,2,945,947,88.3,2
4983,1,946,947,88.3,1
3594,2,946,948,88.3,2
2397,9,940,949,88.3,9
536,2,947,949,88.3,2
4629,8,942,950,88.3,8
1277,8,942,950,88.3,8
852,7,943,950,88.3,7
3768,7,943,950,88.3,7
4859,6,944,950,88.3,6
4051,5,945,950,88.3,5
4673,4,946,950,88.3,4
2718,2,948,950,88.3,2
2361,4,947,951,88.3,4
1059,1,950,951,88.3,1
4050,9,943,952,88.3,9
899,5,947,952,88.3,5
4939,2,950,952,88.3,2
1677,2,950,952,88.3,2
2161,1,951,952,88.3,1
4994,8,945,953,88.3,8
1489,3,950,953,88.3,3
108,7,947,954,88.3,7
685,6,949,955,88.3,6
2768,5,950,955,88.3,5
3650,3,952,955,88.3,3
182,5,951,956,88.3,5
2533,1,955,956,88.3,1
3520,8,949,957,88.3,8
235,7,950,957,88.3,7
4462,7,950,957,88.3,7
3465,5,952,957,88.3,5
4000,5,952,957,88.3,5
4760,3,954,957,88.3,3
4935,8,950,958,88.3,8
4467,5,953,958,88.3,5
3335,5,953,958,88.3,5
2276,2,956,958,88.3,2
1301,7,952,959,88.3,7
1201,8,952,960,88.3,8
3473,5,955,960,88.3,5
3193,3,957,960,88.3,3
30,4,957,961,88.3,4
210,9,955,964,88.3,9
2077,8,956,964,88.3,8
3762,7,957,964,88.3,7
1135,5,959,964,88.3,5
3301,3,961,964,88.3,3
3328,8,957,965,88.3,8
4941,7,958,965,88.3,7
2597,5,960,965,88.2,5
3245,9,957,966,88.2,9
4011,9,957,966,88.2,9
3606,1,965,966,88.2,1
4247,9,958,967,88.2,9
3844,9,958,967,88.2,9
3693,9,958,967,88.2,9
3996,7,960,967,88.2,7
3357,8,960,968,88.2,8
1458,1,967,968,88.2,1
1221,5,964,969,88.2,5
4445,6,964,970,88.2,6
2716,4,966,970,88.2,4
3121,3,967,970,88.2,3
3835,7,964,971,88.2,7
2918,7,964,971,88.2,7
4837,5,966,971,88.3,5
1935,4,967,971,88.3,4
3712,2,970,972,88.3,2
191,9,964,973,88.3,9
980,7,966,973,88.3,7
1725,2,971,973,88.3,2
1977,9,965,974,88.3,9
3460,9,965,974,88.3,9
545,7,967,974,88.3,7
4584,6,968,974,88.3,6
3971,5,970,975,88.3,5
4585,8,968,976,88.3,8
3361,6,970,976,88.3,6
3378,3,973,976,88.3,3
1462,8,969,977,88.3,8
1591,4,973,977,88.3,4
783,3,974,977,88.3,3
1249,1,976,977,88.3,1
4563,7,971,978,88.3,7
821,4,974,978,88.3,4
608,4,974,978,88.3,4
1747,1,977,978,88.3,1
3150,9,971,980,88.3,9
4320,9,971,980,88.3,9
953,8,972,980,88.3,8
2806,6,974,980,88.3,6
2197,3,978,981,88.3,3
4212,9,973,982,88.3,9
920,7,975,982,88.3,7
1199,5,977,982,88.3,5
4412,4,978,982,88.3,4
4510,1,981,982,88.3,1
1477,7,976,983,88.3,7
1613,6,977,983,88.3,6
4577,5,978,983,88.3,5
4312,3,980,983,88.3,3
648,1,982,983,88.3,1
1278,8,976,984,88.3,8
411,7,977,984,88.3,7
2672,2,982,984,88.3,2
3144,1,983,984,88.3,1
2239,3,982,985,88.3,3
2130,1,984,985,88.3,1
437,6,980,986,88.3,6
429,9,978,987,88.3,9
4940,7,980,987,88.3,7
1687,7,980,987,88.3,7
1090,6,982,988,88.3,6
2727,6,982,988,88.3,6
1799,5,983,988,88.3,5
1445,6,983,989,88.3,6
1069,6,983,989,88.3,6
2294,6,984,990,88.3,6
4249,2,988,990,88.3,2
2337,1,989,990,88.3,1
1247,3,988,991,88.3,3
744,9,983,992,88.3,9
4827,8,984,992,88.3,8
54,9,984,993,88.3,9
2167,6,987,993,88.3,6
4057,6,987,993,88.3,6
3000,9,985,994,88.3,9
4299,9,985,994,88.3,9
2636,8,986,994,88.3,8
4082,7,987,994,88.3,7
4266,6,988,994,88.3,6
3054,4,990,994,88.3,4
793,1,993,994,88.3,1
3139,6,989,995,88.3,6
4304,3,992,995,88.3,3
4863,1,994,995,88.3,1
3862,1,994,995,88.3,1
1735,6,990,996,88.3,6
3566,5,991,996,88.3,5
2277,2,994,996,88.3,2
1512,7,990,997,88.3,7
4250,2,995,997,88.3,2
3377,2,995,997,88.3,2
1980,3,997,1000,88.3,3
832,9,992,1001,88.3,9
4769,8,993,1001,88.3,8
414,8,993,1001,88.3,8
2525,7,994,1001,88.3,7
1588,7,994,1001,88.3,7
1346,4,997,1001,88.3,4
603,7,995,1002,88.3,7
4366,6,996,1002,88.3,6
2946,9,994,1003,88.3,9
1250,9,994,1003,88.3,9
623,7,996,1003,88.3,7
4089,9,995,1004,88.3,9
566,8,996,1004,88.3,8
3092,3,1001,1004,88.3,3
2143,5,1000,1005,88.3,5
1238,3,1002,1005,88.3,3
3878,9,997,1006,88.3,9
1754,5,1001,1006,88.3,5
2392,5,1001,1006,88.3,5
3115,3,1003,1006,88.2,3
2405,6,1001,1007,88.2,6
2179,5,1002,1007,88.2,5
2321,2,1005,1007,88.2,2
3427,1,1006,1007,88.2,1
3278,7,1001,1008,88.2,7
4973,5,1003,1008,88.2,5
4093,4,1004,1008,88.2,4
1544,8,1001,1009,88.2,8
4687,4,1005,1009,88.2,4
4771,3,1006,1009,88.2,3
3560,1,1008,1009,88.2,1
424,6,1004,1010,88.2,6
3778,4,1006,1010,88.2,4
862,3,1007,1010,88.2,3
4824,3,1007,1010,88.2,3
74,1,1009,1010,88.2,1
4588,4,1007,1011,88.2,4
3808,3,1008,1011,88.2,3
4706,1,1010,1011,88.2,1
4926,9,1003,1012,88.2,9
894,3,1009,1012,88.2,3
164,9,1004,1013,88.2,9
3348,3,1010,1013,88.2,3
4483,8,1006,1014,88.2,8
971,8,1007,1015,88.2,8
3408,6,1009,1015,88.2,6
363,5,1010,1015,88.2,5
3869,2,1013,1015,88.2,2
2169,1,1014,1015,88.2,1
3141,4,1012,1016,88.2,4
4293,3,1013,1016,88.2,3
1425,9,1008,1017,88.2,9
1175,7,1010,1017,88.2,7
1981,6,1011,1017,88.2,6
1406,2,1015,1017,88.2,2
1800,9,1009,1018,88.2,9
2494,3,1015,1018,88.2,3
4508,9,1010,1019,88.2,9
3388,8,1011,1019,88.2,8
1665,2,1017,1019,88.2,2
2266,9,1011,1020,88.2,9
1845,8,1012,1020,88.2,8
624,5,1015,1020,88.2,5
4784,3,1017,1020,88.2,3
3185,2,1019,1021,88.2,2
3247,1,1020,1021,88.2,1
348,7,1015,1022,88.2,7
724,6,1016,1022,88.2,6
1417,4,1018,1022,88.2,4
2765,6,1017,1023,88.2,6
1242,9,1015,1024,88.2,9
2514,8,1016,1024,88.2,8
907,3,1021,1024,88.2,3
2053,3,1021,1024,88.2,3
1044,8,1017,1025,88.2,8
267,6,1019,1025,88.2,6
3052,6,1019,1025,88.2,6
2592,9,1018,1027,88.2,9
2279,7,1020,1027,88.2,7
2612,7,1020,1027,88.2,7
3014,7,1020,1027,88.2,7
3724,6,1022,1028,88.2,6
3319,6,1022,1028,88.2,6
736,7,1022,1029,88.2,7
1460,5,1024,1029,88.2,5
1149,6,1024,1030,88.2,6
1008,7,1024,1031,88.2,7
3291,6,1025,1031,88.2,6
2467,1,1030,1031,88.2,1
1590,9,1023,1032,88.2,9
2241,1,1031,1032,88.2,1
4072,9,1024,1033,88.2,9
1173,8,1025,1033,88.2,8
3440,8,1025,1033,88.2,8
2764,4,1029,1033,88.2,4
3851,7,1027,1034,88.2,7
186,7,1027,1034,88.2,7
1843,5,1029,1034,88.2,5
1077,3,1031,1034,88.2,3
3058,3,1031,1034,88.2,3
4388,8,1027,1035,88.2,8
2801,3,1032,1035,88.2,3
1096,9,1027,1036,88.2,9
3226,3,1033,1036,88.2,3
4237,2,1034,1036,88.2,2
4758,2,1034,1036,88.2,2
4826,9,1028,1037,88.2,9
3882,9,1028,1037,88.2,9
1787,5,1032,1037,88.2,5
4686,2,1035,1037,88.2,2
4838,5,1033,1038,88.2,5
2429,4,1034,1038,88.2,4
3793,3,1035,1038,88.2,3
4596,1,1038,1039,88.2,1
3668,1,1038,1039,88.2,1
4430,6,1034,1040,88.2,6
4241,3,1037,1040,88.2,3
2271,8,1033,1041,88.2,8
1499,4,1037,1041,88.2,4
1273,9,1033,1042,88.2,9
1240,8,1034,1042,88.2,8
4722,6,1036,1042,88.2,6
17,5,1037,1042,88.2,5
4414,7,1036,1043,88.2,7
4693,7,1036,1043,88.2,7
1457,8,1036,1044,88.2,8
3743,7,1037,1044,88.2,7
1991,5,1039,1044,88.2,5
4836,7,1038,1045,88.2,7
3269,5,1040,1045,88.2,5
3071,3,1042,1045,88.2,3
4903,2,1043,1045,88.2,2
3640,7,1039,1046,88.2,7
1377,7,1040,1047,88.2,7
216,2,1045,1047,88.2,2
3420,2,1045,1047,88.2,2
1258,6,1042,1048,88.2,6
2515,4,1044,1048,88.2,4
1453,3,1045,1048,88.2,3
3944,6,1043,1049,88.2,6
910,3,1046,1049,88.2,3
4765,2,1047,1049,88.2,2
1919,9,1041,1050,88.2,9
3186,9,1041,1050,88.2,9
4121,8,1042,1050,88.2,8
1431,6,1044,1050,88.2,6
3577,3,1047,1050,88.2,3
237,1,1049,1050,88.2,1
1603,1,1049,1050,88.2,1
1566,9,1042,1051,88.2,9
4639,7,1044,1051,88.2,7
453,3,1048,1051,88.2,3
1777,1,1050,1051,88.2,1
2138,1,1050,1051,88.2,1
77,1,1050,1051,88.2,1
98,1,1051,1052,88.2,1
911,1,1051,1052,88.3,1
4458,8,1045,1053,88.3,8
2244,6,1048,1054,88.3,6
4725,3,1051,1054,88.3,3
867,6,1049,1055,88.3,6
4224,5,1050,1055,88.3,5
652,4,1051,1055,88.3,4
3331,1,1054,1055,88.3,1
510,9,1047,1056,88.3,9
3365,6,1050,1056,88.3,6
1599,9,1048,1057,88.3,9
2789,5,1052,1057,88.3,5
3506,2,1055,1057,88.3,2
2564,2,1055,1057,88.3,2
733,1,1056,1057,88.3,1
1500,7,1051,1058,88.3,7
2176,1,1057,1058,88.3,1
559,9,1050,1059,88.3,9
2213,9,1050,1059,88.3,9
753,8,1051,1059,88.3,8
4858,1,1058,1059,88.3,1
4496,6,1054,1060,88.3,6
1707,5,1055,1060,88.3,5
3593,9,1052,1061,88.3,9
607,8,1053,1061,88.3,8
4680,4,1057,1061,88.3,4
1597,4,1057,1061,88.3,4
933,6,1056,1062,88.3,6
3686,4,1058,1062,88.3,4
41,8,1055,1063,88.3,8
3801,4,1059,1063,88.3,4
4545,1,1062,1063,88.3,1
746,7,1057,1064,88.3,7
2771,1,1063,1064,88.3,1
339,8,1057,1065,88.3,8
530,6,1059,1065,88.3,6
4702,5,1060,1065,88.3,5
1727,4,1061,1065,88.3,4
4956,4,1061,1065,88.3,4
937,2,1063,1065,88.3,2
2886,8,1059,1067,88.3,8
3103,5,1062,1067,88.3,5
1452,2,1065,1067,88.3,2
4329,2,1065,1067,88.3,2
2617,9,1059,1068,88.3,9
4478,7,1061,1068,88.3,7
3228,1,1067,1068,88.3,1
3781,9,1060,1069,88.3,9
554,4,1065,1069,88.3,4
3334,4,1065,1069,88.3,4
3620,1,1068,1069,88.3,1
3933,9,1061,1070,88.3,9
174,6,1064,1070,88.3,6
4785,1,1069,1070,88.3,1
3670,7,1064,1071,88.3,7
2014,4,1067,1071,88.3,4
701,4,1067,1071,88.3,4
4615,1,1070,1071,88.3,1
1205,9,1063,1072,88.3,9
3267,7,1065,1072,88.3,7
2916,4,1068,1072,88.3,4
2398,4,1069,1073,88.3,4
4197,2,1071,1073,88.3,2
3978,2,1071,1073,88.3,2
1451,9,1065,1074,88.3,9
1834,7,1067,1074,88.3,7
3708,5,1071,1076,88.3,5
2476,4,1072,1076,88.3,4
3188,9,1068,1077,88.3,9
3399,8,1069,1077,88.3,8
3846,8,1069,1077,88.3,8
2692,4,1074,1078,88.3,4
1317,2,1076,1078,88.3,2
908,9,1070,1079,88.3,9
2082,9,1070,1079,88.3,9
3008,8,1071,1079,88.3,8
2163,6,1073,1079,88.3,6
4773,6,1073,1079,88.3,6
1093,5,1074,1079,88.3,5
4621,2,1077,1079,88.3,2
4041,8,1072,1080,88.3,8
4598,4,1076,1080,88.3,4
3210,3,1077,1080,88.3,3
2900,1,1079,1080,88.3,1
3587,9,1072,1081,88.3,9
385,2,1079,1081,88.3,2
784,9,1073,1082,88.3,9
4177,6,1077,1083,88.3,6
3344,4,1079,1083,88.3,4
3764,4,1079,1083,88.3,4
3942,3,1080,1083,88.3,3
2063,2,1081,1083,88.3,2
458,5,1079,1084,88.3,5
3033,1,1083,1084,88.3,1
4474,1,1083,1084,88.3,1
3190,7,1078,1085,88.3,7
4423,2,1083,1085,88.3,2
1013,1,1084,1085,88.3,1
4543,7,1079,1086,88.3,7
2979,7,1079,1086,88.3,7
1900,6,1080,1086,88.3,6
2865,6,1080,1086,88.3,6
2780,1,1085,1086,88.3,1
4816,9,1078,1087,88.3,9
979,5,1083,1088,88.3,5
4337,2,1086,1088,88.3,2
4198,9,1080,1089,88.3,9
2270,8,1081,1089,88.3,8
421,7,1083,1090,88.3,7
1788,4,1086,1090,88.3,4
1117,4,1086,1090,88.3,4
562,9,1082,1091,88.3,9
780,6,1085,1091,88.3,6
4076,1,1090,1091,88.3,1
1525,8,1084,1092,88.3,8
3128,8,1084,1092,88.3,8
384,5,1087,1092,88.3,5
4490,4,1088,1092,88.3,4
989,1,1092,1093,88.3,1
2637,9,1085,1094,88.3,9
1666,8,1086,1094,88.3,8
3946,6,1088,1094,88.3,6
2104,4,1090,1094,88.3,4
1121,2,1092,1094,88.3,2
3204,9,1086,1095,88.3,9
3237,6,1089,1095,88.3,6
3417,5,1090,1095,88.3,5
2977,3,1093,1096,88.3,3
1640,8,1089,1097,88.3,8
2957,3,1094,1097,88.3,3
1461,2,1095,1097,88.3,2
3134,7,1091,1098,88.3,7
4286,1,1097,1098,88.3,1
1443,5,1094,1099,88.3,5
479,1,1098,1099,88.3,1
493,9,1091,1100,88.3,9
3880,9,1091,1100,88.3,9
4144,8,1092,1100,88.3,8
1851,1,1099,1100,88.3,1
4162,9,1092,1101,88.3,9
2859,7,1094,1101,88.3,7
4674,7,1094,1101,88.3,7
951,5,1096,1101,88.3,5
1950,4,1097,1101,88.3,4
3550,3,1098,1101,88.3,3
3080,8,1094,1102,88.3,8
1658,7,1095,1102,88.3,7
4357,1,1101,1102,88.3,1
2846,1,1101,1102,88.3,1
571,8,1095,1103,88.3,8
1119,3,1100,1103,88.3,3
4481,2,1101,1103,88.3,2
1565,2,1101,1103,88.3,2
1120,8,1097,1105,88.3,8
4044,3,1102,1105,88.3,3
4798,2,1103,1105,88.3,2
606,5,1101,1106,88.3,5
1971,4,1102,1106,88.3,4
2306,3,1103,1106,88.3,3
3449,7,1100,1107,88.3,7
1382,7,1100,1107,88.3,7
192,6,1101,1107,88.3,6
1862,9,1099,1108,88.3,9
3931,6,1102,1108,88.3,6
3023,5,1103,1108,88.3,5
4375,1,1107,1108,88.3,1
809,1,1107,1108,88.3,1
4716,9,1100,1109,88.3,9
2845,3,1106,1109,88.3,3
928,5,1105,1110,88.3,5
617,9,1102,1111,88.3,9
3518,6,1105,1111,88.3,6
4516,9,1103,1112,88.3,9
346,5,1107,1112,88.3,5
4101,4,1108,1112,88.3,4
4904,8,1105,1113,88.3,8
2103,5,1108,1113,88.3,5
4191,8,1106,1114,88.3,8
1102,8,1106,1114,88.3,8
4180,7,1108,1115,88.3,7
2079,6,1109,1115,88.3,6
2835,4,1111,1115,88.3,4
4828,9,1108,1117,88.3,9
4718,9,1108,1117,88.3,9
3431,6,1111,1117,88.3,6
4416,4,1113,1117,88.3,4
3187,2,1115,1117,88.3,2
2803,9,1109,1118,88.3,9
3229,8,1110,1118,88.3,8
2529,6,1112,1118,88.3,6
3268,5,1113,1118,88.3,5
89,4,1114,1118,88.3,4
3700,3,1115,1118,88.3,3
2772,7,1112,1119,88.3,7
2839,5,1114,1119,88.3,5
3957,4,1115,1119,88.3,4
1456,2,1117,1119,88.3,2
4970,1,1118,1119,88.3,1
2924,1,1118,1119,88.3,1
2994,1,1119,1120,88.3,1
3993,1,1119,1120,88.3,1
4740,1,1119,1120,88.3,1
4823,9,1112,1121,88.3,9
1245,3,1118,1121,88.3,3
4318,5,1117,1122,88.3,5
4870,4,1118,1122,88.3,4
1823,3,1119,1122,88.3,3
2933,2,1120,1122,88.3,2
4384,6,1117,1123,88.3,6
1691,5,1118,1123,88.3,5
3628,7,1117,1124,88.3,7
1152,3,1121,1124,88.3,3
4883,2,1122,1124,88.3,2
4985,7,1118,1125,88.3,7
1183,4,1121,1125,88.3,4
3685,9,1117,1126,88.3,9
1184,7,1119,1126,88.3,7
1925,8,1119,1127,88.3,8
3118,5,1122,1127,88.3,5
4672,8,1120,1128,88.3,8
1795,8,1120,1128,88.3,8
4164,6,1122,1128,88.3,6
4376,5,1123,1128,88.3,5
2934,5,1123,1128,88.3,5
2948,5,1124,1129,88.3,5
611,3,1126,1129,88.3,3
740,2,1127,1129,88.3,2
1811,8,1122,1130,88.3,8
1752,6,1124,1130,88.3,6
3074,6,1124,1130,88.3,6
2888,5,1125,1130,88.3,5
4018,4,1126,1130,88.3,4
1948,1,1130,1131,88.3,1
4074,4,1128,1132,88.3,4
2593,2,1130,1132,88.3,2
1413,5,1128,1133,88.3,5
3051,3,1130,1133,88.3,3
4465,2,1131,1133,88.3,2
2991,1,1132,1133,88.3,1
1734,9,1125,1134,88.3,9
3652,7,1127,1134,88.3,7
3988,6,1128,1134,88.3,6
1083,5,1129,1134,88.3,5
4448,4,1130,1134,88.3,4
2343,2,1133,1135,88.3,2
4020,1,1134,1135,88.3,1
4236,1,1134,1135,88.3,1
2036,7,1129,1136,88.3,7
3068,2,1134,1136,88.3,2
1111,1,1135,1136,88.3,1
4372,9,1128,1137,88.3,9
4880,9,1128,1137,88.3,9
344,8,1129,1137,88.3,8
1960,3,1134,1137,88.3,3
2256,1,1136,1137,88.3,1
4817,9,1130,1139,88.3,9
956,6,1133,1139,88.3,6
304,3,1136,1139,88.3,3
3029,2,1137,1139,88.3,2
4480,8,1132,1140,88.3,8
474,7,1133,1140,88.3,7
4747,4,1136,1140,88.3,4
4947,7,1134,1141,88.3,7
1872,4,1137,1141,88.3,4
1066,9,1133,1142,88.3,9
3514,7,1135,1142,88.3,7
1256,5,1137,1142,88.3,5
2192,3,1139,1142,88.3,3
3849,2,1140,1142,88.3,2
2750,1,1141,1142,88.3,1
1884,1,1142,1143,88.3,1
285,1,1142,1143,88.3,1
4595,1,1142,1143,88.3,1
4254,9,1135,1144,88.3,9
4142,7,1137,1144,88.3,7
2308,5,1139,1144,88.3,5
4984,2,1142,1144,88.3,2
3346,6,1139,1145,88.3,6
431,5,1140,1145,88.3,5
666,9,1137,1146,88.3,9
3513,5,1141,1146,88.3,5
4699,8,1139,1147,88.3,8
2990,5,1142,1147,88.3,5
4173,6,1142,1148,88.3,6
156,4,1144,1148,88.3,4
3736,4,1144,1148,88.3,4
1068,9,1140,1149,88.3,9
2345,4,1146,1150,88.3,4
2849,8,1143,1151,88.3,8
3262,6,1145,1151,88.3,6
342,9,1143,1152,88.3,9
1056,9,1143,1152,88.3,9
1483,8,1144,1152,88.3,8
855,5,1147,1152,88.3,5
2503,4,1148,1152,88.3,4
2654,9,1144,1153,88.3,9
175,6,1147,1153,88.3,6
3257,5,1148,1153,88.3,5
2250,9,1145,1154,88.3,9
2393,2,1152,1154,88.3,2
140,9,1146,1155,88.3,9
1018,3,1152,1155,88.3,3
2786,3,1152,1155,88.3,3
4855,2,1153,1155,88.3,2
2840,1,1154,1155,88.3,1
2418,1,1154,1155,88.3,1
215,6,1150,1156,88.3,6
4616,5,1151,1156,88.3,5
2401,1,1155,1156,88.3,1
4399,1,1155,1156,88.3,1
3966,9,1148,1157,88.3,9
2435,8,1149,1157,88.3,8
1739,5,1152,1157,88.3,5
988,2,1155,1157,88.3,2
137,7,1151,1158,88.3,7
4780,5,1153,1158,88.3,5
2945,4,1155,1159,88.3,4
690,4,1155,1159,88.3,4
3437,3,1156,1159,88.3,3
4561,8,1152,1160,88.3,8
2969,4,1156,1160,88.3,4
1635,4,1156,1160,88.3,4
3839,3,1157,1160,88.3,3
179,2,1158,1160,88.3,2
2465,8,1153,1161,88.3,8
4369,6,1155,1161,88.3,6
1968,2,1159,1161,88.3,2
1969,5,1157,1162,88.3,5
3527,5,1157,1162,88.3,5
4638,3,1159,1162,88.3,3
185,2,1160,1162,88.3,2
1318,2,1160,1162,88.3,2
2646,1,1162,1163,88.3,1
2283,8,1156,1164,88.3,8
4363,5,1159,1164,88.3,5
2910,4,1160,1164,88.3,4
4192,7,1158,1165,88.3,7
4865,2,1163,1165,88.3,2
964,1,1164,1165,88.3,1
2922,9,1157,1166,88.3,9
2658,5,1161,1166,88.3,5
4637,4,1162,1166,88.3,4
1893,7,1160,1167,88.3,7
2830,6,1161,1167,88.3,6
3214,5,1162,1167,88.3,5
1757,1,1166,1167,88.3,1
4952,6,1162,1168,88.3,6
4962,6,1162,1168,88.3,6
2920,3,1165,1168,88.3,3
3569,3,1165,1168,88.3,3
4238,9,1160,1169,88.3,9
3360,8,1161,1169,88.3,8
2871,3,1166,1169,88.3,3
119,2,1167,1169,88.3,2
745,1,1168,1169,88.3,1
1161,7,1164,1171,88.3,7
838,6,1165,1171,88.3,6
489,5,1166,1171,88.3,5
4169,4,1168,1172,88.3,4
3474,9,1164,1173,88.3,9
1463,6,1167,1173,88.3,6
1321,5,1168,1173,88.3,5
4362,5,1168,1173,88.3,5
1037,7,1167,1174,88.3,7
2553,5,1169,1174,88.3,5
3403,6,1169,1175,88.3,6
4316,6,1169,1175,88.3,6
994,9,1167,1176,88.3,9
2451,7,1169,1176,88.3,7
34,5,1171,1176,88.3,5
4332,4,1172,1176,88.3,4
4342,3,1173,1176,88.3,3
4277,8,1169,1177,88.3,8
2474,3,1174,1177,88.3,3
2219,2,1175,1177,88.3,2
2634,7,1171,1178,88.3,7
1733,2,1176,1178,88.3,2
1284,1,1177,1178,88.3,1
305,1,1177,1178,88.3,1
2797,8,1171,1179,88.3,8
677,6,1173,1179,88.3,6
465,1,1178,1179,88.3,1
4927,1,1178,1179,88.3,1
1354,6,1174,1180,88.3,6
82,4,1176,1180,88.3,4
854,4,1176,1180,88.3,4
3897,1,1179,1180,88.3,1
4321,8,1173,1181,88.3,8
1647,9,1173,1182,88.3,9
3368,7,1175,1182,88.3,7
4345,8,1176,1184,88.3,8
195,5,1179,1184,88.3,5
4724,4,1180,1184,88.3,4
3654,4,1180,1184,88.3,4
3541,9,1176,1185,88.3,9
529,8,1177,1185,88.3,8
1288,6,1179,1185,88.3,6
3533,3,1182,1185,88.3,3
2004,7,1179,1186,88.3,7
1637,9,1178,1187,88.3,9
3604,9,1178,1187,88.3,9
3411,8,1180,1188,88.3,8
3848,9,1180,1189,88.3,9
2523,4,1185,1189,88.3,4
4466,9,1181,1190,88.3,9
3896,6,1184,1190,88.3,6
1561,3,1187,1190,88.3,3
3490,9,1182,1191,88.3,9
3369,4,1187,1191,88.3,4
1756,2,1189,1191,88.3,2
172,1,1190,1191,88.3,1
1695,8,1184,1192,88.3,8
353,7,1185,1192,88.3,7
2747,2,1190,1192,88.3,2
3826,1,1191,1192,88.3,1
345,1,1191,1192,88.3,1
1808,9,1184,1193,88.3,9
4641,9,1184,1193,88.3,9
4763,8,1185,1193,88.3,8
3136,8,1185,1193,88.3,8
1874,4,1189,1193,88.3,4
2912,6,1188,1194,88.3,6
1088,2,1192,1194,88.3,2
1167,2,1192,1194,88.3,2
1755,1,1193,1194,88.3,1
639,9,1186,1195,88.3,9
2799,5,1190,1195,88.3,5
1401,4,1191,1195,88.3,4
3236,2,1193,1195,88.3,2
1393,5,1191,1196,88.3,5
1192,4,1192,1196,88.3,4
2114,3,1193,1196,88.3,3
3402,4,1193,1197,88.3,4
4735,3,1194,1197,88.3,3
1022,6,1192,1198,88.3,6
1890,5,1193,1198,88.3,5
4031,4,1194,1198,88.3,4
1607,3,1195,1198,88.3,3
1668,3,1196,1199,88.3,3
720,3,1196,1199,88.3,3
3332,1,1198,1199,88.3,1
1790,8,1192,1200,88.3,8
2875,4,1196,1200,88.3,4
1766,7,1194,1201,88.3,7
4482,4,1197,1201,88.3,4
2641,3,1198,1201,88.3,3
4360,2,1199,1201,88.3,2
64,1,1200,1201,88.3,1
3503,8,1194,1202,88.3,8
998,7,1195,1202,88.3,7
4394,7,1195,1202,88.3,7
977,7,1195,1202,88.3,7
2756,3,1199,1202,88.3,3
774,1,1201,1202,88.3,1
3111,1,1201,1202,88.3,1
3272,3,1200,1203,88.3,3
243,2,1201,1203,88.3,2
4717,7,1197,1204,88.3,7
1674,5,1199,1204,88.3,5
4777,2,1202,1204,88.3,2
3756,7,1198,1205,88.3,7
4965,7,1198,1205,88.3,7
2818,3,1202,1205,88.3,3
4917,2,1203,1205,88.3,2
2380,5,1201,1206,88.3,5
1507,5,1202,1207,88.3,5
2785,3,1204,1207,88.3,3
3147,3,1204,1207,88.3,3
2869,7,1201,1208,88.3,7
518,6,1202,1208,88.3,6
1402,6,1202,1208,88.3,6
3454,7,1202,1209,88.3,7
2779,6,1203,1209,88.3,6
3822,8,1202,1210,88.3,8
2530,5,1205,1210,88.3,5
1965,4,1206,1210,88.3,4
789,6,1205,1211,88.3,6
4424,6,1205,1211,88.3,6
3658,3,1208,1211,88.3,3
3699,7,1205,1212,88.3,7
2961,3,1209,1212,88.3,3
2616,9,1204,1213,88.3,9
4281,1,1212,1213,88.3,1
1187,7,1207,1214,88.3,7
3599,7,1207,1214,88.3,7
1511,3,1211,1214,88.3,3
1299,1,1213,1214,88.3,1
4166,8,1207,1215,88.3,8
1254,8,1208,1216,88.3,8
229,8,1208,1216,88.3,8
3276,2,1214,1216,88.3,2
367,7,1210,1217,88.3,7
4488,6,1211,1217,88.3,6
2725,5,1212,1217,88.3,5
2949,3,1214,1217,88.3,3
1693,9,1209,1218,88.3,9
3097,8,1210,1218,88.3,8
2532,3,1215,1218,88.3,3
57,1,1217,1218,88.3,1
3307,1,1217,1218,88.3,1
2092,9,1210,1219,88.3,9
4503,8,1211,1219,88.3,8
2252,3,1216,1219,88.3,3
645,1,1218,1219,88.3,1
4695,1,1219,1220,88.3,1
1469,8,1213,1221,88.3,8
1261,7,1214,1221,88.3,7
2375,3,1218,1221,88.3,3
2051,1,1220,1221,88.3,1
708,8,1214,1222,88.3,8
1026,5,1217,1222,88.3,5
4804,3,1219,1222,88.3,3
3447,1,1222,1223,88.3,1
2153,8,1216,1224,88.3,8
206,6,1218,1224,88.3,6
4063,6,1218,1224,88.3,6
1662,3,1221,1224,88.3,3
3657,9,1216,1225,88.3,9
3256,9,1217,1226,88.3,9
3313,5,1221,1226,88.3,5
1169,4,1222,1226,88.3,4
2675,3,1223,1226,88.3,3
3112,9,1218,1227,88.3,9
1334,8,1219,1227,88.3,8
3152,8,1219,1227,88.3,8
4068,7,1221,1228,88.3,7
512,6,1222,1228,88.3,6
3050,2,1226,1228,88.3,2
1871,5,1224,1229,88.3,5
4574,2,1227,1229,88.3,2
2232,9,1221,1230,88.3,9
3692,4,1226,1230,88.3,4
112,3,1227,1230,88.3,3
370,2,1228,1230,88.3,2
4783,2,1228,1230,88.3,2
668,1,1229,1230,88.3,1
2660,7,1224,1231,88.3,7
1915,5,1226,1231,88.3,5
1806,1,1230,1231,88.3,1
4950,8,1224,1232,88.3,8
1419,7,1225,1232,88.3,7
3298,6,1226,1232,88.3,6
680,2,1230,1232,88.3,2
2861,2,1230,1232,88.3,2
265,2,1230,1232,88.3,2
1519,1,1231,1232,88.3,1
4217,9,1224,1233,88.3,9
2182,7,1227,1234,88.3,7
3872,3,1231,1234,88.3,3
381,2,1232,1234,88.3,2
1901,5,1230,1235,88.3,5
1057,3,1232,1235,88.3,3
3934,3,1232,1235,88.3,3
1736,1,1234,1235,88.3,1
3951,4,1232,1236,88.3,4
967,4,1232,1236,88.3,4
944,4,1232,1236,88.3,4
1176,1,1235,1236,88.3,1
4576,9,1228,1237,88.3,9
3701,7,1230,1237,88.3,7
4219,4,1233,1237,88.3,4
577,2,1235,1237,88.3,2
1204,9,1229,1238,88.3,9
3125,8,1231,1239,88.3,8
44,5,1234,1239,88.3,5
3287,3,1237,1240,88.3,3
2992,9,1232,1241,88.3,9
1743,7,1234,1241,88.3,7
3413,5,1236,1241,88.3,5
303,4,1237,1241,88.3,4
3266,4,1237,1241,88.3,4
2088,2,1239,1241,88.3,2
2807,7,1235,1242,88.3,7
1815,7,1235,1242,88.3,7
1225,6,1236,1242,88.3,6
1496,2,1240,1242,88.3,2
4298,5,1238,1243,88.3,5
331,2,1241,1243,88.3,2
3521,1,1242,1243,88.3,1
4896,8,1236,1244,88.3,8
2627,9,1236,1245,88.3,9
1479,8,1237,1245,88.3,8
3172,7,1239,1246,88.3,7
286,5,1241,1246,88.3,5
1442,5,1241,1246,88.3,5
1237,5,1241,1246,88.3,5
3776,6,1241,1247,88.3,6
613,6,1241,1247,88.3,6
3555,5,1242,1247,88.3,5
2952,6,1243,1249,88.3,6
1502,5,1244,1249,88.3,5
1769,2,1247,1249,88.3,2
4569,8,1242,1250,88.3,8
3860,7,1243,1250,88.3,7
4963,3,1247,1250,88.3,3
2001,9,1242,1251,88.3,9
4024,6,1245,1251,88.3,6
2210,5,1246,1251,88.3,5
3617,5,1246,1251,88.3,5
4979,4,1247,1251,88.3,4
2110,1,1250,1251,88.3,1
3510,9,1243,1252,88.3,9
2125,3,1249,1252,88.3,3
4670,2,1250,1252,88.3,2
3030,8,1245,1253,88.3,8
1386,4,1249,1253,88.3,4
4500,3,1250,1253,88.3,3
672,2,1251,1253,88.3,2
4898,1,1252,1253,88.3,1
3079,8,1246,1254,88.3,8
4472,9,1246,1255,88.3,9
570,2,1253,1255,88.3,2
4732,7,1249,1256,88.3,7
3767,5,1251,1256,88.3,5
1376,5,1251,1256,88.3,5
1959,3,1253,1256,88.3,3
102,3,1253,1256,88.3,3
742,3,1253,1256,88.3,3
618,6,1251,1257,88.3,6
2448,5,1252,1257,88.3,5
418,2,1255,1257,88.3,2
4223,1,1256,1257,88.3,1
2006,2,1256,1258,88.3,2
3507,2,1256,1258,88.3,2
410,8,1251,1259,88.3,8
927,7,1252,1259,88.3,7
1213,9,1251,1260,88.3,9
125,5,1255,1260,88.3,5
4117,4,1256,1260,88.3,4
748,3,1257,1260,88.3,3
2715,3,1257,1260,88.3,3
3293,2,1258,1260,88.3,2
3063,8,1253,1261,88.3,8
4070,1,1260,1261,88.3,1
4461,6,1256,1262,88.3,6
2216,5,1257,1262,88.3,5
1432,2,1260,1262,88.3,2
2323,9,1254,1263,88.3,9
1062,4,1259,1263,88.3,4
2497,5,1259,1264,88.3,5
580,9,1256,1265,88.3,9
4788,5,1260,1265,88.3,5
3101,5,1260,1265,88.3,5
2831,5,1260,1265,88.3,5
2299,3,1262,1265,88.3,3
1428,9,1257,1266,88.3,9
3222,3,1263,1266,88.3,3
835,1,1265,1266,88.3,1
3796,9,1258,1267,88.3,9
3315,7,1260,1267,88.3,7
2942,7,1261,1268,88.3,7
3443,2,1266,1268,88.3,2
4526,4,1265,1269,88.3,4
209,9,1261,1270,88.3,9
4709,8,1262,1270,88.3,8
625,8,1262,1270,88.3,8
638,5,1265,1270,88.3,5
4902,6,1265,1271,88.3,6
4537,5,1266,1271,88.3,5
1387,1,1270,1271,88.3,1
4150,1,1270,1271,88.3,1
4437,9,1263,1272,88.3,9
1050,4,1268,1272,88.3,4
3240,9,1264,1273,88.3,9
930,6,1267,1273,88.3,6
1930,6,1267,1273,88.3,6
4943,5,1268,1273,88.3,5
1546,3,1270,1273,88.3,3
417,1,1272,1273,88.3,1
2360,9,1265,1274,88.3,9
3765,8,1266,1274,88.3,8
502,4,1270,1274,88.3,4
4095,3,1271,1274,88.3,3
1241,3,1271,1274,88.3,3
4350,1,1273,1274,88.3,1
3096,6,1269,1275,88.3,6
4395,2,1273,1275,88.3,2
2269,1,1274,1275,88.3,1
4373,1,1274,1275,88.3,1
2760,4,1272,1276,88.3,4
3916,3,1273,1276,88.3,3
999,6,1271,1277,88.3,6
4600,2,1275,1277,88.3,2
3602,2,1275,1277,88.3,2
1340,4,1274,1278,88.3,4
4282,8,1271,1279,88.3,8
3199,5,1274,1279,88.3,5
396,5,1274,1279,88.3,5
2827,3,1276,1279,88.3,3
2535,3,1276,1279,88.3,3
3477,7,1273,1280,88.3,7
1060,7,1273,1280,88.3,7
2230,7,1273,1280,88.3,7
1619,6,1274,1280,88.3,6
1592,3,1277,1280,88.3,3
2500,3,1277,1280,88.3,3
2549,2,1279,1281,88.3,2
4267,7,1275,1282,88.3,7
246,3,1279,1282,88.3,3
1052,4,1279,1283,88.3,4
4519,3,1280,1283,88.3,3
1921,9,1275,1284,88.3,9
3721,7,1277,1284,88.3,7
2245,4,1280,1284,88.3,4
3926,2,1282,1284,88.3,2
1459,7,1278,1285,88.3,7
3828,7,1279,1286,88.3,7
2061,5,1281,1286,88.3,5
2842,3,1283,1286,88.3,3
2569,2,1284,1286,88.3,2
2923,2,1284,1286,88.3,2
1034,9,1279,1288,88.3,9
4261,8,1280,1288,88.3,8
3021,8,1280,1288,88.3,8
1191,6,1282,1288,88.3,6
939,9,1280,1289,88.3,9
4210,9,1280,1289,88.3,9
2567,5,1284,1289,88.3,5
2264,5,1284,1289,88.3,5
1104,3,1286,1289,88.3,3
975,1,1288,1289,88.3,1
4463,7,1283,1290,88.3,7
4989,4,1286,1290,88.3,4
2469,1,1289,1290,88.3,1
1341,6,1285,1291,88.3,6
268,6,1286,1292,88.3,6
387,3,1289,1292,88.3,3
1521,3,1289,1292,88.3,3
61,1,1291,1292,88.3,1
480,7,1286,1293,88.3,7
2863,8,1286,1294,88.3,8
4327,6,1288,1294,88.3,6
3802,6,1288,1294,88.3,6
1784,4,1290,1294,88.3,4
1560,2,1294,1296,88.3,2
4971,9,1288,1297,88.3,9
3900,8,1289,1297,88.3,8
80,7,1290,1297,88.3,7
3170,5,1292,1297,88.3,5
660,4,1293,1297,88.3,4
369,1,1296,1297,88.3,1
394,9,1289,1298,88.3,9
1506,9,1289,1298,88.3,9
735,4,1294,1298,88.3,4
1308,4,1294,1298,88.3,4
4297,1,1297,1298,88.3,1
1717,9,1290,1299,88.3,9
438,5,1294,1299,88.3,5
1881,1,1298,1299,88.3,1
2784,8,1292,1300,88.3,8
4452,2,1298,1300,88.3,2
1951,9,1292,1301,88.3,9
4991,9,1292,1301,88.3,9
3143,4,1297,1301,88.3,4
2117,4,1297,1301,88.3,4
1338,3,1298,1301,88.3,3
228,3,1298,1301,88.3,3
3459,1,1301,1302,88.3,1
3395,1,1301,1302,88.3,1
4772,6,1297,1303,88.3,6
3175,4,1299,1303,88.3,4
1163,7,1297,1304,88.3,7
2388,7,1297,1304,88.3,7
2872,5,1299,1304,88.3,5
3428,3,1301,1304,88.3,3
3816,4,1301,1305,88.3,4
2938,5,1301,1306,88.3,5
955,4,1302,1306,88.3,4
1493,9,1298,1307,88.3,9
4811,8,1299,1307,88.3,8
2042,5,1302,1307,88.3,5
694,3,1304,1307,88.3,3
496,2,1305,1307,88.3,2
4521,1,1306,1307,88.3,1
2430,8,1300,1308,88.3,8
3038,7,1301,1308,88.3,7
1699,9,1300,1309,88.3,9
3687,2,1307,1309,88.3,2
3259,7,1303,1310,88.3,7
351,7,1304,1311,88.3,7
3985,3,1308,1311,88.3,3
3350,9,1303,1312,88.3,9
4060,8,1304,1312,88.3,8
3974,5,1307,1312,88.3,5
2214,9,1304,1313,88.3,9
2778,4,1309,1313,88.3,4
3711,1,1312,1313,88.3,1
3805,1,1312,1313,88.3,1
1760,8,1306,1314,88.3,8
3876,3,1311,1314,88.3,3
1411,8,1307,1315,88.3,8
4434,8,1307,1315,88.3,8
2726,8,1307,1315,88.3,8
2986,6,1309,1315,88.3,6
2069,5,1310,1315,88.3,5
1542,9,1307,1316,88.3,9
3404,9,1308,1317,88.3,9
486,6,1311,1317,88.3,6
1369,3,1314,1317,88.3,3
4058,2,1315,1317,88.3,2
1646,1,1317,1318,88.3,1
1559,7,1312,1319,88.3,7
2579,6,1313,1319,88.3,6
51,5,1314,1319,88.3,5
3751,7,1313,1320,88.3,7
4900,8,1313,1321,88.3,8
1042,8,1313,1321,88.3,8
2703,6,1315,1321,88.3,6
2794,6,1315,1321,88.3,6
4571,2,1319,1321,88.3,2
2438,1,1321,1322,88.3,1
513,8,1315,1323,88.3,8
2174,8,1315,1323,88.3,8
3133,6,1317,1323,88.3,6
23,4,1319,1323,88.3,4
1949,4,1319,1323,88.3,4
1112,2,1321,1323,88.3,2
3807,8,1316,1324,88.3,8
1047,6,1318,1324,88.3,6
2394,1,1323,1324,88.3,1
362,8,1317,1325,88.3,8
3559,8,1317,1325,88.3,8
155,5,1320,1325,88.3,5
3786,1,1324,1325,88.3,1
3244,2,1324,1326,88.3,2
650,1,1325,1326,88.3,1
4948,4,1323,1327,88.3,4
3073,3,1325,1328,88.3,3
1708,2,1326,1328,88.3,2
3142,8,1321,1329,88.3,8
3337,8,1321,1329,88.3,8
689,7,1322,1329,88.3,7
3969,6,1323,1329,88.3,6
3922,6,1323,1329,88.3,6
1480,3,1326,1329,88.3,3
4606,9,1321,1330,88.3,9
1420,2,1328,1330,88.3,2
3305,1,1329,1330,88.3,1
779,8,1323,1331,88.3,8
1660,6,1325,1331,88.3,6
578,4,1327,1331,88.3,4
22,2,1329,1331,88.3,2
1179,1,1330,1331,88.3,1
3422,9,1323,1332,88.3,9
4728,8,1324,1332,88.3,8
1878,3,1329,1332,88.3,3
2335,1,1331,1332,88.3,1
3238,8,1325,1333,88.3,8
4993,1,1332,1333,88.3,1
4712,6,1328,1334,88.3,6
2802,5,1329,1334,88.3,5
818,5,1329,1334,88.3,5
3653,4,1330,1334,88.3,4
2766,4,1330,1334,88.3,4
2852,2,1332,1334,88.3,2
1270,1,1333,1334,88.3,1
2877,1,1333,1334,88.3,1
2102,6,1329,1335,88.3,6
2080,4,1331,1335,88.3,4
4033,6,1331,1337,88.3,6
45,3,1335,1338,88.3,3
3306,7,1332,1339,88.3,7
2748,7,1332,1339,88.3,7
4873,5,1334,1339,88.3,5
1556,5,1334,1339,88.3,5
2583,4,1335,1339,88.3,4
3773,9,1331,1340,88.3,9
4379,9,1331,1340,88.3,9
4551,6,1334,1340,88.3,6
4675,6,1334,1340,88.3,6
4349,6,1334,1340,88.3,6
4085,2,1339,1341,88.3,2
3194,1,1340,1341,88.3,1
3191,8,1334,1342,88.3,8
2858,8,1334,1342,88.3,8
3798,9,1334,1343,88.3,9
4263,6,1337,1343,88.3,6
844,1,1342,1343,88.3,1
4374,4,1340,1344,88.3,4
537,3,1341,1344,88.3,3
106,1,1343,1344,88.3,1
681,6,1339,1345,88.3,6
1673,3,1342,1345,88.3,3
4756,8,1338,1346,88.3,8
359,7,1339,1346,88.3,7
2423,7,1339,1346,88.3,7
2623,6,1340,1346,88.3,6
310,6,1340,1346,88.3,6
3044,5,1341,1346,88.3,5
1051,3,1344,1347,88.3,3
3065,1,1346,1347,88.3,1
1602,9,1339,1348,88.3,9
88,5,1343,1348,88.3,5
2056,4,1344,1348,88.3,4
1392,3,1345,1348,88.4,3
3019,9,1340,1349,88.4,9
2371,4,1345,1349,88.4,4
2041,3,1346,1349,88.3,3
452,2,1347,1349,88.3,2
1771,2,1348,1350,88.3,2
4739,8,1343,1351,88.3,8
4453,7,1344,1351,88.3,7
4512,5,1346,1351,88.3,5
2229,5,1346,1351,88.3,5
556,4,1348,1352,88.3,4
166,3,1349,1352,88.4,3
2917,1,1351,1352,88.4,1
3676,1,1351,1352,88.4,1
4139,7,1346,1353,88.4,7
1475,4,1349,1353,88.4,4
4934,8,1346,1354,88.4,8
1534,6,1348,1354,88.4,6
583,3,1351,1354,88.4,3
4087,7,1348,1355,88.4,7
4081,4,1351,1355,88.4,4
3016,3,1352,1355,88.4,3
3297,3,1352,1355,88.4,3
698,9,1347,1356,88.4,9
1895,3,1353,1356,88.4,3
1130,2,1354,1356,88.4,2
2017,2,1354,1356,88.4,2
1371,2,1354,1356,88.4,2
1076,8,1349,1357,88.4,8
1193,5,1352,1357,88.4,5
544,9,1349,1358,88.4,9
4187,8,1350,1358,88.4,8
4594,3,1355,1358,88.4,3
4959,2,1356,1358,88.4,2
3020,6,1353,1359,88.4,6
4560,4,1355,1359,88.4,4
2650,4,1355,1359,88.4,4
3516,3,1356,1359,88.4,3
338,2,1357,1359,88.4,2
2595,8,1352,1360,88.4,8
659,5,1355,1360,88.4,5
3582,4,1356,1360,88.4,4
3873,4,1356,1360,88.4,4
3057,2,1358,1360,88.4,2
2729,2,1359,1361,88.4,2
4964,2,1359,1361,88.4,2
4757,1,1360,1361,88.4,1
1520,5,1357,1362,88.4,5
4305,3,1359,1362,88.4,3
3530,7,1356,1363,88.4,7
189,5,1358,1363,88.4,5
4048,2,1361,1363,88.4,2
3843,6,1358,1364,88.4,6
4163,4,1360,1364,88.4,4
442,7,1358,1365,88.4,7
2234,6,1359,1365,88.4,6
3462,5,1360,1365,88.4,5
3418,5,1361,1366,88.4,5
3367,1,1365,1366,88.4,1
464,8,1359,1367,88.4,8
4666,6,1361,1367,88.4,6
1922,2,1365,1367,88.4,2
4397,8,1360,1368,88.4,8
969,8,1360,1368,88.4,8
605,6,1362,1368,88.4,6
1343,3,1365,1368,88.4,3
3551,1,1367,1368,88.4,1
4447,7,1362,1369,88.4,7
4750,7,1363,1370,88.4,7
2399,6,1364,1370,88.4,6
1142,6,1364,1370,88.4,6
3122,4,1366,1370,88.4,4
336,3,1368,1371,88.4,3
1446,1,1370,1371,88.4,1
3877,9,1363,1372,88.4,9
3902,9,1363,1372,88.4,9
4745,2,1370,1372,88.4,2
1910,1,1371,1372,88.4,1
1229,7,1366,1373,88.4,7
2452,6,1367,1373,88.4,6
1471,5,1368,1373,88.4,5
302,1,1372,1373,88.4,1
2402,2,1372,1374,88.4,2
4010,8,1367,1375,88.4,8
683,7,1368,1375,88.4,7
4742,8,1368,1376,88.4,8
2352,7,1369,1376,88.4,7
699,4,1372,1376,88.4,4
1831,9,1368,1377,88.4,9
719,7,1370,1377,88.4,7
2679,1,1376,1377,88.4,1
1314,1,1376,1377,88.4,1
866,8,1370,1378,88.4,8
1722,5,1373,1378,88.4,5
3571,5,1373,1378,88.4,5
2812,5,1373,1378,88.4,5
2712,5,1373,1378,88.4,5
3498,7,1372,1379,88.4,7
2436,5,1374,1379,88.4,5
516,3,1376,1379,88.4,3
3883,2,1377,1379,88.4,2
3515,9,1371,1380,88.4,9
4022,5,1375,1380,88.4,5
2097,2,1378,1380,88.4,2
4438,4,1377,1381,88.4,4
4976,2,1379,1381,88.4,2
3858,4,1378,1382,88.4,4
272,4,1378,1382,88.4,4
2464,2,1380,1382,88.4,2
1605,6,1377,1383,88.4,6
4805,6,1377,1383,88.4,6
2473,5,1378,1383,88.4,5
3110,9,1375,1384,88.4,9
202,6,1379,1385,88.4,6
1436,6,1379,1385,88.4,6
3475,6,1380,1386,88.4,6
966,5,1381,1386,88.4,5
3703,2,1384,1386,88.4,2
4485,1,1385,1386,88.4,1
3432,9,1378,1387,88.4,9
4607,5,1382,1387,88.4,5
4955,4,1383,1387,88.4,4
579,2,1385,1387,88.4,2
234,9,1379,1388,88.4,9
58,6,1382,1388,88.4,6
4475,5,1383,1388,88.4,5
1157,9,1380,1389,88.4,9
891,8,1381,1389,88.4,8
1595,6,1383,1389,88.4,6
534,8,1382,1390,88.4,8
1858,2,1388,1390,88.4,2
444,1,1390,1391,88.4,1
2926,6,1386,1392,88.4,6
3389,3,1389,1392,88.4,3
3891,7,1386,1393,88.4,7
2586,7,1386,1393,88.4,7
3076,5,1388,1393,88.4,5
2012,2,1391,1393,88.4,2
4047,1,1392,1393,88.4,1
1636,8,1386,1394,88.4,8
134,7,1387,1394,88.4,7
2334,6,1388,1394,88.4,6
3528,8,1387,1395,88.4,8
819,8,1387,1395,88.4,8
4348,8,1387,1395,88.4,8
540,2,1393,1395,88.4,2
327,3,1393,1396,88.4,3
3102,3,1393,1396,88.4,3
4408,3,1393,1396,88.4,3
31,8,1389,1397,88.4,8
3892,7,1390,1397,88.4,7
170,9,1389,1398,88.4,9
159,3,1396,1399,88.4,3
3375,7,1393,1400,88.4,7
4016,6,1394,1400,88.4,6
4632,2,1398,1400,88.4,2
657,9,1392,1401,88.4,9
3597,7,1394,1401,88.4,7
4653,6,1395,1401,88.4,6
1029,2,1399,1401,88.4,2
4737,8,1394,1402,88.4,8
2751,7,1395,1402,88.4,7
1194,7,1395,1402,88.4,7
2009,2,1400,1402,88.4,2
145,8,1395,1403,88.4,8
990,7,1396,1403,88.4,7
337,7,1396,1403,88.4,7
4626,6,1397,1403,88.4,6
4871,2,1401,1403,88.4,2
637,2,1401,1403,88.4,2
4204,1,1402,1403,88.4,1
3636,4,1400,1404,88.4,4
1084,8,1397,1405,88.4,8
1015,3,1403,1406,88.4,3
18,3,1403,1406,88.4,3
4579,7,1400,1407,88.4,7
1036,5,1402,1407,88.4,5
4094,4,1403,1407,88.4,4
472,4,1403,1407,88.4,4
3981,2,1406,1408,88.4,2
4029,8,1401,1409,88.4,8
2763,8,1401,1409,88.4,8
4557,6,1403,1409,88.4,6
4493,6,1403,1409,88.4,6
1310,4,1405,1409,88.4,4
2238,7,1403,1410,88.4,7
1353,9,1402,1411,88.4,9
4471,9,1402,1411,88.4,9
1753,7,1404,1411,88.4,7
1109,4,1407,1411,88.4,4
4958,5,1407,1412,88.4,5
1472,3,1409,1412,88.4,3
409,3,1409,1412,88.4,3
184,6,1407,1413,88.4,6
616,4,1409,1413,88.4,4
4909,2,1411,1413,88.4,2
3448,1,1412,1413,88.4,1
322,1,1413,1414,88.4,1
1772,9,1406,1415,88.4,9
3540,8,1407,1415,88.4,8
4910,6,1409,1415,88.4,6
4361,8,1408,1416,88.4,8
4231,6,1410,1416,88.4,6
4499,5,1411,1416,88.4,5
4108,8,1409,1417,88.4,8
2796,6,1411,1417,88.4,6
4967,5,1412,1417,88.4,5
1307,4,1414,1418,88.4,4
138,3,1415,1418,88.4,3
2047,1,1417,1418,88.4,1
3156,8,1411,1419,88.4,8
3726,3,1416,1419,88.4,3
1781,1,1418,1419,88.4,1
1266,8,1412,1420,88.4,8
1842,1,1419,1420,88.4,1
3067,8,1413,1421,88.4,8
4766,8,1413,1421,88.4,8
3099,4,1417,1421,88.4,4
4034,9,1413,1422,88.4,9
4846,7,1415,1422,88.4,7
3893,4,1418,1422,88.4,4
1470,3,1419,1422,88.4,3
4306,7,1416,1423,88.4,7
4815,3,1420,1423,88.4,3
525,2,1421,1423,88.4,2
1547,1,1422,1423,88.4,1
2769,9,1415,1424,88.4,9
4789,8,1416,1424,88.4,8
86,6,1418,1424,88.4,6
2685,5,1419,1424,88.5,5
842,3,1421,1424,88.5,3
135,2,1422,1424,88.5,2
2187,8,1417,1425,88.5,8
3093,5,1420,1425,88.5,5
715,1,1424,1425,88.5,1
3626,1,1424,1425,88.5,1
1339,3,1423,1426,88.5,3
4145,3,1423,1426,88.5,3
1206,4,1423,1427,88.5,4
3401,2,1425,1427,88.5,2
2165,5,1423,1428,88.5,5
3908,4,1424,1428,88.5,4
1807,9,1421,1430,88.5,9
377,8,1422,1430,88.5,8
4289,8,1422,1430,88.5,8
4528,6,1424,1430,88.5,6
484,7,1424,1431,88.5,7
3634,3,1428,1431,88.5,3
2599,3,1428,1431,88.5,3
1768,8,1424,1432,88.5,8
620,7,1425,1432,88.5,7
4791,6,1426,1432,88.5,6
1466,2,1430,1432,88.5,2
4055,8,1425,1433,88.5,8
483,6,1427,1433,88.5,6
2702,6,1427,1433,88.5,6
3385,1,1432,1433,88.5,1
318,9,1425,1434,88.5,9
4112,8,1426,1434,88.5,8
4215,4,1430,1434,88.5,4
2301,5,1430,1435,88.5,5
3758,4,1431,1435,88.5,4
610,2,1433,1435,88.5,2
3607,2,1434,1436,88.5,2
4535,6,1431,1437,88.5,6
1232,5,1432,1437,88.5,5
4624,2,1435,1437,88.5,2
1335,8,1430,1438,88.5,8
884,5,1433,1438,88.5,5
430,1,1437,1438,88.5,1
795,8,1431,1439,88.5,8
1138,7,1432,1439,88.5,7
4564,7,1432,1439,88.5,7
2262,6,1433,1439,88.5,6
1426,5,1434,1439,88.5,5
1999,5,1435,1440,88.5,5
4689,1,1439,1440,88.5,1
308,5,1436,1441,88.5,5
542,3,1438,1441,88.5,3
4857,3,1438,1441,88.5,3
319,9,1433,1442,88.5,9
4291,7,1435,1442,88.5,7
193,4,1438,1442,88.5,4
3003,3,1439,1442,88.5,3
3075,9,1434,1443,88.5,9
1153,6,1437,1443,88.5,6
2790,2,1441,1443,88.5,2
3081,3,1441,1444,88.4,3
4064,3,1441,1444,88.4,3
2575,2,1442,1444,88.4,2
4091,5,1440,1445,88.4,5
3169,9,1437,1446,88.4,9
2884,6,1440,1446,88.4,6
1313,3,1443,1446,88.4,3
589,8,1439,1447,88.4,8
4714,8,1439,1447,88.4,8
2365,5,1442,1447,88.4,5
4218,9,1439,1448,88.4,9
1330,5,1443,1448,88.4,5
2472,5,1443,1448,88.4,5
4001,4,1444,1448,88.4,4
4961,4,1444,1448,88.4,4
4592,2,1446,1448,88.4,2
3787,5,1444,1449,88.4,5
1190,3,1446,1449,88.4,3
1494,1,1448,1449,88.4,1
148,3,1447,1450,88.4,3
1224,3,1447,1450,88.4,3
3952,9,1442,1451,88.4,9
1259,9,1442,1451,88.4,9
4411,2,1449,1451,88.4,2
1081,4,1448,1452,88.4,4
2963,4,1448,1452,88.4,4
1563,7,1446,1453,88.4,7
3215,4,1449,1453,88.4,4
2180,2,1451,1453,88.4,2
3871,9,1445,1454,88.4,9
1579,4,1450,1454,88.4,4
3865,1,1453,1454,88.4,1
295,3,1452,1455,88.4,3
771,1,1454,1455,88.4,1
1649,9,1447,1456,88.4,9
4628,8,1448,1456,88.4,8
2677,8,1448,1456,88.4,8
825,5,1451,1456,88.4,5
1216,3,1453,1456,88.4,3
1983,9,1448,1457,88.4,9
403,6,1451,1457,88.4,6
3644,5,1452,1457,88.4,5
1312,9,1449,1458,88.4,9
3804,8,1450,1458,88.4,8
2075,2,1456,1458,88.4,2
3795,5,1454,1459,88.4,5
768,5,1454,1459,88.4,5
2420,3,1456,1459,88.4,3
662,3,1456,1459,88.4,3
2512,7,1453,1460,88.4,7
851,5,1455,1460,88.4,5
622,4,1456,1460,88.4,4
3999,4,1457,1461,88.4,4
1761,2,1459,1461,88.4,2
4922,2,1459,1461,88.4,2
3366,6,1457,1463,88.4,6
2804,5,1458,1463,88.4,5
2359,4,1459,1463,88.4,4
2939,2,1461,1463,88.4,2
515,9,1455,1464,88.4,9
4533,8,1456,1464,88.4,8
3165,7,1457,1464,88.4,7
1978,5,1459,1464,88.4,5
732,5,1460,1465,88.4,5
2023,2,1463,1465,88.4,2
2817,9,1458,1467,88.4,9
3867,9,1458,1467,88.4,9
1601,7,1460,1467,88.4,7
2032,6,1461,1467,88.4,6
2481,4,1463,1467,88.4,4
1529,8,1460,1468,88.4,8
1145,4,1464,1468,88.4,4
2810,8,1461,1469,88.4,8
2589,6,1463,1469,88.4,6
2787,2,1467,1469,88.4,2
2024,7,1463,1470,88.4,7
1028,7,1464,1471,88.4,7
4507,6,1465,1471,88.4,6
3649,1,1470,1471,88.4,1
1133,8,1464,1472,88.4,8
6,8,1464,1472,88.4,8
1654,7,1465,1472,88.4,7
1730,5,1467,1472,88.4,5
4918,6,1467,1473,88.4,6
547,5,1468,1473,88.4,5
897,2,1472,1474,88.4,2
4275,1,1473,1474,88.4,1
236,7,1468,1475,88.4,7
1524,3,1472,1475,88.4,3
476,9,1467,1476,88.4,9
663,9,1467,1476,88.4,9
84,7,1469,1476,88.4,7
3980,7,1469,1476,88.4,7
497,5,1471,1476,88.4,5
2864,8,1469,1477,88.4,8
1171,6,1471,1477,88.4,6
3592,6,1471,1477,88.4,6
2730,3,1474,1477,88.4,3
2203,6,1472,1478,88.4,6
1716,2,1476,1478,88.4,2
3613,6,1473,1479,88.4,6
63,5,1474,1479,88.4,5
4895,4,1475,1479,88.4,4
1816,3,1476,1479,88.4,3
3149,3,1476,1479,88.4,3
4678,2,1477,1479,88.4,2
2682,1,1478,1479,88.4,1
3823,1,1479,1480,88.4,1
3845,1,1479,1480,88.4,1
3451,9,1472,1481,88.4,9
3166,5,1476,1481,88.4,5
3632,4,1477,1481,88.4,4
12,7,1475,1482,88.4,7
2643,2,1480,1482,88.4,2
3524,6,1477,1483,88.4,6
4704,4,1479,1483,88.4,4
4649,4,1479,1483,88.4,4
2286,2,1481,1483,88.4,2
4161,1,1482,1483,88.4,1
240,7,1477,1484,88.4,7
567,6,1478,1484,88.4,6
2905,3,1481,1484,88.4,3
4759,9,1476,1485,88.4,9
1304,5,1480,1485,88.4,5
4425,7,1479,1486,88.4,7
2678,2,1484,1486,88.4,2
2947,8,1479,1487,88.4,8
4847,6,1481,1487,88.4,6
1782,4,1483,1487,88.4,4
3472,9,1479,1488,88.4,9
291,5,1483,1488,88.4,5
1262,4,1484,1488,88.4,4
3818,3,1485,1488,88.4,3
1140,3,1485,1488,88.4,3
3536,1,1487,1488,88.4,1
3216,7,1482,1489,88.4,7
2919,2,1487,1489,88.4,2
2217,8,1483,1491,88.4,8
4692,3,1488,1491,88.4,3
1118,9,1483,1492,88.4,9
3792,8,1484,1492,88.4,8
2838,5,1487,1492,88.4,5
3386,4,1488,1492,88.4,4
1578,4,1488,1492,88.4,4
2068,8,1486,1494,88.4,8
1726,9,1486,1495,88.4,9
2281,3,1492,1495,88.4,3
2998,8,1488,1496,88.4,8
1785,7,1489,1496,88.4,7
1196,9,1488,1497,88.4,9
169,9,1488,1497,88.4,9
541,8,1489,1497,88.4,8
4849,7,1491,1498,88.4,7
2315,6,1492,1498,88.4,6
3600,8,1491,1499,88.4,8
1332,7,1492,1499,88.4,7
4284,5,1494,1499,88.4,5
212,8,1492,1500,88.4,8
1027,3,1497,1500,88.4,3
817,1,1499,1500,88.4,1
4096,9,1492,1501,88.4,9
811,6,1495,1501,88.4,6
2671,5,1496,1501,88.4,5
2883,3,1498,1501,88.4,3
3280,1,1500,1501,88.4,1
2310,7,1495,1502,88.4,7
85,6,1496,1502,88.4,6
375,1,1501,1502,88.4,1
4679,4,1499,1503,88.4,4
4667,7,1497,1504,88.4,7
2200,6,1498,1504,88.4,6
801,8,1497,1505,88.4,8
4138,4,1501,1505,88.4,4
4183,1,1504,1505,88.4,1
406,5,1501,1506,88.4,5
221,7,1500,1507,88.4,7
3681,9,1499,1508,88.4,9
936,6,1502,1508,88.4,6
2941,4,1504,1508,88.4,4
393,9,1500,1509,88.4,9
4648,8,1501,1509,88.4,8
981,7,1502,1509,88.4,7
4831,2,1507,1509,88.4,2
343,1,1508,1509,88.4,1
4368,1,1508,1509,88.4,1
691,9,1501,1510,88.4,9
2132,7,1503,1510,88.4,7
931,5,1505,1510,88.5,5
2745,9,1502,1511,88.5,9
1581,6,1505,1511,88.5,6
3106,6,1506,1512,88.5,6
773,3,1509,1512,88.5,3
1115,8,1505,1513,88.5,8
2735,5,1508,1513,88.5,5
1374,5,1510,1515,88.5,5
3775,3,1512,1515,88.5,3
144,3,1512,1515,88.5,3
1877,7,1509,1516,88.5,7
3817,7,1509,1516,88.5,7
2022,8,1509,1517,88.5,8
3105,8,1509,1517,88.5,8
3830,2,1515,1517,88.5,2
404,2,1515,1517,88.5,2
2626,9,1509,1518,88.5,9
3589,1,1517,1518,88.5,1
3271,9,1510,1519,88.5,9
3252,9,1510,1519,88.5,9
3251,8,1511,1519,88.5,8
3938,6,1513,1519,88.5,6
2067,3,1516,1519,88.5,3
4937,9,1511,1520,88.5,9
1333,7,1513,1520,88.5,7
827,3,1517,1520,88.5,3
3915,1,1519,1520,88.5,1
941,6,1515,1521,88.5,6
3463,2,1519,1521,88.5,2
3078,2,1519,1521,88.5,2
3854,2,1519,1521,88.5,2
2867,5,1517,1522,88.5,5
129,3,1519,1522,88.5,3
785,2,1520,1522,88.5,2
188,3,1520,1523,88.5,3
3666,1,1522,1523,88.5,1
2344,8,1516,1524,88.5,8
1923,3,1521,1524,88.5,3
4761,8,1517,1525,88.5,8
1870,5,1520,1525,88.5,5
2809,4,1521,1525,88.5,4
4100,4,1521,1525,88.5,4
1481,8,1518,1526,88.5,8
728,4,1522,1526,88.5,4
2096,2,1524,1526,88.5,2
2562,2,1524,1526,88.5,2
667,1,1525,1526,88.5,1
1239,9,1518,1527,88.5,9
919,2,1525,1527,88.5,2
2651,7,1521,1528,88.5,7
4109,9,1520,1529,88.5,9
1465,7,1522,1529,88.5,7
2602,4,1525,1529,88.5,4
2059,2,1527,1529,88.5,2
4487,4,1526,1530,88.5,4
261,4,1526,1530,88.5,4
2944,8,1523,1531,88.5,8
3062,6,1525,1531,88.5,6
1832,5,1526,1531,88.5,5
3217,9,1523,1532,88.5,9
1648,5,1527,1532,88.5,5
596,3,1529,1532,88.5,3
1302,5,1528,1533,88.5,5
4443,3,1530,1533,88.5,3
3392,8,1526,1534,88.5,8
2891,5,1529,1534,88.5,5
204,9,1526,1535,88.5,9
4258,5,1531,1536,88.5,5
3956,5,1531,1536,88.5,5
3260,4,1532,1536,88.5,4
756,3,1533,1536,88.5,3
1243,1,1535,1536,88.5,1
397,8,1529,1537,88.5,8
4729,8,1529,1537,88.5,8
2673,5,1532,1537,88.5,5
495,4,1533,1537,88.5,4
3925,4,1534,1538,88.4,4
1253,9,1530,1539,88.4,9
2070,8,1531,1539,88.4,8
935,5,1534,1539,88.4,5
1804,3,1536,1539,88.4,3
2290,8,1532,1540,88.4,8
3178,3,1537,1540,88.4,3
4124,3,1537,1540,88.4,3
2732,3,1537,1540,88.4,3
3264,5,1536,1541,88.4,5
2524,1,1540,1541,88.4,1
4968,3,1539,1542,88.4,3
2107,7,1536,1543,88.4,7
1125,2,1541,1543,88.4,2
301,8,1536,1544,88.4,8
4981,6,1538,1544,88.4,6
1682,4,1540,1544,88.4,4
2033,1,1543,1544,88.4,1
1514,9,1536,1545,88.4,9
1939,5,1540,1545,88.4,5
122,3,1542,1545,88.4,3
4469,2,1543,1545,88.4,2
2225,1,1544,1545,88.4,1
2254,9,1537,1546,88.4,9
1758,5,1541,1546,88.4,5
3135,8,1539,1547,88.4,8
197,3,1544,1547,88.4,3
4705,3,1544,1547,88.4,3
2693,9,1539,1548,88.4,9
2298,9,1539,1548,88.4,9
3137,8,1540,1548,88.4,8
4396,3,1545,1548,88.4,3
4492,3,1545,1548,88.4,3
1510,3,1545,1548,88.4,3
2639,1,1548,1549,88.4,1
3398,3,1547,1550,88.4,3
4270,6,1545,1551,88.4,6
1200,3,1548,1551,88.4,3
1482,8,1544,1552,88.4,8
72,5,1548,1553,88.4,5
2342,9,1545,1554,88.4,9
4008,8,1546,1554,88.4,8
1873,6,1548,1554,88.4,6
4092,4,1550,1554,88.4,4
1147,9,1546,1555,88.4,9
4102,8,1547,1555,88.4,8
1366,7,1548,1555,88.4,7
3138,6,1549,1555,88.4,6
2048,1,1554,1555,88.4,1
725,1,1554,1555,88.4,1
4908,9,1547,1556,88.4,9
1573,9,1548,1557,88.4,9
1587,5,1552,1557,88.4,5
1894,2,1555,1557,88.4,2
2020,2,1555,1557,88.4,2
4700,3,1555,1558,88.4,3
4627,4,1555,1559,88.4,4
1327,4,1555,1559,88.4,4
2542,9,1551,1560,88.4,9
67,9,1551,1560,88.4,9
3374,6,1554,1560,88.4,6
3832,8,1553,1561,88.4,8
3279,9,1554,1563,88.4,9
3220,7,1556,1563,88.4,7
4664,3,1560,1563,88.4,3
287,9,1555,1564,88.4,9
4506,7,1557,1564,88.4,7
3546,5,1559,1564,88.4,5
1856,4,1560,1564,88.4,4
4591,8,1557,1565,88.4,8
4456,6,1559,1565,88.4,6
3009,1,1564,1565,88.4,1
2695,9,1557,1566,88.4,9
563,9,1557,1566,88.4,9
4671,8,1558,1566,88.4,8
4248,5,1561,1566,88.4,5
3001,1,1566,1567,88.4,1
3495,5,1563,1568,88.4,5
2823,4,1564,1568,88.4,4
2119,9,1560,1569,88.4,9
2851,6,1563,1569,88.4,6
2833,5,1564,1569,88.4,5
42,2,1567,1569,88.4,2
2311,1,1568,1569,88.4,1
4426,7,1563,1570,88.4,7
4656,5,1565,1570,88.4,5
416,4,1566,1570,88.4,4
3181,7,1564,1571,88.4,7
1642,3,1568,1571,88.4,3
289,7,1565,1572,88.4,7
3363,3,1569,1572,88.4,3
4386,2,1570,1572,88.4,2
4417,8,1565,1573,88.4,8
3095,4,1569,1573,88.4,4
576,1,1572,1573,88.4,1
2943,8,1566,1574,88.4,8
3336,9,1566,1575,88.4,9
1070,6,1569,1575,88.4,6
2759,7,1569,1576,88.4,7
93,5,1571,1576,88.4,5
2377,4,1572,1576,88.4,4
4573,8,1569,1577,88.4,8
3987,4,1573,1577,88.4,4
3841,8,1570,1578,88.4,8
1924,8,1570,1578,88.4,8
2052,6,1572,1578,88.4,6
2645,3,1575,1578,88.4,3
3154,3,1575,1578,88.4,3
4402,2,1576,1578,88.4,2
3983,3,1576,1579,88.4,3
2686,9,1571,1580,88.4,9
4065,7,1573,1580,88.4,7
173,2,1578,1580,88.4,2
2145,1,1579,1580,88.4,1
2440,3,1578,1581,88.4,3
4659,3,1578,1581,88.4,3
2091,9,1573,1582,88.4,9
5,3,1580,1583,88.4,3
3041,3,1580,1583,88.4,3
4710,8,1576,1584,88.4,8
4132,7,1577,1584,88.4,7
471,7,1577,1584,88.4,7
4891,6,1578,1584,88.4,6
3861,7,1578,1585,88.4,7
314,5,1580,1585,88.4,5
1031,2,1583,1585,88.4,2
782,8,1578,1586,88.4,8
2134,6,1581,1587,88.4,6
4754,8,1580,1588,88.4,8
1794,7,1581,1588,88.4,7
1627,4,1584,1588,88.4,4
1004,4,1584,1588,88.4,4
3484,1,1588,1589,88.4,1
4923,7,1583,1590,88.4,7
1813,5,1585,1590,88.4,5
1905,9,1582,1591,88.4,9
873,7,1584,1591,88.4,7
211,6,1585,1591,88.4,6
954,8,1584,1592,88.4,8
78,7,1585,1592,88.4,7
1433,4,1588,1592,88.4,4
914,4,1588,1592,88.4,4
1680,4,1589,1593,88.4,4
3590,1,1592,1593,88.4,1
3710,9,1586,1595,88.4,9
3621,8,1587,1595,88.4,8
814,7,1588,1595,88.4,7
3396,5,1590,1595,88.4,5
2709,5,1590,1595,88.4,5
1023,4,1591,1595,88.4,4
2837,4,1591,1595,88.4,4
959,2,1593,1595,88.4,2
4892,5,1592,1597,88.4,5
2906,5,1592,1597,88.4,5
3320,7,1591,1598,88.4,7
4290,5,1593,1598,88.4,5
288,3,1595,1598,88.4,3
454,3,1595,1598,88.4,3
2960,1,1597,1598,88.4,1
2890,7,1592,1599,88.4,7
614,4,1595,1599,88.4,4
4403,4,1595,1599,88.4,4
958,5,1595,1600,88.5,5
3318,5,1595,1600,88.5,5
3941,5,1595,1600,88.5,5
2412,2,1599,1601,88.5,2
3924,7,1595,1602,88.5,7
3746,5,1597,1602,88.5,5
2773,4,1598,1602,88.5,4
526,1,1601,1602,88.5,1
1048,4,1599,1603,88.5,4
2615,3,1600,1603,88.5,3
797,4,1600,1604,88.5,4
4189,7,1598,1605,88.5,7
4565,7,1598,1605,88.5,7
4587,5,1600,1605,88.5,5
4912,8,1598,1606,88.5,8
3140,7,1599,1606,88.5,7
4271,4,1602,1606,88.5,4
4515,4,1602,1606,88.5,4
3372,2,1604,1606,88.5,2
1297,9,1598,1607,88.5,9
593,5,1602,1607,88.5,5
281,5,1603,1608,88.5,5
2261,2,1606,1608,88.5,2
915,1,1608,1609,88.5,1
4391,8,1602,1610,88.5,8
2221,7,1603,1610,88.5,7
1593,5,1605,1610,88.5,5
3962,4,1606,1610,88.5,4
2708,6,1605,1611,88.5,6
76,4,1607,1611,88.5,4
4856,1,1610,1611,88.5,1
4495,7,1605,1612,88.5,7
3715,6,1606,1612,88.5,6
2652,4,1608,1612,88.5,4
601,1,1611,1612,88.5,1
750,4,1609,1613,88.5,4
1778,8,1606,1614,88.5,8
4782,8,1606,1614,88.5,8
2222,3,1611,1614,88.5,3
2363,2,1612,1614,88.5,2
3177,1,1613,1614,88.5,1
627,8,1607,1615,88.5,8
4239,6,1610,1616,88.5,6
4703,5,1612,1617,88.5,5
4045,3,1614,1617,88.5,3
4498,3,1614,1617,88.5,3
3905,1,1616,1617,88.5,1
949,8,1610,1618,88.5,8
4752,6,1612,1618,88.5,6
256,9,1610,1619,88.5,9
590,8,1611,1619,88.5,8
1887,7,1612,1619,88.5,7
1363,4,1615,1619,88.5,4
2561,6,1614,1620,88.5,6
176,3,1617,1620,88.5,3
1947,7,1614,1621,88.5,7
4203,7,1614,1621,88.5,7
1976,5,1617,1622,88.5,5
1828,3,1619,1622,88.5,3
2738,2,1620,1622,88.5,2
2541,2,1620,1622,88.5,2
2248,8,1617,1625,88.5,8
1437,8,1617,1625,88.5,8
466,7,1618,1625,88.5,7
32,6,1619,1625,88.5,6
4795,3,1622,1625,88.5,3
1904,8,1618,1626,88.5,8
264,1,1625,1626,88.5,1
1569,8,1619,1627,88.5,8
829,7,1621,1628,88.5,7
1780,6,1622,1628,88.5,6
2800,6,1622,1628,88.5,6
1765,3,1625,1628,88.5,3
2667,2,1626,1628,88.5,2
3379,7,1622,1629,88.5,7
4854,1,1628,1629,88.5,1
2258,1,1628,1629,88.5,1
227,9,1621,1630,88.5,9
1350,1,1629,1630,88.5,1
2237,6,1625,1631,88.5,6
3288,5,1626,1631,88.5,5
1182,6,1627,1633,88.5,6
2699,2,1631,1633,88.5,2
4568,9,1625,1634,88.5,9
1835,9,1625,1634,88.5,9
412,4,1630,1634,88.5,4
615,7,1628,1635,88.5,7
4663,6,1629,1635,88.5,6
4355,6,1629,1635,88.5,6
1424,4,1631,1635,88.5,4
1929,1,1634,1635,88.5,1
2843,8,1628,1636,88.5,8
300,1,1635,1636,88.5,1
4182,9,1628,1637,88.5,9
1414,7,1630,1637,88.5,7
332,4,1633,1637,88.5,4
4323,3,1634,1637,88.5,3
3718,2,1635,1637,88.5,2
1678,4,1634,1638,88.5,4
4401,1,1637,1638,88.5,1
4538,2,1637,1639,88.5,2
4367,2,1637,1639,88.5,2
4019,2,1637,1639,88.5,2
837,7,1633,1640,88.5,7
2958,5,1635,1640,88.5,5
2588,6,1635,1641,88.5,6
1624,6,1636,1642,88.4,6
4682,6,1636,1642,88.4,6
4562,6,1637,1643,88.4,6
1085,4,1639,1643,88.4,4
24,9,1635,1644,88.4,9
869,5,1639,1644,88.4,5
2573,4,1640,1644,88.4,4
1172,1,1643,1644,88.4,1
2632,7,1638,1645,88.4,7
2050,5,1640,1645,88.4,5
2326,2,1643,1645,88.4,2
2742,8,1638,1646,88.4,8
3333,5,1641,1646,88.4,5
3441,4,1642,1646,88.4,4
4186,1,1645,1646,88.4,1
3423,8,1639,1647,88.4,8
1422,3,1644,1647,88.4,3
2571,2,1645,1647,88.4,2
4083,2,1646,1648,88.4,2
550,1,1647,1648,88.4,1
2662,6,1644,1650,88.4,6
973,6,1644,1650,88.4,6
2566,4,1646,1650,88.4,4
4232,3,1647,1650,88.4,3
2199,1,1650,1651,88.4,1
1555,6,1646,1652,88.4,6
1964,4,1648,1652,88.4,4
2139,9,1644,1653,88.4,9
599,6,1647,1653,88.4,6
4370,5,1648,1653,88.4,5
2318,2,1651,1653,88.4,2
1596,9,1645,1654,88.4,9
2385,4,1650,1654,88.4,4
3586,9,1646,1655,88.4,9
3355,2,1653,1655,88.4,2
4159,7,1650,1657,88.4,7
1368,7,1650,1657,88.4,7
2228,6,1652,1658,88.4,6
59,4,1654,1658,88.4,4
1162,3,1655,1658,88.4,3
1017,7,1652,1659,88.4,7
3316,6,1653,1659,88.4,6
3158,5,1654,1659,88.4,5
2081,7,1653,1660,88.4,7
311,2,1658,1660,88.4,2
3824,8,1653,1661,88.5,8
2164,3,1658,1661,88.5,3
3624,1,1660,1661,88.5,1
803,3,1659,1662,88.5,3
4429,1,1661,1662,88.5,1
2964,6,1657,1663,88.5,6
4436,4,1659,1663,88.5,4
3153,2,1661,1663,88.5,2
3903,9,1655,1664,88.5,9
1181,7,1657,1664,88.5,7
1208,4,1660,1664,88.5,4
2434,2,1662,1664,88.5,2
2137,1,1663,1664,88.5,1
4206,7,1658,1665,88.5,7
3885,6,1659,1665,88.5,6
1381,2,1664,1666,88.5,2
2547,2,1664,1666,88.5,2
3625,5,1662,1667,88.5,5
4420,3,1665,1668,88.5,3
4843,7,1663,1670,88.5,7
4505,6,1664,1670,88.5,6
4942,4,1666,1670,88.5,4
2338,2,1668,1670,88.5,2
896,7,1664,1671,88.5,7
776,4,1667,1671,88.5,4
307,8,1664,1672,88.5,8
758,2,1670,1672,88.5,2
3481,1,1671,1672,88.5,1
3656,8,1665,1673,88.5,8
1114,7,1666,1673,88.5,7
4326,4,1670,1674,88.5,4
3056,2,1672,1674,88.5,2
743,5,1670,1675,88.5,5
1993,5,1671,1676,88.5,5
3874,3,1673,1676,88.5,3
2972,2,1675,1677,88.5,2
1897,8,1670,1678,88.5,8
522,6,1672,1678,88.5,6
2644,4,1674,1678,88.5,4
594,4,1674,1678,88.5,4
3850,3,1676,1679,88.5,3
4792,7,1673,1680,88.5,7
2887,4,1676,1680,88.5,4
252,2,1678,1680,88.5,2
2190,2,1678,1680,88.5,2
3444,4,1677,1681,88.5,4
4446,3,1678,1681,88.5,3
3129,3,1678,1681,88.5,3
3362,2,1679,1681,88.5,2
788,3,1680,1683,88.5,3
1821,2,1681,1683,88.5,2
2044,2,1681,1683,88.5,2
880,4,1681,1685,88.4,4
4549,8,1680,1688,88.4,8
2600,8,1680,1688,88.4,8
3737,7,1681,1688,88.4,7
1943,9,1680,1689,88.4,9
2819,1,1688,1689,88.4,1
2152,7,1683,1690,88.4,7
3564,7,1683,1690,88.4,7
4876,1,1689,1690,88.4,1
3797,8,1683,1691,88.4,8
1827,7,1685,1692,88.4,7
1838,3,1689,1692,88.4,3
1906,3,1690,1693,88.4,3
4341,6,1688,1694,88.4,6
1867,6,1688,1694,88.4,6
3113,4,1690,1694,88.4,4
2141,3,1692,1695,88.4,3
4996,6,1691,1697,88.4,6
604,3,1694,1697,88.4,3
3485,8,1690,1698,88.4,8
499,3,1695,1698,88.4,3
2557,1,1697,1698,88.4,1
2528,1,1697,1698,88.4,1
2,6,1693,1699,88.4,6
2519,6,1694,1700,88.4,6
2177,2,1698,1700,88.4,2
1684,9,1692,1701,88.4,9
3015,4,1698,1702,88.4,4
2719,3,1700,1703,88.4,3
1139,1,1702,1703,88.4,1
2870,8,1698,1706,88.4,8
2834,3,1703,1706,88.4,3
2409,9,1699,1708,88.4,9
2596,8,1700,1708,88.4,8
4881,7,1701,1708,88.4,7
4025,5,1706,1711,88.4,5
3706,5,1708,1713,88.5,5
1616,5,1708,1713,88.5,5
4243,8,1706,1714,88.5,8
3847,5,1711,1716,88.5,5
2628,3,1713,1716,88.5,3
1623,9,1708,1717,88.5,9
3838,5,1713,1718,88.5,5
2021,4,1714,1718,88.5,4
833,4,1716,1720,88.5,4
1694,2,1718,1720,88.5,2
3438,1,1720,1721,88.5,1
3759,4,1718,1722,88.5,4
1290,7,1716,1723,88.5,7
1775,3,1720,1723,88.5,3
523,3,1721,1724,88.5,3
1467,8,1717,1725,88.5,8
4464,2,1723,1725,88.5,2
4874,1,1724,1725,88.5,1
3200,3,1725,1728,88.5,3
4003,1,1728,1729,88.5,1
3875,8,1722,1730,88.5,8
4126,7,1723,1730,88.5,7
3929,2,1729,1731,88.5,2
902,7,1725,1732,88.5,7
640,2,1730,1732,88.5,2
1779,8,1725,1733,88.5,8
4314,3,1730,1733,88.5,3
830,2,1732,1734,88.5,2
1410,5,1731,1736,88.5,5
3534,5,1732,1737,88.5,5
2862,5,1733,1738,88.5,5
3246,5,1734,1739,88.5,5
3087,3,1736,1739,88.5,3
4646,1,1739,1740,88.5,1
3554,3,1738,1741,88.5,3
2243,9,1733,1742,88.5,9
110,1,1742,1743,88.5,1
1840,7,1737,1744,88.5,7
4440,5,1739,1744,88.5,5
2521,6,1741,1747,88.5,6
1391,4,1743,1747,88.5,4
3488,5,1744,1749,88.5,5
3543,1,1749,1750,88.5,1
3006,7,1744,1751,88.5,7
2389,5,1747,1752,88.5,5
1498,1,1751,1752,88.5,1
2973,6,1747,1753,88.5,6
4007,1,1752,1753,88.5,1
1615,2,1753,1755,88.5,2
4547,7,1750,1757,88.5,7
2144,7,1752,1759,88.5,7
4808,4,1755,1759,88.5,4
3673,1,1759,1760,88.5,1
3894,4,1757,1761,88.5,4
1226,2,1760,1762,88.5,2
4636,5,1762,1767,88.5,5
2383,9,1759,1768,88.5,9
4810,8,1761,1769,88.5,8
1408,5,1768,1773,88.5,5
4079,9,1767,1776,88.4,9
1863,9,1769,1778,88.4,9
1260,6,1773,1779,88.4,6
4489,7,1776,1783,88.4,7
4999,6,1778,1784,88.4,6
1223,1,1783,1784,88.4,1
3497,1,1784,1785,88.4,1
4781,4,1784,1788,88.4,4
4296,3,1785,1788,88.4,3
4830,6,1788,1794,88.4,6
2149,1,1794,1795,88.4,1
357,2,1795,1797,88.4,2
2235,5,1797,1802,88.4,5
1320,7,1802,1809,88.4,7
1218,2,1809,1811,88.4,2
4310,4,1811,1815,88.4,4
2189,9,1815,1824,88.4,9
4938,7,1824,1831,88.4,7
2242,3,1831,1834,88.4,3
3609,6,1834,1840,88.4,6
2267,7,1840,1847,88.4,7
1792,3,1847,1850,88.4,3
2997,6,1850,1856,88.4,6
