Task_ID,Duration,Start_Time,End_Time,Memory_Usage,Completion_Time
75,1,0,1,89.2,1
210,2,0,2,89.2,2
735,2,0,2,89.2,2
165,3,0,3,89.2,3
750,1,2,3,89.2,1
120,4,0,4,89.2,4
255,4,0,4,89.2,4
960,1,3,4,89.2,1
195,5,0,5,89.2,5
645,3,2,5,89.2,3
0,6,0,6,89.2,6
60,7,0,7,89.2,7
180,7,0,7,89.2,7
225,6,1,7,89.2,6
15,8,0,8,89.2,8
315,8,0,8,89.2,8
450,5,3,8,89.2,5
330,4,4,8,89.2,4
105,9,0,9,89.2,9
270,9,0,9,89.2,9
435,9,0,9,89.2,9
420,6,4,10,89.2,6
150,3,7,10,89.2,3
510,2,8,10,89.2,2
135,2,9,11,89.2,2
465,2,9,11,89.2,2
405,7,5,12,89.2,7
525,4,8,12,89.2,4
1260,9,4,13,89.2,9
675,8,5,13,89.2,8
360,5,8,13,89.2,5
390,3,10,13,89.2,3
870,7,7,14,89.2,7
285,5,9,14,89.2,5
720,3,11,14,89.2,3
30,9,6,15,89.2,9
495,9,7,16,89.2,9
480,6,10,16,89.2,6
1110,4,12,16,89.2,4
585,4,12,16,89.2,4
300,9,8,17,89.2,9
1590,2,16,18,89.2,2
540,9,10,19,89.2,9
705,6,13,19,89.2,6
600,6,13,19,89.2,6
825,9,11,20,89.2,9
615,4,16,20,89.2,4
1995,8,13,21,89.2,8
345,7,14,21,89.2,7
990,7,14,21,89.2,7
885,5,16,21,89.2,5
570,9,13,22,89.2,9
45,7,15,22,89.2,7
1170,5,17,22,89.2,5
1620,4,18,22,89.2,4
1155,2,20,22,89.2,2
2235,1,21,22,89.2,1
900,9,14,23,89.2,9
1365,2,21,23,89.2,2
765,9,16,25,89.2,9
1050,5,20,25,89.2,5
930,7,19,26,89.2,7
630,7,19,26,89.2,7
690,8,19,27,89.2,8
90,5,22,27,89.2,5
1350,5,22,27,89.2,5
975,7,21,28,89.2,7
1095,5,23,28,89.2,5
2520,7,22,29,89.2,7
1395,6,23,29,89.2,6
1425,2,27,29,89.2,2
555,9,21,30,89.2,9
795,8,22,30,89.2,8
2040,8,22,30,89.2,8
660,4,26,30,89.2,4
1440,1,29,30,89.2,1
1245,9,22,31,89.2,9
1065,6,25,31,89.2,6
1410,5,26,31,89.2,5
1020,3,28,31,89.2,3
855,1,30,31,89.2,1
1755,1,30,31,89.2,1
810,8,25,33,89.2,8
780,6,27,33,89.2,6
1290,5,28,33,89.2,5
1470,3,30,33,89.2,3
2310,3,30,33,89.2,3
1665,3,31,34,89.2,3
1845,4,31,35,89.2,4
1320,4,31,35,89.2,4
1200,4,31,35,89.2,4
240,9,27,36,89.2,9
1485,3,33,36,89.2,3
1860,1,35,36,89.2,1
2340,4,33,37,89.2,4
2550,9,29,38,89.2,9
1575,9,29,38,89.2,9
1455,8,30,38,89.2,8
1695,3,35,38,89.2,3
1125,8,31,39,89.2,8
1890,8,31,39,89.2,8
1500,6,33,39,89.2,6
1515,4,35,39,89.2,4
1980,4,36,40,89.2,4
2595,2,38,40,89.2,2
1710,2,38,40,89.2,2
2250,1,39,40,89.2,1
840,8,33,41,89.2,8
1005,8,33,41,89.2,8
1530,3,38,41,89.2,3
1785,8,34,42,89.2,8
1560,6,36,42,89.2,6
375,7,36,43,89.2,7
2625,3,40,43,89.2,3
1230,5,39,44,89.2,5
1815,6,39,45,89.2,6
1875,6,39,45,89.2,6
2475,9,37,46,89.3,9
2865,6,40,46,89.3,6
1725,5,41,46,89.3,5
1935,1,45,46,89.3,1
1650,9,38,47,89.3,9
2130,7,40,47,89.3,7
2010,5,42,47,89.3,5
1920,5,42,47,89.3,5
2535,1,46,47,89.3,1
1830,1,46,47,89.3,1
915,5,43,48,89.3,5
1965,9,40,49,89.3,9
945,8,41,49,89.3,8
1080,8,41,49,89.3,8
1950,5,45,50,89.3,5
1680,7,44,51,89.3,7
2220,4,47,51,89.3,4
1035,3,48,51,89.3,3
2640,9,43,52,89.3,9
3885,6,46,52,89.3,6
2370,5,47,52,89.3,5
1335,3,49,52,89.3,3
1215,3,49,52,89.3,3
1140,1,51,52,89.3,1
2160,3,50,53,89.3,3
2385,1,52,53,89.3,1
2940,7,47,54,89.3,7
2145,9,46,55,89.3,9
1800,8,47,55,89.3,8
3000,8,47,55,89.3,8
2355,8,47,55,89.3,8
2760,3,52,55,89.3,3
2295,2,53,55,89.3,2
1635,4,52,56,89.3,4
2790,3,53,56,89.3,3
3450,2,54,56,89.3,2
1905,1,55,56,89.3,1
3015,1,55,56,89.3,1
2490,1,55,56,89.3,1
1740,6,51,57,89.3,6
2850,2,55,57,89.3,2
2955,2,55,57,89.3,2
2970,1,56,57,89.3,1
2070,9,49,58,89.3,9
2415,2,56,58,89.3,2
3135,1,57,58,89.3,1
3495,1,57,58,89.3,1
2745,8,51,59,89.3,8
3900,7,52,59,89.3,7
2100,3,56,59,89.3,3
3030,1,58,59,89.3,1
2715,4,56,60,89.3,4
1380,9,52,61,89.3,9
1185,9,52,61,89.3,9
2400,7,55,62,89.3,7
2445,4,58,62,89.3,4
3825,5,58,63,89.3,5
2835,3,60,63,89.3,3
2190,7,57,64,89.3,7
3075,7,57,64,89.3,7
3150,6,58,64,89.3,6
3360,5,59,64,89.3,5
1605,3,61,64,89.3,3
3915,9,56,65,89.3,9
3705,9,56,65,89.3,9
4005,6,59,65,89.3,6
2175,6,59,65,89.3,6
1275,4,61,65,89.3,4
3855,2,63,65,89.3,2
3165,1,64,65,89.3,1
3225,7,59,66,89.3,7
3810,1,65,66,89.3,1
1305,2,65,67,89.3,2
4200,2,65,67,89.3,2
3435,2,65,67,89.3,2
3960,1,66,67,89.3,1
2280,4,64,68,89.3,4
3405,4,64,68,89.3,4
1770,4,64,68,89.3,4
1545,2,67,69,89.3,2
4185,2,67,69,89.3,2
2580,1,68,69,89.3,1
2505,8,62,70,89.3,8
2655,8,62,70,89.3,8
3645,7,63,70,89.3,7
3780,4,66,70,89.3,4
3975,6,65,71,89.3,6
2265,6,65,71,89.3,6
4305,2,69,71,89.3,2
4560,1,70,71,89.3,1
3210,8,64,72,89.3,8
4245,5,67,72,89.3,5
3540,5,67,72,89.3,5
3480,4,68,72,89.3,4
2685,2,70,72,89.3,2
4320,1,71,72,89.3,1
2730,3,70,73,89.3,3
3660,3,70,73,89.3,3
4110,9,65,74,89.3,9
4440,2,72,74,89.3,2
3690,6,69,75,89.3,6
4890,4,71,75,89.3,4
4140,1,74,75,89.3,1
4950,5,71,76,89.3,5
3555,4,72,76,89.3,4
2895,3,73,76,89.3,3
2025,9,68,77,89.3,9
2610,6,71,77,89.3,6
4920,2,75,77,89.3,2
4275,2,75,77,89.3,2
2460,9,69,78,89.3,9
3525,6,72,78,89.3,6
4470,7,72,79,89.3,7
2775,7,72,79,89.3,7
4290,7,73,80,89.3,7
3180,4,76,80,89.3,4
2700,2,78,80,89.3,2
3600,9,72,81,89.3,9
4590,5,76,81,89.3,5
2805,2,79,81,89.3,2
4935,5,77,82,89.3,5
4860,2,80,82,89.3,2
4695,9,74,83,89.3,9
4365,6,77,83,89.3,6
2925,2,81,83,89.3,2
3945,9,75,84,89.3,9
16,8,76,84,89.3,8
4545,5,79,84,89.3,5
286,2,82,84,89.3,2
4755,1,83,84,89.3,1
3090,1,83,84,89.3,1
2055,8,77,85,89.3,8
3570,7,78,85,89.3,7
3720,4,81,85,89.3,4
3060,9,77,86,89.3,9
3285,6,80,86,89.3,6
256,5,82,87,89.3,5
106,3,84,87,89.3,3
3630,2,85,87,89.3,2
3300,1,86,87,89.3,1
2820,8,80,88,89.3,8
4605,7,81,88,89.3,7
301,4,84,88,89.3,4
2085,3,85,88,89.3,3
4080,3,85,88,89.3,3
3675,1,87,88,89.3,1
4035,5,84,89,89.3,5
3105,5,84,89,89.3,5
421,1,88,89,89.3,1
3870,1,88,89,89.3,1
601,6,84,90,89.3,6
391,3,87,90,89.3,3
3795,3,87,90,89.3,3
3330,1,89,90,89.3,1
3930,1,89,90,89.3,1
4395,8,83,91,89.3,8
3255,5,86,91,89.3,5
4785,3,88,91,89.3,3
736,1,90,91,89.3,1
3345,1,90,91,89.3,1
4845,8,84,92,89.3,8
2880,4,88,92,89.3,4
916,4,89,93,89.3,4
646,3,90,93,89.3,3
376,2,91,93,89.3,2
2910,1,92,93,89.3,1
4170,5,89,94,89.3,5
1051,3,91,94,89.3,3
1096,8,87,95,89.3,8
4215,7,88,95,89.3,7
4065,5,90,95,89.3,5
1171,1,94,95,89.3,1
4995,5,91,96,89.3,5
4455,2,94,96,89.3,2
2115,9,88,97,89.3,9
4020,7,90,97,89.3,7
4965,5,92,97,89.3,5
946,4,93,97,89.3,4
3045,5,93,98,89.3,5
46,2,96,98,89.3,2
3420,8,91,99,89.3,8
3390,8,91,99,89.3,8
1426,4,95,99,89.3,4
3120,1,98,99,89.3,1
991,7,93,100,89.3,7
4155,5,95,100,89.3,5
1156,3,97,100,89.3,3
1321,1,100,101,89.3,1
406,9,93,102,89.3,9
3585,3,99,102,89.3,3
1126,8,95,103,89.3,8
4050,6,97,103,89.3,6
1516,4,99,103,89.3,4
4575,9,95,104,89.3,9
2205,7,97,104,89.3,7
61,6,98,104,89.2,6
1801,3,101,104,89.2,3
4485,9,96,105,89.2,9
3510,6,99,105,89.2,6
3195,6,99,105,89.2,6
1291,5,100,105,89.2,5
4515,5,100,105,89.2,5
1216,2,103,105,89.2,2
181,9,97,106,89.2,9
2026,1,105,106,89.2,1
511,5,102,107,89.2,5
2325,3,104,107,89.2,3
4710,2,105,107,89.2,2
136,4,104,108,89.2,4
4665,3,105,108,89.2,3
2056,2,106,108,89.2,2
4620,6,103,109,89.2,6
4635,5,104,109,89.2,5
1876,5,104,109,89.2,5
2430,2,107,109,89.2,2
4260,5,105,110,89.2,5
361,4,106,110,89.2,4
1261,3,107,110,89.2,3
3990,9,102,111,89.2,9
1561,8,103,111,89.2,8
3240,6,105,111,89.2,6
1546,6,105,111,89.2,6
2251,3,108,111,89.2,3
4815,2,109,111,89.2,2
4335,1,110,111,89.2,1
2446,3,109,112,89.2,3
4800,6,107,113,89.2,6
451,3,110,113,89.2,3
4770,5,109,114,89.2,5
2565,5,109,114,89.2,5
1606,3,111,114,89.2,3
691,1,113,114,89.2,1
721,7,108,115,89.2,7
4680,7,108,115,89.2,7
1411,5,110,115,89.2,5
4095,5,111,116,89.3,5
4530,5,111,116,89.3,5
4740,1,115,116,89.3,1
1726,6,111,117,89.3,6
31,4,113,117,89.3,4
2670,3,114,117,89.3,3
1081,2,115,117,89.3,2
2581,7,111,118,89.3,7
1906,4,114,118,89.3,4
1441,3,115,118,89.3,3
4650,2,116,118,89.3,2
3270,8,111,119,89.3,8
2985,2,117,119,89.3,2
1621,1,118,119,89.3,1
4980,1,118,119,89.3,1
526,9,111,120,89.3,9
3750,1,119,120,89.3,1
2686,9,112,121,89.3,9
4905,7,114,121,89.3,7
1231,4,117,121,89.3,4
1981,3,118,121,89.3,3
3315,2,119,121,89.3,2
4410,1,120,121,89.3,1
4350,6,116,122,89.3,6
871,9,114,123,89.3,9
1741,6,117,123,89.3,6
1141,6,117,123,89.3,6
1966,4,119,123,89.3,4
1246,2,121,123,89.3,2
2296,3,121,124,89.3,3
3375,3,121,124,89.3,3
1471,1,123,124,89.3,1
2326,1,123,124,89.3,1
4875,9,116,125,89.3,9
3061,7,118,125,89.3,7
2536,1,124,125,89.3,1
556,6,120,126,89.3,6
1756,3,123,126,89.3,3
1,8,119,127,89.3,8
2866,6,121,127,89.3,6
3136,2,125,127,89.3,2
2701,2,125,127,89.3,2
2596,2,126,128,89.3,2
4725,8,121,129,89.3,8
4500,7,122,129,89.3,7
1201,6,123,129,89.3,6
1396,6,123,129,89.3,6
541,9,121,130,89.3,9
1681,6,124,130,89.3,6
2311,1,129,130,89.3,1
3465,7,124,131,89.3,7
3166,4,127,131,89.3,4
781,1,130,131,89.3,1
1711,1,130,131,89.3,1
2371,1,130,131,89.3,1
571,6,126,132,89.3,6
2476,1,131,132,89.3,1
2431,9,124,133,89.3,9
121,8,125,133,89.3,8
91,8,127,135,89.3,8
2911,8,127,135,89.3,8
3571,8,127,135,89.3,8
151,6,129,135,89.3,6
3615,4,131,135,89.3,4
661,4,132,136,89.3,4
2566,3,133,136,89.3,3
3631,1,135,136,89.3,1
2641,9,128,137,89.3,9
1351,8,129,137,89.3,8
841,6,131,137,89.3,6
4006,2,135,137,89.3,2
3691,1,136,137,89.3,1
4830,9,129,138,89.3,9
226,3,135,138,89.3,3
1996,8,131,139,89.3,8
2611,7,132,139,89.3,7
1306,2,137,139,89.3,2
196,1,138,139,89.3,1
3376,9,131,140,89.3,9
1276,4,136,140,89.3,4
166,8,133,141,89.3,8
211,6,135,141,89.3,6
3735,6,135,141,89.3,6
2926,2,139,141,89.3,2
1786,3,139,142,89.3,3
3436,2,140,142,89.3,2
1366,2,140,142,89.3,2
1381,6,137,143,89.3,6
436,2,141,143,89.3,2
1591,1,142,143,89.3,1
4111,7,137,144,89.3,7
2041,5,139,144,89.3,5
2806,9,136,145,89.3,9
2761,8,137,145,89.3,8
1636,2,143,145,89.3,2
3736,9,137,146,89.3,9
241,8,138,146,89.3,8
271,5,141,146,89.3,5
4186,2,144,146,89.3,2
3346,2,145,147,89.3,2
4231,1,146,147,89.3,1
331,9,139,148,89.3,9
3765,7,141,148,89.3,7
2971,7,141,148,89.3,7
1486,6,143,149,89.3,6
2086,5,144,149,89.3,5
4261,2,147,149,89.3,2
466,1,148,149,89.3,1
1816,8,142,150,89.3,8
4156,3,147,150,89.3,3
4606,1,149,150,89.3,1
3556,9,142,151,89.3,9
3840,3,148,151,89.3,3
481,9,143,152,89.3,9
3046,7,145,152,89.3,7
3916,6,146,152,89.3,6
3286,5,148,153,89.3,5
2011,3,150,153,89.3,3
3646,2,151,153,89.3,2
3271,1,152,153,89.3,1
1951,9,145,154,89.3,9
316,8,146,154,89.3,8
751,5,149,154,89.3,5
4201,2,152,154,89.3,2
631,9,146,155,89.3,9
2386,1,154,155,89.3,1
826,2,154,156,89.3,2
976,1,155,156,89.3,1
4636,7,150,157,89.3,7
452,7,150,157,89.3,7
346,3,154,157,89.3,3
1861,9,149,158,89.3,9
2146,9,149,158,89.3,9
4125,7,151,158,89.3,7
616,6,152,158,89.3,6
3781,5,153,158,89.3,5
4786,2,157,159,89.3,2
706,2,157,159,89.3,2
4216,6,154,160,89.3,6
4411,2,158,160,89.3,2
2116,8,153,161,89.3,8
3466,8,153,161,89.3,8
2551,3,158,161,89.3,3
856,3,158,161,89.3,3
4726,1,160,161,89.3,1
3526,9,153,162,89.3,9
2401,7,155,162,89.3,7
931,6,156,162,89.3,6
1006,6,156,162,89.3,6
4230,4,158,162,89.3,4
1891,5,158,163,89.3,5
766,4,159,163,89.3,4
961,2,161,163,89.3,2
497,7,157,164,89.3,7
4936,5,159,164,89.3,5
4426,4,160,164,89.3,4
1696,1,163,164,89.3,1
2461,3,162,165,89.3,3
1021,3,162,165,89.3,3
1036,3,162,165,89.3,3
377,1,164,165,89.3,1
4771,5,161,166,89.3,5
3796,4,162,166,89.3,4
3586,6,161,167,89.3,6
2131,7,161,168,89.3,7
2836,7,161,168,89.3,7
1921,6,163,169,89.3,6
3106,4,165,169,89.3,4
4380,8,162,170,89.3,8
1111,5,165,170,89.3,5
3886,4,166,170,89.3,4
811,8,163,171,89.3,8
632,7,164,171,89.3,7
4696,8,164,172,89.3,8
2896,8,164,172,89.3,8
1336,7,165,172,89.3,7
3226,3,169,172,89.3,3
677,1,171,172,89.3,1
3016,5,168,173,89.3,5
557,9,165,174,89.3,9
317,8,166,174,89.3,8
3901,4,170,174,89.3,4
1066,3,171,174,89.3,3
2956,2,172,174,89.3,2
1456,2,172,174,89.3,2
3421,1,173,174,89.3,1
3721,8,167,175,89.3,8
4425,5,170,175,89.3,5
2101,7,169,176,89.3,7
4951,4,172,176,89.3,4
2416,9,168,177,89.3,9
782,5,172,177,89.3,5
2191,1,176,177,89.3,1
1531,9,170,179,89.3,9
3091,6,174,180,89.3,6
3961,5,175,180,89.3,5
2221,3,177,180,89.3,3
3451,9,172,181,89.3,9
1846,7,174,181,89.3,7
3496,7,174,181,89.3,7
3256,1,180,181,89.3,1
692,8,174,182,89.3,8
992,8,174,182,89.3,8
1186,8,174,182,89.3,8
2281,2,180,182,89.3,2
3991,9,174,183,89.3,9
3826,2,181,183,89.3,2
4501,2,181,183,89.3,2
3541,2,181,183,89.3,2
1232,1,182,183,89.3,1
1112,1,182,183,89.3,1
2506,1,182,183,89.3,1
76,9,175,184,89.3,9
932,7,177,184,89.3,7
1576,5,179,184,89.3,5
4141,1,183,184,89.3,1
4711,1,183,184,89.3,1
62,9,176,185,89.3,9
1142,2,183,185,89.3,2
496,1,184,185,89.3,1
4741,1,184,185,89.3,1
2731,9,177,186,89.3,9
2746,3,183,186,89.3,3
1666,3,184,187,89.3,3
1052,4,184,188,89.3,4
212,3,185,188,89.3,3
1472,3,185,188,89.3,3
3976,9,180,189,89.3,9
4306,6,183,189,89.3,6
3616,6,183,189,89.3,6
4816,5,184,189,89.4,5
2776,3,186,189,89.4,3
2206,9,181,190,89.4,9
1501,8,182,190,89.4,8
586,5,185,190,89.4,5
1771,3,187,190,89.4,3
167,1,189,190,89.3,1
1277,8,183,191,89.3,8
2791,5,186,191,89.3,5
1082,3,188,191,89.3,3
3676,2,189,191,89.3,2
2266,1,190,191,89.3,1
2176,1,190,191,89.3,1
1337,1,191,192,89.3,1
2236,1,191,192,89.3,1
4831,4,189,193,89.3,4
1742,1,192,193,89.3,1
2521,1,192,193,89.3,1
4756,9,185,194,89.3,9
227,7,188,195,89.3,7
1936,5,190,195,89.3,5
437,5,190,195,89.3,5
2986,4,191,195,89.3,4
2356,4,191,195,89.3,4
1517,8,188,196,89.3,8
676,6,190,196,89.3,6
1352,5,191,196,89.3,5
2161,1,195,196,89.3,1
4291,8,189,197,89.3,8
2941,4,193,197,89.3,4
2821,9,189,198,89.3,9
17,5,194,199,89.3,5
3706,9,191,200,89.3,9
512,5,195,200,89.3,5
3196,5,195,200,89.3,5
1547,4,196,200,89.3,4
4921,8,193,201,89.3,8
1802,8,193,201,89.3,8
796,5,196,201,89.3,5
3766,1,200,201,89.3,1
2626,7,195,202,89.3,7
2671,6,196,202,89.3,6
572,3,199,202,89.3,3
587,8,195,203,89.3,8
617,1,202,203,89.3,1
1967,8,196,204,89.3,8
77,3,201,204,89.3,3
737,1,203,204,89.3,1
4516,8,197,205,89.3,8
3001,8,197,205,89.3,8
2881,8,198,206,89.3,8
2042,6,200,206,89.3,6
886,5,201,206,89.3,5
812,3,203,206,89.3,3
4576,1,205,206,89.3,1
3241,1,205,206,89.3,1
3316,7,200,207,89.3,7
917,8,200,208,89.3,8
3871,7,201,208,89.3,7
2132,4,204,208,89.3,4
872,4,204,208,89.3,4
2057,2,206,208,89.3,2
3856,2,206,208,89.3,2
2012,8,201,209,89.3,8
2656,7,202,209,89.3,7
3076,7,202,209,89.3,7
3406,3,206,209,89.3,3
1772,1,208,209,89.3,1
1187,4,206,210,89.3,4
4036,2,208,210,89.3,2
2716,2,209,211,89.3,2
3511,3,209,212,89.3,3
107,9,204,213,89.3,9
3601,1,212,213,89.3,1
2,8,206,214,89.3,8
3661,7,207,214,89.3,7
3121,5,209,214,89.3,5
1307,4,210,214,89.3,4
901,9,206,215,89.3,9
2387,7,208,215,89.3,7
2312,6,209,215,89.3,6
3031,4,211,215,89.3,4
1037,8,208,216,89.3,8
3946,8,208,216,89.3,8
4171,6,210,216,89.3,6
3181,2,214,216,89.3,2
2147,9,208,217,89.3,9
1892,8,209,217,89.3,8
1412,3,214,217,89.3,3
272,5,213,218,89.3,5
3811,6,213,219,89.3,6
92,5,214,219,89.3,5
4351,5,214,219,89.3,5
1651,4,215,219,89.3,4
2417,4,215,219,89.3,4
2522,4,215,219,89.3,4
4276,4,215,219,89.3,4
1367,3,216,219,89.3,3
1622,2,217,219,89.3,2
4081,6,216,222,89.3,6
3331,7,216,223,89.3,7
2297,6,217,223,89.3,6
842,5,218,223,89.3,5
4456,4,219,223,89.3,4
2477,5,219,224,89.3,5
4336,9,216,225,89.3,9
2267,8,217,225,89.3,8
4096,6,219,225,89.3,6
1382,6,219,225,89.3,6
4381,7,219,226,89.3,7
2852,3,223,226,89.3,3
4591,3,223,226,89.3,3
347,8,219,227,89.3,8
1727,8,219,227,89.3,8
962,4,223,227,89.3,4
1637,2,225,227,89.3,2
1831,9,219,228,89.3,9
2882,9,219,228,89.3,9
2357,3,225,228,89.3,3
2912,3,226,229,89.3,3
3361,7,223,230,89.3,7
4486,5,225,230,89.3,5
4246,9,222,231,89.3,9
2582,7,224,231,89.3,7
4861,6,226,232,89.3,6
4396,8,225,233,89.3,8
4441,7,226,233,89.3,7
662,6,227,233,89.3,6
2567,6,227,233,89.3,6
2071,5,228,233,89.3,5
1847,7,227,234,89.3,7
977,7,227,234,89.3,7
2927,6,228,234,89.3,6
3841,4,230,234,89.3,4
2762,1,233,234,89.3,1
767,2,233,235,89.3,2
2987,5,231,236,89.3,5
3557,2,234,236,89.3,2
1397,1,235,236,89.3,1
2507,9,228,237,89.3,9
4561,6,231,237,89.3,6
3182,9,229,238,89.3,9
3931,4,234,238,89.3,4
4531,9,230,239,89.3,9
1937,5,234,239,89.3,5
1127,5,234,239,89.3,5
4966,8,232,240,89.3,8
4471,7,233,240,89.3,7
4906,7,233,240,89.3,7
2341,9,233,242,89.3,9
3122,8,234,242,89.3,8
2537,5,237,242,89.3,5
3647,8,236,244,89.3,8
3242,6,238,244,89.3,6
32,4,240,244,89.3,4
4621,4,240,244,89.3,4
3002,9,236,245,89.3,9
1952,9,236,245,89.3,9
4651,8,237,245,89.3,8
4066,8,238,246,89.3,8
4546,7,239,246,89.3,7
1262,7,239,246,89.3,7
4996,7,240,247,89.3,7
3197,5,242,247,89.3,5
2342,9,239,248,89.3,9
2687,6,242,248,89.3,6
1997,3,245,248,89.3,3
4666,2,246,248,89.3,2
1502,2,246,248,89.3,2
4681,5,244,249,89.3,5
4981,4,245,249,89.3,4
407,2,247,249,89.3,2
3962,2,247,249,89.3,2
2627,1,248,249,89.3,1
1667,1,248,249,89.3,1
2491,8,242,250,89.3,8
3497,6,244,250,89.3,6
3047,5,245,250,89.3,5
2822,1,249,250,89.3,1
1907,1,249,250,89.3,1
3512,1,250,251,89.3,1
242,8,244,252,89.3,8
4202,3,249,252,89.3,3
2897,2,250,252,89.3,2
3707,9,244,253,89.3,9
3737,2,251,253,89.3,2
4126,8,246,254,89.3,8
4801,6,248,254,89.3,6
3902,1,253,254,89.3,1
2102,7,248,255,89.3,7
4412,3,252,255,89.3,3
2837,8,248,256,89.3,8
47,7,249,256,89.3,7
2851,6,250,256,89.3,6
4876,8,249,257,89.3,8
707,9,249,258,89.3,9
1982,8,250,258,89.3,8
3092,6,252,258,89.3,6
197,4,254,258,89.3,4
3332,9,250,259,89.3,9
482,7,252,259,89.3,7
3767,6,253,259,89.3,6
4622,4,255,259,89.3,4
2327,1,258,259,89.3,1
4142,6,254,260,89.3,6
2237,5,255,260,89.3,5
2867,4,256,260,89.3,4
182,5,256,261,89.3,5
2717,2,259,261,89.3,2
3151,6,256,262,89.3,6
1007,4,258,262,89.3,4
4321,9,254,263,89.3,9
542,4,259,263,89.3,4
722,8,257,265,89.3,8
4727,6,259,265,89.3,6
2672,5,260,265,89.3,5
857,2,263,265,89.3,2
3617,8,258,266,89.3,8
4457,6,260,266,89.3,6
3572,6,260,266,89.3,6
122,3,263,266,89.3,3
1457,1,265,266,89.3,1
287,9,258,267,89.3,9
3392,8,259,267,89.3,8
4127,8,259,267,89.3,8
4817,2,265,267,89.3,2
467,7,261,268,89.3,7
3977,7,261,268,89.3,7
2792,3,265,268,89.3,3
3587,2,266,268,89.3,2
1487,2,266,268,89.3,2
3211,7,262,269,89.3,7
1022,8,262,270,89.3,8
4022,4,266,270,89.3,4
422,4,266,270,89.3,4
527,2,268,270,89.3,2
602,2,270,272,89.3,2
4652,7,266,273,89.3,7
1652,5,268,273,89.3,5
4517,3,270,273,89.3,3
1202,9,265,274,89.3,9
3437,7,267,274,89.3,7
4937,7,267,274,89.3,7
3301,5,269,274,89.3,5
4592,1,273,274,89.3,1
302,8,267,275,89.3,8
4397,8,267,275,89.3,8
4247,7,268,275,89.3,7
827,3,272,275,89.3,3
1442,1,274,275,89.3,1
3032,8,268,276,89.3,8
3722,8,268,276,89.3,8
3391,2,274,276,89.3,2
362,1,275,276,89.3,1
4472,1,275,276,89.3,1
1922,1,275,276,89.3,1
1217,7,270,277,89.3,7
4697,4,273,277,89.3,4
3107,1,276,277,89.3,1
752,9,270,279,89.3,9
258,6,274,280,89.3,6
4442,5,275,280,89.3,5
392,4,276,280,89.3,4
4847,3,277,280,89.3,3
4712,7,274,281,89.3,7
3827,5,276,281,89.3,5
947,2,279,281,89.3,2
2027,9,273,282,89.3,9
3467,8,274,282,89.3,8
902,7,275,282,89.3,7
3377,5,277,282,89.3,5
603,2,280,282,89.3,2
3481,7,276,283,89.3,7
2072,1,282,283,89.3,1
4667,8,276,284,89.3,8
2192,9,276,285,89.3,9
1067,4,281,285,89.3,4
3482,3,282,285,89.3,3
1427,9,277,286,89.3,9
4742,6,280,286,89.3,6
647,6,280,286,89.3,6
2972,1,285,286,89.3,1
3,7,280,287,89.3,7
3752,6,282,288,89.3,6
2432,5,283,288,89.3,5
4862,8,281,289,89.3,8
3842,8,281,289,89.3,8
3751,6,283,289,89.3,6
303,5,284,289,89.3,5
4877,3,286,289,89.3,3
3857,1,288,289,89.3,1
4021,1,289,290,89.3,1
1292,9,282,291,89.3,9
753,9,282,291,89.3,9
48,2,289,291,89.3,2
1097,7,285,292,89.3,7
3137,4,288,292,89.3,4
4952,3,289,292,89.3,3
4051,2,290,292,89.3,2
228,6,287,293,89.3,6
1172,1,292,293,89.3,1
3662,9,285,294,89.3,9
1757,8,286,294,89.3,8
887,8,286,294,89.3,8
783,3,291,294,89.3,3
3167,9,286,295,89.3,9
273,3,292,295,89.3,3
3917,7,289,296,89.2,7
3227,4,292,296,89.0,4
1532,3,293,296,89.0,3
513,1,295,296,89.0,1
4097,8,289,297,89.0,8
108,6,291,297,89.0,6
3422,2,295,297,89.0,2
558,9,289,298,89.0,9
1682,7,291,298,89.0,7
4366,6,292,298,89.0,6
1787,4,294,298,89.0,4
1817,2,296,298,89.0,2
243,1,297,298,89.0,1
333,6,293,299,89.0,6
4427,2,297,299,89.0,2
2117,1,298,299,89.0,1
1862,1,298,299,89.0,1
1832,1,298,299,89.0,1
393,1,299,300,89.0,1
2162,1,299,300,89.0,1
3257,5,296,301,89.0,5
3677,4,297,301,89.0,4
3782,8,294,302,89.0,8
1562,9,294,303,89.0,9
888,9,294,303,89.0,9
528,8,296,304,89.0,8
2222,5,299,304,89.0,5
3887,3,301,304,89.0,3
4007,9,296,305,89.0,9
2252,1,304,305,89.0,1
4037,1,304,305,89.0,1
453,8,298,306,89.0,8
33,7,299,306,89.0,7
2597,7,299,306,89.0,7
693,9,298,307,89.0,9
4846,9,298,307,89.0,9
3797,5,302,307,89.0,5
2372,8,300,308,89.0,8
3287,7,301,308,89.0,7
3947,1,307,308,89.0,1
438,9,300,309,89.0,9
738,3,306,309,89.0,3
933,3,307,310,89.0,3
2447,2,308,310,89.0,2
1577,8,303,311,89.0,8
1053,8,303,311,89.0,8
2807,5,306,311,89.0,5
4891,4,307,311,89.0,4
813,2,309,311,89.0,2
768,2,309,311,89.0,2
1458,8,304,312,89.0,8
4187,7,305,312,89.0,7
3362,4,308,312,89.0,4
4232,4,308,312,89.0,4
2942,1,311,312,89.0,1
828,1,311,312,89.0,1
2402,8,305,313,89.0,8
1218,3,310,313,89.0,3
4052,9,305,314,89.0,9
63,8,306,314,89.0,8
4577,2,312,314,89.0,2
1698,2,313,315,89.0,2
1413,5,311,316,89.0,5
1758,1,315,316,89.0,1
183,3,314,317,89.0,3
2552,8,310,318,89.0,8
843,7,311,318,89.0,7
1607,8,311,319,89.0,8
3407,7,312,319,89.0,7
858,7,312,319,89.0,7
2088,3,316,319,89.0,3
903,2,317,319,89.0,2
137,9,311,320,89.0,9
4217,8,312,320,89.0,8
3017,8,312,320,89.0,8
1697,1,319,320,89.0,1
1518,9,312,321,89.0,9
2462,8,313,321,89.0,8
3452,2,319,321,89.0,2
993,2,319,321,89.0,2
2612,4,318,322,89.0,4
1173,3,319,322,89.0,3
152,2,320,322,89.0,2
3272,2,320,322,89.0,2
4067,9,314,323,89.0,9
4787,9,314,323,89.0,9
1833,7,316,323,89.0,7
2657,2,321,323,89.0,2
3347,1,322,323,89.0,1
2133,5,319,324,89.0,5
1712,4,320,324,89.0,4
2732,2,322,324,89.0,2
257,2,322,324,89.0,2
963,9,318,327,89.0,9
2702,4,323,327,89.0,4
1038,7,321,328,89.0,7
1353,6,322,328,89.0,6
2747,4,324,328,89.0,4
4337,9,320,329,89.0,9
1743,8,321,329,89.0,8
3527,8,321,329,89.0,8
4982,6,323,329,89.0,6
1848,6,323,329,89.0,6
3692,6,323,329,89.0,6
3152,2,327,329,89.0,2
1503,1,328,329,89.0,1
1533,1,328,329,89.0,1
3632,1,328,329,89.0,1
4172,7,323,330,89.0,7
3812,1,329,330,89.0,1
1877,7,324,331,89.0,7
2328,8,324,332,89.0,8
123,3,329,332,89.0,3
3212,3,329,332,89.0,3
332,9,324,333,89.0,9
4637,4,329,333,89.0,4
3992,4,329,333,89.0,4
1578,4,329,333,89.0,4
4352,3,330,333,89.0,3
1068,7,327,334,89.0,7
4757,1,333,334,89.0,1
4772,2,333,335,89.0,2
2073,7,329,336,89.0,7
408,2,334,336,89.0,2
4112,7,330,337,89.0,7
2628,5,332,337,89.0,5
3302,5,332,337,89.0,5
2478,4,333,337,89.0,4
1878,9,329,338,89.0,9
3602,9,329,338,89.0,9
1653,9,329,338,89.0,9
2553,1,337,338,89.0,1
1203,5,334,339,89.0,5
2087,9,331,340,89.0,9
198,8,332,340,89.0,8
797,7,333,340,89.0,7
4367,7,333,340,89.0,7
4892,5,335,340,89.0,5
1938,2,338,340,89.0,2
2763,3,338,341,89.0,3
2283,6,336,342,89.0,6
4292,4,338,342,89.0,4
1668,4,338,342,89.0,4
93,2,340,342,89.0,2
138,2,340,342,89.0,2
1128,7,336,343,89.0,7
2207,3,340,343,89.0,3
213,3,340,343,89.0,3
3872,7,337,344,89.0,7
2148,4,340,344,89.0,4
1893,2,342,344,89.0,2
4262,8,337,345,89.0,8
1157,5,340,345,89.0,5
1953,1,344,345,89.0,1
3078,9,337,346,89.0,9
1248,7,339,346,89.0,7
2883,5,341,346,89.0,5
1368,3,343,346,89.0,3
1247,2,345,347,89.0,2
798,5,343,348,89.0,5
4322,4,345,349,89.0,4
1322,2,347,349,89.0,2
2642,7,343,350,89.0,7
1983,5,345,350,89.1,5
3168,4,346,350,89.2,4
1338,4,346,350,89.2,4
2343,9,342,351,89.2,9
4382,9,342,351,89.2,9
378,9,342,351,89.2,9
153,9,342,351,89.2,9
2943,5,346,351,89.2,5
2777,1,350,351,89.2,1
2298,1,350,351,89.2,1
4997,8,344,352,89.1,8
2178,8,344,352,89.1,8
1638,6,346,352,89.1,6
1308,4,348,352,89.1,4
1592,3,349,352,89.1,3
2403,2,350,352,89.1,2
2568,1,352,353,89.1,1
2418,3,351,354,89.1,3
4547,3,351,354,89.1,3
3123,3,351,354,89.1,3
2703,2,353,355,89.1,2
18,1,354,355,89.1,1
288,5,351,356,89.1,5
3228,4,352,356,89.1,4
1383,4,352,356,89.1,4
4157,6,351,357,89.1,6
2643,6,351,357,89.1,6
918,5,352,357,89.1,5
348,1,356,357,89.1,1
4532,9,349,358,89.1,9
678,7,351,358,89.1,7
2177,6,352,358,89.1,6
3183,9,350,359,89.1,9
2433,5,354,359,89.1,5
78,4,355,359,89.1,4
4607,1,358,359,89.1,1
2733,5,355,360,89.1,5
2673,3,357,360,89.1,3
1023,2,358,360,89.1,2
1803,9,352,361,89.1,9
3243,7,354,361,89.1,7
2538,2,359,361,89.1,2
4922,2,359,361,89.1,2
2823,2,360,362,89.1,2
1113,2,360,362,89.1,2
3468,7,356,363,89.1,7
1428,7,356,363,89.1,7
978,6,357,363,89.1,6
3288,4,359,363,89.1,4
4487,7,357,364,89.1,7
2598,3,361,364,89.1,3
1593,1,363,364,89.1,1
2282,7,358,365,89.1,7
4608,4,361,365,89.1,4
423,9,357,366,89.1,9
363,7,359,366,89.1,7
1818,5,361,366,89.1,5
1233,4,362,366,89.1,4
1623,3,363,366,89.1,3
2778,7,360,367,89.1,7
3708,4,363,367,89.1,4
2028,3,364,367,89.1,3
229,2,365,367,89.1,2
1323,1,366,367,89.1,1
1473,1,366,367,89.1,1
168,7,361,368,89.1,7
1563,2,367,369,89.1,2
2958,8,362,370,89.1,8
3048,3,367,370,89.1,3
543,2,368,370,89.1,2
3693,8,363,371,89.1,8
4907,7,364,371,89.1,7
1728,2,369,371,89.1,2
2058,5,367,372,89.1,5
3543,2,370,372,89.1,2
3978,1,371,372,89.1,1
2613,9,364,373,89.1,9
1398,6,367,373,89.1,6
4967,2,371,373,89.1,2
3858,1,372,373,89.1,1
4083,1,372,373,89.1,1
2492,9,365,374,89.1,9
483,8,366,374,89.1,8
1683,8,366,374,89.1,8
4233,7,367,374,89.1,7
364,7,367,374,89.1,7
1908,9,366,375,89.1,9
588,5,370,375,89.1,5
1713,1,374,375,89.1,1
3138,7,370,377,89.1,7
2013,2,375,377,89.1,2
873,4,374,378,89.1,4
1998,3,375,378,89.1,3
648,3,375,378,89.1,3
2748,8,371,379,89.1,8
2118,8,372,380,89.1,8
318,7,373,380,89.1,7
4008,7,373,380,89.1,7
4248,7,373,380,89.1,7
3003,8,373,381,89.1,8
4383,7,374,381,89.1,7
2103,4,377,381,89.1,4
1098,3,378,381,89.1,3
1863,9,373,382,89.1,9
2957,8,374,382,89.1,8
3738,3,379,382,89.1,3
2193,2,380,382,89.1,2
469,9,374,383,89.1,9
3198,6,377,383,89.1,6
2913,5,378,383,89.1,5
708,5,378,383,89.1,5
468,3,380,383,89.1,3
2508,1,382,383,89.1,1
3453,4,381,385,89.1,4
3062,3,382,385,89.1,3
1143,5,381,386,89.1,5
4128,4,382,386,89.1,4
4668,7,380,387,89.1,7
4953,6,381,387,89.1,6
2223,6,381,387,89.1,6
484,4,383,387,89.1,4
1188,1,386,387,89.1,1
3378,5,383,388,89.1,5
4173,2,386,388,89.1,2
1293,1,387,388,89.1,1
4548,9,380,389,89.1,9
1923,7,382,389,89.1,7
3528,6,383,389,89.1,6
349,2,387,389,89.1,2
3077,5,385,390,89.1,5
3573,1,389,390,89.1,1
948,8,383,391,89.1,8
2838,8,383,391,89.1,8
3513,3,388,391,89.1,3
4713,2,389,391,89.1,2
2043,2,389,391,89.1,2
3317,1,390,391,89.1,1
618,9,383,392,89.1,9
3723,7,385,392,89.1,7
4803,1,391,392,89.1,1
2493,7,387,394,89.1,7
633,2,392,394,89.1,2
94,8,387,395,89.1,8
919,8,387,395,89.1,8
4488,8,388,396,89.1,8
1548,8,388,396,89.1,8
2853,5,391,396,89.1,5
3678,5,391,396,89.1,5
964,1,395,396,89.1,1
604,8,389,397,89.1,8
3843,5,392,397,89.1,5
4068,1,396,397,89.1,1
2208,7,391,398,89.1,7
3918,9,390,399,89.1,9
4533,3,396,399,89.1,3
1788,3,396,399,89.1,3
679,2,397,399,89.1,2
3933,2,397,399,89.1,2
1008,9,391,400,89.1,9
3542,9,391,400,89.1,9
4878,8,392,400,89.1,8
723,6,394,400,89.1,6
2313,3,398,401,89.1,3
1158,1,400,401,89.1,1
2793,8,394,402,89.1,8
2928,6,396,402,89.1,6
4698,3,399,402,89.1,3
709,3,399,402,89.1,3
4158,3,399,402,89.1,3
1263,1,401,402,89.1,1
244,8,395,403,89.1,8
3258,1,402,403,89.1,1
4863,1,402,403,89.1,1
1278,4,400,404,89.1,4
3932,4,400,404,89.1,4
3093,2,402,404,89.1,2
1009,9,396,405,89.1,9
4098,8,397,405,89.1,8
4038,6,399,405,89.1,6
3153,1,404,405,89.1,1
2253,7,399,406,89.1,7
79,6,400,406,89.1,6
289,3,403,406,89.1,3
4398,5,402,407,89.1,5
124,4,403,407,89.1,4
2448,7,401,408,89.1,7
3363,3,405,408,89.1,3
1443,7,402,409,89.1,7
3393,6,403,409,89.1,6
4218,4,405,409,89.1,4
4082,6,404,410,89.1,6
1564,5,405,410,89.1,5
2718,2,408,410,89.1,2
724,9,402,411,89.1,9
4188,7,405,412,89.1,7
2388,6,406,412,89.1,6
139,6,406,412,89.1,6
4923,3,409,412,89.1,3
1608,9,404,413,89.1,9
379,7,406,413,89.1,7
814,6,407,413,89.1,6
3483,5,409,414,89.1,5
799,3,411,414,89.1,3
4503,8,407,415,89.1,8
1488,6,409,415,89.1,6
4323,3,412,415,89.1,3
4277,6,410,416,89.1,6
904,3,413,416,89.1,3
3558,2,414,416,89.1,2
3798,9,408,417,89.1,9
1624,7,410,417,89.1,7
2268,2,415,417,89.1,2
3663,1,416,417,89.1,1
2973,8,410,418,89.1,8
409,6,412,418,89.1,6
2358,1,417,418,89.1,1
2523,7,412,419,89.1,7
3213,2,418,420,89.1,2
4983,9,412,421,89.1,9
2658,8,413,421,89.1,8
4728,6,415,421,89.1,6
1549,5,416,421,89.1,5
439,9,413,422,89.1,9
829,8,414,422,89.1,8
4473,7,415,422,89.1,7
3753,5,417,422,89.1,5
2583,3,419,422,89.1,3
2868,1,421,422,89.1,1
4307,7,416,423,89.1,7
424,5,418,423,89.1,5
529,2,421,423,89.1,2
1249,1,422,423,89.1,1
3348,1,422,423,89.1,1
3948,7,417,424,89.1,7
2373,6,418,424,89.1,6
2254,3,421,424,89.1,3
2898,2,422,424,89.1,2
4502,1,423,424,89.1,1
1669,8,417,425,89.1,8
454,2,423,425,89.1,2
1309,2,423,425,89.1,2
2463,2,424,426,89.1,2
1399,2,425,427,89.1,2
3303,8,420,428,89.1,8
4743,7,421,428,89.1,7
649,6,422,428,89.1,6
3588,5,423,428,89.1,5
4353,4,424,428,89.1,4
2988,4,424,428,89.1,4
769,6,423,429,89.1,6
4653,1,428,429,89.1,1
4593,8,422,430,89.1,8
4053,8,422,430,89.1,8
499,5,425,430,89.1,5
4818,2,428,430,89.1,2
4893,1,429,430,89.1,1
2524,7,424,431,89.1,7
3273,3,428,431,89.1,3
1909,7,425,432,89.1,7
1789,5,427,432,89.1,5
3318,4,428,432,89.1,4
3618,4,428,432,89.1,4
259,2,430,432,89.1,2
4562,9,424,433,89.1,9
1069,5,428,433,89.1,5
3888,2,431,433,89.1,2
2029,1,432,433,89.1,1
3963,1,432,433,89.1,1
4638,4,430,434,89.1,4
4143,4,430,434,89.1,4
2659,3,431,434,89.1,3
4263,1,433,434,89.1,1
2688,9,426,435,89.1,9
889,3,432,435,89.1,3
4113,3,433,436,89.1,3
844,9,429,438,89.1,9
1159,8,430,438,89.1,8
4968,8,430,438,89.1,8
1099,5,433,438,89.1,5
4293,4,434,438,89.1,4
2149,6,433,439,89.1,6
4308,3,436,439,89.1,3
3423,8,432,440,89.1,8
4683,6,434,440,89.1,6
2674,6,434,440,89.1,6
1054,2,438,440,89.1,2
1924,9,432,441,89.1,9
4682,9,433,442,89.1,9
4368,8,434,442,89.1,8
2808,7,435,442,89.1,7
1129,7,435,442,89.1,7
4338,4,438,442,89.1,4
3319,3,439,442,89.1,3
4563,3,439,442,89.1,3
4908,3,440,443,89.1,3
1444,1,442,443,89.1,1
4802,2,442,444,89.1,2
3018,2,442,444,89.1,2
19,7,438,445,89.1,7
1144,7,438,445,89.1,7
1174,8,438,446,89.1,8
2839,6,440,446,89.1,6
1354,6,440,446,89.1,6
4758,4,442,446,89.1,4
4833,4,442,446,89.1,4
3498,7,440,447,89.1,7
1969,6,441,447,89.1,6
3364,5,442,447,89.1,5
154,4,443,447,89.1,4
64,2,445,447,89.1,2
4788,1,446,447,89.1,1
1234,3,445,448,89.1,3
3109,2,446,448,89.1,2
2224,6,443,449,89.1,6
739,3,446,449,89.1,3
4998,8,442,450,89.1,8
1459,4,446,450,89.1,4
3439,3,447,450,89.1,3
199,3,447,450,89.1,3
2434,4,447,451,89.1,4
619,4,447,451,89.1,4
319,1,450,451,89.1,1
4832,8,444,452,89.1,8
3108,8,444,452,89.1,8
1339,4,448,452,89.1,4
3484,2,450,452,89.1,2
664,1,451,452,89.1,1
3783,6,447,453,89.1,6
3784,5,448,453,89.1,5
3979,1,452,453,89.1,1
1219,8,446,454,89.1,8
1534,2,452,454,89.1,2
3829,1,453,454,89.1,1
34,8,447,455,89.1,8
2269,6,449,455,89.1,6
859,6,449,455,89.1,6
109,5,450,455,89.1,5
1504,6,450,456,89.1,6
2644,5,451,456,89.1,5
3903,3,453,456,89.1,3
694,6,451,457,89.1,6
2104,3,454,457,89.1,3
1039,6,452,458,89.1,6
2764,2,456,458,89.1,2
2284,1,457,458,89.1,1
3333,7,452,459,89.1,7
3964,5,454,459,89.1,5
1264,1,458,459,89.1,1
498,8,452,460,89.1,8
1729,6,454,460,89.1,6
994,5,455,460,89.1,5
2359,2,458,460,89.1,2
2614,1,460,461,89.1,1
4279,9,453,462,89.1,9
334,7,455,462,89.1,7
4023,6,456,462,89.1,6
1579,2,460,462,89.1,2
1609,4,459,463,89.1,4
1774,3,460,463,89.1,3
634,9,455,464,89.1,9
2629,9,455,464,89.1,9
2959,6,458,464,89.1,6
1714,9,456,465,89.1,9
1024,8,457,465,89.1,8
3019,1,464,465,89.1,1
573,6,460,466,89.1,6
4773,5,462,467,89.1,5
663,1,466,467,89.1,1
3603,9,459,468,89.1,9
4519,9,459,468,89.1,9
4324,6,462,468,89.1,6
1204,7,462,469,89.1,7
1894,7,462,469,89.1,7
754,5,464,469,89.1,5
2899,9,461,470,89.1,9
1744,8,463,471,89.1,8
2179,8,463,471,89.1,8
2734,7,464,471,89.1,7
1849,7,465,472,89.1,7
3034,7,465,472,89.1,7
784,3,469,472,89.1,3
3154,2,470,472,89.1,2
1083,6,467,473,89.1,6
4594,5,468,473,89.1,5
2239,4,469,473,89.1,4
3079,2,471,473,89.1,2
1114,9,465,474,89.1,9
4938,7,467,474,89.1,7
4669,6,468,474,89.1,6
2329,3,471,474,89.1,3
2989,1,474,475,89.1,1
1369,7,469,476,89.1,7
1773,3,473,476,89.1,3
3739,3,473,476,89.1,3
3768,9,468,477,89.1,9
1999,5,472,477,89.1,5
979,5,472,477,89.1,5
3529,5,472,477,89.1,5
4684,4,473,477,89.1,4
3844,6,472,478,89.1,6
169,4,474,478,89.1,4
1834,8,471,479,89.1,8
4174,1,478,479,89.1,1
4789,6,474,480,89.1,6
3184,5,475,480,89.1,5
3828,3,477,480,89.1,3
2389,8,473,481,89.1,8
1968,5,476,481,89.1,5
3349,1,480,481,89.1,1
1189,8,474,482,89.1,8
1384,6,476,482,89.1,6
3604,5,477,482,89.1,5
2164,6,477,483,89.1,6
110,3,480,483,89.1,3
2163,2,481,483,89.1,2
4909,7,477,484,89.1,7
3799,9,476,485,89.1,9
4219,6,479,485,89.1,6
2479,4,481,485,89.1,4
2238,2,483,485,89.1,2
1684,9,477,486,89.1,9
3873,6,480,486,89.1,6
1654,4,482,486,89.1,4
170,3,483,486,89.1,3
394,9,478,487,89.1,9
2344,4,483,487,89.1,4
3033,2,485,487,89.1,2
1804,1,486,487,89.1,1
305,1,486,487,89.1,1
1864,9,479,488,89.1,9
4234,3,485,488,89.1,3
2059,2,486,488,89.1,2
4413,2,486,488,89.1,2
3544,8,481,489,89.1,8
1414,7,482,489,89.1,7
3769,8,482,490,89.1,8
620,6,484,490,89.1,6
1474,1,489,490,89.1,1
4428,3,488,491,89.1,3
1939,4,488,492,89.1,4
3063,6,487,493,89.1,6
3724,4,489,493,89.1,4
3874,9,485,494,89.1,9
2494,9,485,494,89.1,9
4459,6,488,494,89.1,6
514,8,487,495,89.1,8
2374,8,487,495,89.1,8
3408,2,493,495,89.1,2
2119,9,487,496,89.1,9
335,9,487,496,89.1,9
2074,8,488,496,89.1,8
1115,6,490,496,89.1,6
1594,6,490,496,89.1,6
3904,3,493,496,89.1,3
544,1,495,496,89.1,1
4084,9,490,499,89.1,9
350,3,496,499,89.1,3
4339,3,496,499,89.1,3
4443,9,491,500,89.1,9
1984,8,492,500,89.1,8
4654,1,499,500,89.1,1
2509,7,494,501,89.1,7
1175,5,496,501,89.1,5
574,5,496,501,89.1,5
665,2,499,501,89.1,2
3438,7,495,502,89.1,7
4309,3,499,502,89.1,3
4354,9,494,503,89.1,9
4549,9,494,503,89.1,9
2419,8,495,503,89.1,8
2209,7,496,503,89.1,7
4834,3,500,503,89.1,3
785,2,501,503,89.1,2
2449,8,496,504,89.1,8
1759,8,496,504,89.1,8
4458,5,500,505,89.1,5
2089,5,500,505,89.1,5
3633,3,502,505,89.1,3
4579,3,502,505,89.1,3
65,2,503,505,89.1,2
2569,5,501,506,89.1,5
4429,3,503,506,89.1,3
1310,6,501,507,89.1,6
2464,3,504,507,89.1,3
425,2,505,507,89.1,2
2299,5,503,508,89.1,5
3648,3,505,508,89.1,3
2689,5,504,509,89.1,5
2584,3,506,509,89.1,3
874,9,501,510,89.1,9
2314,5,505,510,89.1,5
4699,5,505,510,89.1,5
485,3,507,510,89.1,3
4639,8,503,511,89.1,8
1160,8,503,511,89.1,8
3214,2,509,511,89.1,2
2704,9,503,512,89.1,9
3334,1,511,512,89.1,1
4518,8,505,513,89.1,8
5,7,506,513,89.1,7
2404,5,508,513,89.1,5
1415,2,511,513,89.1,2
949,4,510,514,89.1,4
214,1,513,514,89.1,1
1385,8,507,515,89.1,8
1279,1,514,515,89.1,1
2854,9,507,516,89.1,9
4879,6,510,516,89.1,6
530,6,510,516,89.1,6
3409,4,512,516,89.1,4
1520,3,513,516,89.1,3
3813,9,508,517,89.1,9
2719,8,509,517,89.1,8
1429,2,515,517,89.1,2
2779,6,512,518,89.1,6
770,2,516,518,89.1,2
3993,1,517,518,89.1,1
1954,1,517,518,89.1,1
2539,9,510,519,89.1,9
2884,3,516,519,89.1,3
1535,3,516,519,89.1,3
2974,2,517,519,89.1,2
4729,9,511,520,89.1,9
559,6,514,520,89.1,6
1715,5,515,520,89.1,5
3694,4,516,520,89.1,4
2914,2,518,520,89.1,2
3004,1,519,520,89.1,1
2794,3,518,521,89.1,3
95,9,513,522,89.1,9
2809,9,513,522,89.1,9
4939,6,516,522,89.1,6
3289,3,519,522,89.1,3
3094,2,520,522,89.1,2
2944,3,520,523,89.1,3
3139,5,519,524,89.1,5
3754,4,520,524,89.1,4
3424,2,522,524,89.1,2
3454,2,522,524,89.1,2
2060,6,519,525,89.1,6
395,5,520,525,89.1,5
1294,5,520,525,89.1,5
1850,5,520,525,89.1,5
845,8,518,526,89.1,8
4203,8,518,526,89.1,8
3859,2,524,526,89.1,2
545,2,525,527,89.1,2
1324,2,525,527,89.1,2
245,6,522,528,89.1,6
2824,6,522,528,89.1,6
440,6,522,528,89.1,6
3064,8,521,529,89.1,8
3709,5,524,529,89.1,5
3469,1,528,529,89.1,1
3124,7,523,530,89.1,7
635,2,528,530,89.1,2
3499,7,524,531,89.1,7
1865,6,525,531,89.1,6
1010,5,526,531,89.1,5
3394,2,529,531,89.1,2
2090,7,525,532,89.1,7
590,5,527,532,89.1,5
3304,9,524,533,89.1,9
890,1,532,533,89.1,1
1340,6,528,534,89.1,6
3169,4,530,534,89.1,4
4278,9,526,535,89.1,9
3889,9,526,535,89.1,9
650,5,530,535,89.1,5
1699,9,527,536,89.1,9
3514,7,529,536,89.1,7
2435,4,532,536,89.1,4
3934,1,535,536,89.1,1
2045,6,531,537,89.1,6
4099,9,529,538,89.1,9
2480,2,536,538,89.1,2
3589,8,531,539,89.1,8
1055,8,531,539,89.1,8
3559,8,531,539,89.1,8
1430,5,534,539,89.1,5
680,4,535,539,89.1,4
1879,3,536,539,89.1,3
4264,3,536,539,89.1,3
4578,5,535,540,89.1,5
3664,8,533,541,89.1,8
1190,8,533,541,89.1,8
3919,2,539,541,89.1,2
3199,9,534,543,89.1,9
4039,7,536,543,89.1,7
2510,5,538,543,89.1,5
3574,5,539,544,89.1,5
695,5,539,544,89.1,5
2465,8,537,545,89.1,8
1670,6,539,545,89.1,6
4444,6,539,545,89.1,6
3679,4,541,545,89.1,4
1700,4,541,545,89.1,4
3244,2,543,545,89.1,2
4144,8,538,546,89.1,8
1085,7,539,546,89.1,7
2525,3,543,546,89.1,3
4024,6,541,547,89.1,6
4189,3,544,547,89.1,3
1745,2,545,547,89.1,2
2014,9,539,548,89.1,9
4623,8,540,548,89.1,8
1775,3,545,548,89.1,3
2585,2,546,548,89.1,2
800,5,544,549,89.1,5
4399,3,546,549,89.1,3
4848,2,548,550,89.1,2
3274,6,545,551,89.1,6
2375,4,547,551,89.1,4
4159,9,543,552,89.1,9
4489,7,545,552,89.1,7
4009,7,545,552,89.1,7
980,3,549,552,89.1,3
4,2,550,552,89.1,2
1205,7,546,553,89.1,7
4504,1,552,553,89.1,1
2660,9,545,554,89.1,9
4414,5,549,554,89.1,5
49,3,552,555,89.1,3
1355,2,553,555,89.1,2
4069,9,547,556,89.1,9
4564,9,547,556,89.1,9
2194,9,548,557,89.1,9
2345,9,548,557,89.1,9
2675,9,548,557,89.1,9
3379,6,551,557,89.1,6
2555,6,551,557,89.1,6
184,2,555,557,89.1,2
2870,4,554,558,89.1,4
380,4,554,558,89.1,4
1595,4,555,559,89.1,4
2405,2,557,559,89.1,2
2690,2,557,559,89.1,2
2720,2,557,559,89.1,2
725,1,558,559,89.1,1
4624,7,553,560,89.1,7
4714,4,556,560,89.1,4
2554,3,557,560,89.1,3
4204,9,552,561,89.1,9
4114,9,552,561,89.1,9
1100,9,552,561,89.1,9
35,5,556,561,89.1,5
3365,3,558,561,89.1,3
2420,3,559,562,89.1,3
1760,4,559,563,89.1,4
830,4,559,563,89.1,4
4759,3,560,563,89.1,3
2749,3,560,563,89.1,3
3725,3,561,564,89.1,3
2900,6,559,565,89.1,6
3634,9,557,566,89.1,9
274,9,557,566,89.1,9
2825,7,559,566,89.1,7
4849,6,560,566,89.1,6
4294,5,561,566,89.1,5
320,5,561,566,89.1,5
2630,6,562,568,89.1,6
4894,5,563,568,89.1,5
1325,8,561,569,89.1,8
4129,9,561,570,89.1,9
1970,7,563,570,89.1,7
935,7,563,570,89.1,7
3049,7,563,570,89.1,7
3905,7,564,571,89.1,7
4924,6,566,572,89.1,6
4609,6,566,572,89.1,6
4249,2,570,572,89.1,2
304,7,566,573,89.0,7
3080,5,568,573,89.0,5
1460,4,569,573,89.0,4
3155,9,565,574,89.0,9
410,8,566,574,89.0,8
2135,4,570,574,89.0,4
995,4,570,574,89.1,4
4384,9,566,575,89.2,9
2855,9,566,575,89.3,9
4954,8,568,576,89.5,8
4819,4,572,576,89.5,4
4804,4,572,576,89.5,4
455,2,574,576,89.5,2
3229,7,570,577,89.6,7
4190,6,571,577,89.6,6
2885,2,575,577,89.7,2
2315,4,574,578,89.8,4
20,3,575,578,89.8,3
4984,2,576,578,89.8,2
2990,1,577,578,89.8,1
140,7,572,579,89.8,7
589,6,573,579,89.8,6
1565,6,573,579,89.8,6
3949,2,577,579,89.8,2
2615,1,578,579,89.8,1
3350,6,574,580,89.8,6
3994,1,579,580,89.8,1
3260,8,573,581,89.8,8
3380,1,580,581,89.8,1
875,3,579,582,89.8,3
934,3,579,582,89.8,3
2915,3,579,582,89.8,3
4369,2,580,582,89.8,2
1250,9,574,583,89.8,9
740,8,576,584,89.8,8
4999,6,578,584,89.8,6
3275,6,578,584,89.8,6
1985,1,583,584,89.7,1
125,9,576,585,89.7,9
470,9,576,585,89.7,9
500,7,578,585,89.7,7
1084,3,582,585,89.7,3
4474,3,582,585,89.7,3
4250,9,577,586,89.7,9
2285,2,584,586,89.7,2
185,1,585,586,89.7,1
3575,3,584,587,89.7,3
4534,2,585,587,89.7,2
2645,9,579,588,89.7,9
4205,7,581,588,89.7,7
3545,7,581,588,89.7,7
1220,6,582,588,89.7,6
860,4,584,588,89.7,4
4295,3,586,589,89.7,3
3065,8,582,590,89.7,8
4744,3,587,590,89.7,3
2750,2,588,590,89.7,2
4265,2,588,590,89.7,2
1280,2,588,590,89.7,2
200,5,586,591,89.7,5
3590,1,590,591,89.7,1
1445,1,590,591,89.7,1
815,8,584,592,89.7,8
3005,6,586,592,89.7,6
4955,3,589,592,89.7,3
515,8,585,593,89.7,8
1489,8,585,593,89.7,8
3605,6,587,593,89.7,6
230,2,591,593,89.7,2
1805,2,591,593,89.7,2
1580,9,585,594,89.7,9
905,6,588,594,89.7,6
3215,2,592,594,89.7,2
3920,1,593,594,89.7,1
4774,6,590,596,89.7,6
3650,9,588,597,89.7,9
4445,7,590,597,89.6,7
261,5,592,597,89.6,5
3455,3,594,597,89.6,3
2765,8,590,598,89.6,8
3680,7,591,598,89.6,7
1519,5,593,598,89.6,5
260,5,593,598,89.6,5
3470,1,597,598,89.6,1
950,7,592,599,89.6,7
1820,6,593,599,89.6,6
1040,5,594,599,89.6,5
710,1,598,599,89.6,1
3995,1,598,599,89.6,1
560,7,593,600,89.6,7
3980,6,594,600,89.6,6
2015,7,594,601,89.6,7
3800,3,598,601,89.6,3
1639,3,598,601,89.6,3
4055,1,600,601,89.6,1
1880,3,599,602,89.6,3
4864,7,596,603,89.6,7
3695,6,597,603,89.6,6
4760,6,597,603,89.6,6
1070,4,599,603,89.6,4
2960,6,598,604,89.6,6
605,4,600,604,89.6,4
1505,6,599,605,89.6,6
816,9,597,606,89.6,9
3830,3,603,606,89.6,3
1895,8,599,607,89.6,8
4085,8,599,607,89.6,8
1940,2,605,607,89.6,2
2075,7,601,608,89.6,7
921,2,606,608,89.6,2
1819,8,601,609,89.6,8
2165,7,602,609,89.6,7
2105,1,608,609,89.6,1
3815,9,601,610,89.6,9
4790,9,601,610,89.6,9
4969,7,603,610,89.6,7
920,6,604,610,89.6,6
4460,3,607,610,89.6,3
4910,8,603,611,89.6,8
1130,8,603,611,89.6,8
1925,4,607,611,89.6,4
1476,3,608,611,89.6,3
2180,2,609,611,89.6,2
2120,2,609,611,89.6,2
4130,6,606,612,89.6,6
2975,9,604,613,89.6,9
2390,6,607,613,89.6,6
1370,2,611,613,89.6,2
2210,3,611,614,89.6,3
2300,3,611,614,89.6,3
1400,1,613,614,89.6,1
3935,5,610,615,89.6,5
6,4,611,615,89.6,4
2000,4,611,615,89.6,4
3230,2,613,615,89.6,2
1490,1,614,615,89.6,1
3335,1,615,616,89.6,1
2044,8,609,617,89.6,8
4715,7,610,617,89.6,7
1521,6,611,617,89.6,6
4220,2,615,617,89.6,2
155,8,610,618,89.6,8
2930,5,613,618,89.6,5
51,9,610,619,89.6,9
965,9,610,619,89.6,9
1610,5,615,620,89.6,5
4145,9,612,621,89.6,9
2270,6,615,621,89.6,6
4490,5,616,621,89.6,5
3245,3,618,621,89.6,3
1640,1,620,621,89.6,1
2495,8,614,622,89.6,8
2134,5,617,622,89.6,5
111,3,619,622,89.6,3
3035,1,621,622,89.6,1
2540,9,614,623,89.6,9
4325,6,617,623,89.6,6
2150,2,621,623,89.6,2
2599,1,622,623,89.6,1
606,9,615,624,89.6,9
1551,8,617,625,89.6,8
275,7,618,625,89.6,7
366,3,622,625,89.6,3
81,9,617,626,89.6,9
4520,5,621,626,89.6,5
2705,3,623,626,89.6,3
531,3,623,626,89.6,3
2780,3,623,626,89.6,3
4415,6,621,627,89.6,6
3410,5,622,627,89.6,5
1235,9,619,628,89.6,9
4115,7,621,628,89.6,7
2869,5,623,628,89.6,5
1671,3,625,628,89.6,3
2600,7,622,629,89.6,7
4595,3,626,629,89.6,3
2795,3,626,629,89.6,3
4625,2,627,629,89.6,2
666,6,624,630,89.6,6
575,5,625,630,89.6,5
2840,5,626,631,89.6,5
3515,4,627,631,89.6,4
4160,3,628,631,89.6,3
936,1,630,631,89.6,1
1911,4,628,632,89.6,4
381,8,625,633,89.6,8
126,7,626,633,89.6,7
561,7,626,633,89.6,7
2810,4,629,633,89.6,4
3095,2,631,633,89.6,2
1295,6,628,634,89.6,6
951,3,631,634,89.6,3
4850,6,629,635,89.6,6
1145,5,630,635,89.6,5
1941,3,632,635,89.6,3
2945,7,629,636,89.6,7
4820,7,629,636,89.6,7
2929,9,628,637,89.6,9
3665,8,631,639,89.6,8
576,6,633,639,89.6,6
1625,5,634,639,89.6,5
1475,4,635,639,89.6,4
3485,3,636,639,89.6,3
4370,9,631,640,89.6,9
1101,7,633,640,89.6,7
216,5,635,640,89.6,5
3170,8,633,641,89.6,8
1056,7,634,641,89.6,7
4925,5,636,641,89.6,5
291,9,633,642,89.6,9
3200,9,633,642,89.6,9
1655,3,639,642,89.6,3
4565,3,640,643,89.6,3
1986,9,635,644,89.6,9
4985,3,641,644,89.6,3
651,6,639,645,89.6,6
3259,9,637,646,89.6,9
3860,7,639,646,89.6,7
1416,6,640,646,89.6,6
3425,5,641,646,89.6,5
3530,4,642,646,89.6,4
2226,2,644,646,89.6,2
3710,8,639,647,89.6,8
2301,1,646,647,89.6,1
1550,9,639,648,89.6,9
441,8,640,648,89.6,8
876,6,642,648,89.6,6
3619,2,646,648,89.6,2
3560,2,646,648,89.6,2
1730,7,642,649,89.6,7
156,6,643,649,89.6,6
36,5,644,649,89.6,5
2736,2,647,649,89.6,2
621,1,648,649,89.6,1
2001,9,641,650,89.6,9
1536,4,646,650,89.6,4
1790,2,648,650,89.6,2
756,6,645,651,89.6,6
3875,5,646,651,89.6,5
1071,3,648,651,89.6,3
2240,2,649,651,89.6,2
2361,1,650,651,89.6,1
351,3,649,652,89.6,3
696,4,649,653,89.6,4
3500,8,646,654,89.6,8
3020,3,651,654,89.6,3
3649,7,648,655,89.6,7
3845,7,648,655,89.6,7
3426,6,649,655,89.6,6
3740,9,647,656,89.6,9
1835,6,650,656,89.6,6
501,4,652,656,89.6,4
4010,6,651,657,89.6,6
2421,6,651,657,89.6,6
4100,3,654,657,89.6,3
201,9,649,658,89.6,9
3755,2,656,658,89.6,2
1131,2,656,658,89.6,2
1626,9,650,659,89.6,9
2061,8,651,659,89.6,8
711,6,653,659,89.6,6
3814,4,655,659,89.6,4
2466,2,657,659,89.6,2
4475,2,657,659,89.6,2
801,9,651,660,89.6,9
4430,5,655,660,89.6,5
4054,2,659,661,89.6,2
3711,7,655,662,89.6,7
1955,6,656,662,89.6,6
4040,5,657,662,89.6,5
1251,4,658,662,89.6,4
3110,9,654,663,89.6,9
4025,5,658,663,89.6,5
50,2,661,663,89.7,2
4580,5,659,664,89.7,5
1956,6,659,665,89.7,6
2136,6,659,665,89.7,6
591,8,658,666,89.7,8
1041,7,659,666,89.7,7
2601,7,659,666,89.7,7
4640,6,660,666,89.7,6
3861,4,662,666,89.7,4
1296,5,662,667,89.7,5
4355,5,663,668,89.7,5
411,4,664,668,89.7,4
1176,2,666,668,89.7,2
1146,9,660,669,89.7,9
2496,4,665,669,89.7,4
4550,1,668,669,89.7,1
3185,7,663,670,89.7,7
2076,5,665,670,89.7,5
1236,2,668,670,89.7,2
2541,1,669,670,89.7,1
4610,1,669,670,89.7,1
2195,9,662,671,89.7,9
4280,9,662,671,89.7,9
846,5,666,671,89.7,5
4775,1,670,671,89.7,1
80,9,663,672,89.7,9
1611,6,667,673,89.7,6
1206,4,669,673,89.7,4
4310,2,671,673,89.7,2
4835,8,666,674,89.7,8
2856,4,670,674,89.7,4
2691,9,666,675,89.7,9
3891,9,666,675,89.7,9
2811,5,670,675,89.7,5
3395,6,670,676,89.7,6
1851,6,670,676,89.7,6
1191,5,671,676,89.7,5
2886,1,675,676,89.7,1
636,9,668,677,89.7,9
4865,6,671,677,89.7,6
215,6,672,678,89.7,6
1281,5,673,678,89.7,5
3231,3,675,678,89.7,3
681,1,677,678,89.7,1
2225,8,671,679,89.7,8
4880,5,674,679,89.7,5
4940,2,677,679,89.7,2
4505,7,673,680,89.7,7
1266,4,676,680,89.7,4
1641,8,673,681,89.7,8
3111,7,674,681,89.7,7
2046,5,676,681,89.7,5
3246,5,678,683,89.7,5
2360,4,679,683,89.7,4
4071,9,675,684,89.7,9
3440,8,676,684,89.7,8
4970,5,679,684,89.7,5
3021,9,676,685,89.7,9
2826,4,681,685,89.7,4
4221,1,684,685,89.7,1
290,8,678,686,89.7,8
1011,8,678,686,89.7,8
4745,6,680,686,89.7,6
2916,1,685,686,89.7,1
1446,9,678,687,89.7,9
4386,2,685,687,89.7,2
141,9,679,688,89.7,9
3516,7,681,688,89.7,7
3635,4,684,688,89.7,4
1371,9,680,689,89.7,9
396,5,684,689,89.7,5
4401,2,687,689,89.7,2
1656,9,681,690,89.7,9
3141,5,685,690,89.7,5
365,4,686,690,89.7,4
2751,3,687,690,89.7,3
3276,8,683,691,89.7,8
3050,8,683,691,89.7,8
246,3,688,691,89.7,3
3785,3,688,691,89.7,3
4851,2,689,691,89.7,2
66,6,686,692,89.7,6
3606,4,688,692,89.7,4
3140,1,691,692,89.7,1
7,2,691,693,89.7,2
1341,8,686,694,89.7,8
3396,8,686,694,89.7,8
1761,6,689,695,89.7,6
486,6,689,695,89.7,6
755,5,690,695,89.7,5
2781,5,690,695,89.7,5
3156,6,690,696,89.7,6
3441,5,691,696,89.7,5
231,4,692,696,89.7,4
3546,2,694,696,89.7,2
1731,7,690,697,89.7,7
4235,6,691,697,89.7,6
3290,5,692,697,89.7,5
726,7,691,698,89.7,7
3996,6,692,698,89.7,6
232,6,693,699,89.7,6
1806,4,695,699,89.7,4
771,4,695,699,89.7,4
456,3,696,699,89.7,3
1821,2,697,699,89.7,2
4056,5,696,701,89.7,5
2271,2,699,701,89.7,2
1401,8,694,702,89.7,8
3621,6,696,702,89.7,6
4655,5,697,702,89.7,5
1025,8,695,703,89.7,8
786,5,698,703,89.7,5
397,4,699,703,89.7,4
2796,9,695,704,89.7,9
2391,3,701,704,89.7,3
532,1,703,704,89.7,1
3651,9,696,705,89.7,9
3320,8,697,705,89.7,8
1836,6,699,705,89.7,6
3681,3,702,705,89.7,3
831,2,703,705,89.7,2
4296,8,698,706,89.7,8
996,7,699,706,89.7,7
861,1,705,706,89.7,1
546,8,699,707,89.7,8
4431,6,701,707,89.7,6
2256,2,705,707,89.7,2
4671,3,705,708,89.7,3
906,2,706,708,89.7,2
1431,7,702,709,89.7,7
4670,7,702,709,89.7,7
4776,2,707,709,89.7,2
3066,6,704,710,89.7,6
4326,4,706,710,89.7,4
4701,2,708,710,89.7,2
4866,1,709,710,89.7,1
2436,7,704,711,89.7,7
3890,6,705,711,89.7,6
1311,5,706,711,89.7,5
1356,4,707,711,89.7,4
1265,9,703,712,89.7,9
577,8,704,712,89.7,8
1461,3,709,712,89.7,3
3741,9,705,714,89.7,9
1596,3,711,714,89.7,3
2286,8,707,715,89.7,8
1685,3,712,715,89.7,3
966,8,708,716,89.7,8
3291,6,710,716,89.7,6
4371,6,710,716,89.7,6
4761,6,710,716,89.7,6
1491,4,712,716,89.7,4
3051,1,715,716,89.7,1
4700,8,709,717,89.7,8
2946,6,711,717,89.7,6
3950,6,711,717,89.7,6
127,8,710,718,89.7,8
262,2,716,718,89.7,2
3126,2,716,718,89.7,2
2451,8,711,719,89.7,8
697,7,712,719,89.7,7
1910,4,715,719,89.7,4
1326,3,716,719,89.7,3
3381,1,718,719,89.7,1
4596,5,716,721,89.7,5
3036,2,719,721,89.7,2
3636,2,719,721,89.7,2
4146,8,714,722,89.7,8
1566,6,716,722,89.7,6
4730,5,717,722,89.7,5
772,3,719,722,89.7,3
1686,9,714,723,89.7,9
3321,7,716,723,89.7,7
4041,2,721,723,89.7,2
3006,7,717,724,89.7,7
652,6,718,724,89.7,6
1581,5,719,724,89.7,5
4385,8,717,725,89.7,8
4311,3,722,725,89.7,3
982,8,718,726,89.7,8
4895,5,722,727,89.7,5
937,5,722,727,89.7,5
2031,3,724,727,89.7,3
1012,1,726,727,89.7,1
2030,9,719,728,89.7,9
3081,7,721,728,89.7,7
2181,1,727,728,89.7,1
1222,2,727,729,89.7,2
502,9,721,730,89.7,9
1746,7,723,730,89.7,7
3351,7,723,730,89.7,7
1701,9,722,731,89.7,9
4911,8,723,731,89.7,8
3096,7,724,731,89.7,7
4356,6,725,731,89.7,6
637,1,730,731,89.7,1
712,9,724,733,89.7,9
4400,8,725,733,89.7,8
1057,6,727,733,89.7,6
3261,3,731,734,89.7,3
1926,5,730,735,89.7,5
3501,5,730,735,89.7,5
1776,4,731,735,89.7,4
862,4,731,735,89.7,4
952,2,733,735,89.7,2
186,9,727,736,89.7,9
2255,8,728,736,89.7,8
3306,8,728,736,89.7,8
4581,5,731,736,89.7,5
3576,1,735,736,89.7,1
2376,1,735,736,89.7,1
2241,9,728,737,89.7,9
2330,1,736,737,89.7,1
3366,1,736,737,89.7,1
1237,9,729,738,89.7,9
4941,7,731,738,89.7,7
4716,2,736,738,89.7,2
1027,4,735,739,89.7,4
321,3,736,739,89.7,3
2450,2,737,739,89.7,2
1192,7,733,740,89.7,7
1552,1,739,740,89.7,1
4685,8,733,741,89.7,8
2346,4,737,741,89.7,4
1971,7,735,742,89.7,7
1132,7,735,742,89.7,7
3696,6,736,742,89.7,6
3411,5,737,742,89.7,5
3561,9,734,743,89.7,9
2406,7,736,743,89.7,7
1282,3,740,743,89.7,3
2570,5,739,744,89.7,5
1567,4,740,744,89.7,4
2511,3,741,744,89.7,3
1312,1,743,744,89.7,1
2735,1,744,745,89.7,1
1612,1,744,745,89.6,1
3726,3,743,746,89.6,3
1882,9,738,747,89.7,9
322,9,738,747,89.7,9
4926,9,738,747,89.7,9
2121,5,742,747,89.7,5
1582,3,744,747,89.7,3
891,9,739,748,89.7,9
1327,6,742,748,89.7,6
3831,6,742,748,89.7,6
3801,2,746,748,89.7,2
22,1,747,748,89.7,1
3951,1,748,749,89.7,1
4805,9,741,750,89.7,9
3756,9,742,751,89.7,9
2211,4,747,751,89.7,4
2616,9,743,752,89.7,9
2586,9,744,753,89.7,9
3125,8,745,753,89.7,8
1702,8,745,753,89.7,8
2287,6,747,753,89.7,6
1642,6,747,753,89.7,6
1657,5,748,753,89.7,5
667,7,747,754,89.7,7
4551,5,749,754,89.7,5
3786,3,751,754,89.7,3
2767,1,753,754,89.7,1
112,7,748,755,89.7,7
306,5,750,755,89.7,5
2991,2,753,755,89.7,2
922,1,754,755,89.7,1
202,1,754,755,89.7,1
981,8,748,756,89.7,8
2797,2,754,756,89.7,2
3936,9,748,757,89.7,9
3305,4,753,757,89.7,4
2347,4,753,757,89.7,4
1537,2,755,757,89.7,2
4026,1,757,758,89.7,1
2331,8,751,759,89.7,8
1972,6,753,759,89.7,6
426,4,755,759,89.7,4
1161,3,756,759,89.7,3
2932,3,756,759,89.7,3
2706,8,752,760,89.7,8
1342,5,755,760,89.7,5
2062,1,759,760,89.7,1
1777,8,753,761,89.7,8
1372,1,760,761,89.7,1
3022,2,760,762,89.7,2
3966,9,754,763,89.7,9
472,8,755,763,89.7,8
1747,2,761,763,89.7,2
3201,9,755,764,89.7,9
2452,7,757,764,89.7,7
516,6,759,765,89.7,6
1221,6,759,765,89.7,6
2992,6,759,765,89.7,6
3620,9,757,766,89.7,9
1627,9,757,766,89.7,9
4341,8,758,766,89.7,8
2631,7,759,766,89.7,7
1912,6,761,767,89.7,6
592,4,763,767,89.7,4
1837,4,763,767,89.7,4
1896,2,765,767,89.7,2
2137,1,766,767,89.7,1
2871,8,760,768,89.7,8
1897,1,767,768,89.7,1
3216,6,764,770,89.7,6
1386,5,765,770,89.7,5
3770,4,766,770,89.7,4
787,3,767,770,89.7,3
3277,9,762,771,89.7,9
2016,4,767,771,89.7,4
2437,4,767,771,89.7,4
3965,1,770,771,89.7,1
4086,9,763,772,89.7,9
3247,7,765,772,89.7,7
2961,4,768,772,89.7,4
2227,4,768,772,89.7,4
2542,9,764,773,89.7,9
2646,7,766,773,89.7,7
3322,2,771,773,89.7,2
3876,1,772,773,89.7,1
4746,8,766,774,89.7,8
1927,7,767,774,89.7,7
4161,2,772,774,89.7,2
2752,3,772,775,89.7,3
2722,2,773,775,89.7,2
4012,2,773,775,89.7,2
3456,6,770,776,89.7,6
2737,1,775,776,89.7,1
4070,6,771,777,89.7,6
1716,8,770,778,89.7,8
1117,9,770,779,89.7,9
2196,8,771,779,89.7,8
2482,8,771,779,89.7,8
2766,6,773,779,89.7,6
412,5,774,779,89.7,5
4251,5,774,779,89.7,5
3202,4,775,779,89.7,4
4042,4,775,779,89.7,4
3397,9,772,781,89.7,9
1942,7,774,781,89.7,7
2707,2,779,781,89.7,2
4267,2,779,781,89.7,2
3981,9,773,782,89.7,9
1866,4,778,782,89.7,4
2931,3,779,782,89.7,3
1387,4,779,783,89.7,4
2316,4,779,783,89.7,4
2917,2,781,783,89.7,2
4266,1,782,783,89.7,1
4027,5,779,784,89.7,5
3531,9,776,785,89.7,9
3112,9,776,785,89.7,9
1957,4,781,785,89.7,4
1881,3,782,785,89.7,3
4175,9,777,786,89.7,9
562,7,779,786,89.7,7
4416,7,779,786,89.7,7
3187,3,783,786,89.7,3
4491,3,783,786,89.7,3
3472,6,781,787,89.7,6
4387,6,781,787,89.7,6
3457,1,786,787,89.7,1
2556,5,783,788,89.7,5
4011,4,785,789,89.7,4
1987,4,785,789,89.7,4
4536,3,786,789,89.7,3
4340,4,786,790,89.7,4
3486,9,782,791,89.7,9
1417,8,783,791,89.7,8
3127,6,785,791,89.7,6
4417,4,787,791,89.7,4
2092,3,789,792,89.7,3
4447,1,791,792,89.7,1
4072,9,784,793,89.7,9
622,7,786,793,89.7,7
4641,7,786,793,89.7,7
4686,4,789,793,89.7,4
2091,9,785,794,89.7,9
3517,7,787,794,89.7,7
3352,3,791,794,89.7,3
3547,8,787,795,89.7,8
4117,2,793,795,89.7,2
3637,1,794,795,89.7,1
2661,9,788,797,89.7,9
4566,8,789,797,89.7,8
682,4,793,797,89.7,4
4986,4,793,797,89.7,4
4535,8,790,798,89.7,8
1762,7,791,798,89.7,7
2242,6,792,798,89.7,6
4522,6,792,798,89.7,6
2106,4,794,798,89.7,4
3997,3,795,798,89.7,3
3906,8,791,799,89.7,8
4881,6,793,799,89.7,6
3471,2,797,799,89.7,2
97,2,797,799,89.7,2
4207,5,795,800,89.7,5
2481,2,798,800,89.7,2
52,1,799,800,89.7,1
4806,4,797,801,89.7,4
817,4,797,801,89.7,4
3487,8,794,802,89.7,8
4162,4,798,802,89.7,4
4116,4,799,803,89.7,4
2571,3,800,803,89.7,3
3667,9,795,804,89.7,9
21,6,798,804,89.7,6
67,4,800,804,89.7,4
2676,1,803,804,89.7,1
1807,7,798,805,89.7,7
4297,5,800,805,89.7,5
1597,4,801,805,89.7,4
2497,8,798,806,89.7,8
4552,8,798,806,89.7,8
3591,7,799,806,89.7,7
3697,4,802,806,89.7,4
96,2,804,806,89.7,2
2721,2,804,806,89.7,2
4567,1,805,806,89.7,1
4192,3,804,807,89.7,3
142,9,799,808,89.7,9
4821,7,801,808,89.7,7
4237,6,802,808,89.7,6
172,5,804,809,89.7,5
1672,4,805,809,89.7,4
4956,2,808,810,89.7,2
2782,5,806,811,89.7,5
2077,2,809,811,89.7,2
4191,9,803,812,89.7,9
2602,7,805,812,89.7,7
171,6,806,812,89.7,6
353,6,806,812,89.7,6
187,3,809,812,89.7,3
247,2,810,812,89.7,2
427,1,812,813,89.7,1
3666,8,806,814,89.7,8
3892,8,806,814,89.7,8
4282,6,808,814,89.7,6
593,2,812,814,89.7,2
607,1,813,814,89.7,1
4777,9,806,815,89.7,9
2841,9,806,815,89.7,9
4327,8,807,815,89.7,8
2167,4,811,815,89.7,4
1328,1,814,815,89.7,1
727,1,814,815,89.7,1
2857,4,812,816,89.7,4
277,9,808,817,89.7,9
3171,2,815,817,89.7,2
1598,2,815,817,89.7,2
4236,6,812,818,89.7,6
292,6,812,818,89.7,6
3982,4,814,818,89.7,4
2257,3,815,818,89.7,3
3772,8,811,819,89.7,8
3771,5,814,819,89.7,5
4822,4,815,819,89.7,4
276,8,812,820,89.7,8
4792,2,818,820,89.7,2
877,6,815,821,89.7,6
1703,4,817,821,89.7,4
4402,7,815,822,89.7,7
4957,3,819,822,89.7,3
4927,2,820,822,89.7,2
218,9,814,823,89.7,9
3186,6,817,823,89.7,6
967,2,821,823,89.7,2
3172,8,816,824,89.7,8
337,6,818,824,89.7,6
1042,1,823,824,89.7,1
367,8,817,825,89.7,8
4942,3,822,825,89.7,3
3336,2,823,825,89.7,2
1072,1,824,825,89.7,1
4611,8,818,826,89.7,8
4432,7,819,826,89.7,7
4462,4,822,826,89.7,4
2302,9,818,827,89.7,9
3816,9,819,828,89.7,9
173,6,822,828,89.7,6
4206,3,825,828,89.7,3
336,9,820,829,89.7,9
383,6,823,829,89.7,6
2258,9,821,830,89.7,9
98,5,825,830,89.7,5
4656,4,826,830,89.7,4
3337,7,824,831,89.7,7
442,6,825,831,89.7,6
1732,6,825,831,89.7,6
2512,4,827,831,89.7,4
3846,3,828,831,89.7,3
4912,6,826,832,89.7,6
471,3,829,832,89.7,3
352,9,824,833,89.7,9
4867,7,826,833,89.7,7
2618,3,830,833,89.7,3
473,6,828,834,89.7,6
4897,1,833,834,89.7,1
578,5,830,835,89.7,5
4731,5,830,835,89.7,5
3442,4,831,835,89.7,4
741,3,832,835,89.7,3
4461,8,828,836,89.7,8
2888,3,833,836,89.7,3
503,8,829,837,89.7,8
517,6,831,837,89.7,6
3921,6,831,837,89.7,6
757,4,833,837,89.7,4
3712,2,835,837,89.7,2
248,6,832,838,89.7,6
653,4,834,838,89.7,4
3952,2,837,839,89.7,2
1028,1,838,839,89.7,1
2032,9,831,840,89.7,9
2587,9,831,840,89.7,9
4987,6,834,840,89.7,6
4101,3,837,840,89.7,3
1058,1,839,840,89.7,1
3083,5,836,841,89.7,5
308,1,840,841,89.7,1
1026,7,835,842,89.7,7
802,5,837,842,89.7,5
1267,5,837,842,89.7,5
4476,7,836,843,89.7,7
2047,3,840,843,89.7,3
923,9,835,844,89.7,9
4971,9,835,844,89.7,9
563,7,837,844,89.7,7
608,6,838,844,89.7,6
3052,4,840,844,89.7,4
1673,4,840,844,89.7,4
1447,2,842,844,89.7,2
398,4,841,845,89.7,4
4836,2,843,845,89.7,2
4132,7,839,846,89.7,7
1086,4,842,846,89.7,4
1283,2,844,846,89.7,2
638,2,844,846,89.7,2
833,2,844,846,89.7,2
1823,3,844,847,89.7,3
3293,7,841,848,89.7,7
2332,5,843,848,89.7,5
623,3,845,848,89.7,3
908,2,846,848,89.7,2
4176,9,840,849,89.7,9
1162,7,842,849,89.7,7
4177,3,846,849,89.7,3
2407,1,848,849,89.7,1
82,6,844,850,89.7,6
1507,6,844,850,89.7,6
3743,2,848,850,89.7,2
4506,1,849,850,89.7,1
2572,1,849,850,89.7,1
37,6,845,851,89.7,6
4627,2,849,851,89.7,2
1373,6,846,852,89.7,6
1103,6,846,852,89.7,6
1177,3,849,852,89.7,3
217,2,850,852,89.7,2
3142,9,844,853,89.7,9
1116,7,846,853,89.7,7
1717,3,850,853,89.7,3
2632,3,850,853,89.7,3
2078,1,852,853,89.7,1
4762,3,851,854,89.7,3
1148,7,848,855,89.7,7
892,3,852,855,89.7,3
3502,2,853,855,89.7,2
1506,2,853,855,89.7,2
2198,9,847,856,89.7,9
1208,1,855,856,89.7,1
998,9,848,857,89.7,9
4521,7,850,857,89.7,7
1193,5,852,857,89.7,5
547,7,851,858,89.7,7
2122,6,852,858,89.7,6
3037,5,853,858,89.7,5
907,3,855,858,89.7,3
3938,9,850,859,89.7,9
3232,1,858,859,89.7,1
2213,7,853,860,89.7,7
1523,4,856,860,89.7,4
742,3,858,861,89.7,3
4088,2,859,861,89.7,2
1822,9,853,862,89.7,9
1791,7,855,862,89.7,7
3427,3,859,862,89.7,3
4852,9,854,863,89.7,9
3742,9,855,864,89.7,9
2408,8,856,864,89.7,8
1238,8,857,865,89.7,8
1838,8,857,865,89.7,8
1297,7,858,865,89.7,7
2842,3,862,865,89.7,3
2873,1,864,865,89.7,1
4791,9,857,866,89.7,9
2467,8,858,866,89.7,8
4478,5,861,866,89.7,5
2033,1,865,866,89.7,1
2093,1,865,866,89.7,1
832,6,861,867,89.7,6
2151,5,862,867,89.7,5
2902,2,865,867,89.7,2
2333,9,860,869,89.7,9
1613,9,860,869,89.7,9
143,6,863,869,89.7,6
3218,3,866,869,89.7,3
3787,6,864,870,89.7,6
1928,1,869,870,89.7,1
263,1,869,870,89.7,1
3592,9,862,871,89.7,9
2918,6,865,871,89.7,6
2662,5,866,871,89.7,5
1087,4,867,871,89.7,4
3832,1,870,871,89.7,1
2288,6,866,872,89.7,6
4973,7,866,873,89.7,7
1357,9,865,874,89.7,9
4896,8,866,874,89.7,8
3353,5,869,874,89.7,5
1147,3,871,874,89.7,3
4492,3,871,874,89.7,3
2166,8,867,875,89.7,8
338,5,870,875,89.7,5
2963,4,871,875,89.7,4
2947,9,867,876,89.7,9
2438,7,869,876,89.7,7
3652,5,871,876,89.7,5
2303,4,872,876,89.7,4
1432,2,874,876,89.7,2
1207,4,874,878,89.7,4
4657,4,874,878,89.7,4
698,3,875,878,89.7,3
3007,2,876,878,89.7,2
2123,9,870,879,89.7,9
2812,8,871,879,89.7,8
2378,3,876,879,89.7,3
1462,3,876,879,89.7,3
1298,1,878,879,89.7,1
157,6,874,880,89.7,6
2513,4,876,880,89.7,4
39,8,873,881,89.7,8
3518,7,874,881,89.7,7
3068,6,875,881,89.7,6
1522,4,878,882,89.7,4
3262,4,878,882,89.7,4
2693,3,879,882,89.7,3
1478,3,879,882,89.7,3
487,2,880,882,89.7,2
2648,2,880,882,89.7,2
3818,1,881,882,89.7,1
2526,8,875,883,89.7,8
4342,7,876,883,89.7,7
203,5,878,883,89.7,5
2872,5,879,884,89.7,5
3292,2,882,884,89.7,2
2483,7,879,886,89.7,7
1477,7,879,886,89.7,7
2107,4,882,886,89.7,4
2858,4,882,886,89.7,4
4372,3,883,886,89.7,3
3308,6,881,887,89.7,6
4507,1,886,887,89.7,1
609,7,881,888,89.7,7
2901,5,883,888,89.7,5
2798,7,882,889,89.7,7
1553,7,882,889,89.7,7
278,6,883,889,89.7,6
2903,3,886,889,89.7,3
3893,8,882,890,89.7,8
3682,6,884,890,89.7,6
2976,2,888,890,89.7,2
847,9,882,891,89.7,9
2212,5,886,891,89.7,5
4537,4,887,891,89.7,4
3203,2,889,891,89.7,2
2977,8,884,892,89.7,8
1252,1,891,892,89.7,1
2182,7,886,893,89.7,7
3563,6,887,893,89.7,6
4131,3,890,893,89.7,3
3053,8,886,894,89.7,8
1269,7,888,895,89.7,7
4118,5,890,895,89.7,5
3023,7,889,896,89.7,7
1853,7,889,896,89.7,7
368,7,889,896,89.7,7
3233,5,891,896,89.7,5
4147,7,890,897,89.7,7
2362,6,891,897,89.7,6
4837,6,891,897,89.7,6
3217,5,892,897,89.7,5
1492,5,892,897,89.7,5
3098,1,896,897,89.7,1
1389,3,895,898,89.7,3
188,1,897,898,89.7,1
4281,6,893,899,89.7,6
3158,2,897,899,89.7,2
2317,7,893,900,89.7,7
4238,5,895,900,89.7,5
3473,4,896,900,89.7,4
1852,3,897,900,89.7,3
2392,4,897,901,89.7,4
4268,9,893,902,89.7,9
533,6,896,902,89.7,6
3323,9,894,903,89.7,9
1988,7,896,903,89.7,7
1867,4,900,904,89.7,4
2063,2,903,905,89.7,2
2017,1,904,905,89.7,1
4702,9,897,906,89.7,9
3622,9,897,906,89.7,9
2527,6,900,906,89.7,6
4748,4,902,906,89.7,4
2228,1,905,906,89.7,1
1404,9,898,907,89.7,9
443,9,898,907,89.7,9
3263,8,899,907,89.7,8
4028,7,900,907,89.7,7
2827,6,901,907,89.7,6
4446,9,899,908,89.7,9
4373,8,900,908,89.7,8
983,6,902,908,89.7,6
2152,3,905,908,89.7,3
4747,3,906,909,89.7,3
683,2,907,909,89.7,2
3458,7,903,910,89.7,7
3367,3,907,910,89.7,3
4493,3,908,911,89.7,3
3532,1,910,911,89.7,1
3907,6,906,912,89.7,6
2617,6,906,912,89.7,6
2243,6,906,912,89.7,6
4868,7,906,913,89.7,7
1539,6,907,913,89.7,6
3653,7,907,914,89.7,7
1088,6,908,914,89.7,6
4298,8,907,915,89.7,8
2272,7,908,915,89.7,7
3758,5,910,915,89.7,5
3727,4,911,915,89.7,4
2692,3,912,915,89.7,3
204,2,913,915,89.7,2
4626,8,908,916,89.7,8
8,8,909,917,89.7,8
848,8,909,917,89.7,8
1644,4,913,917,89.7,4
2423,6,912,918,89.7,6
1118,4,914,918,89.7,4
2422,3,915,918,89.7,3
4477,7,912,919,89.7,7
4613,9,911,920,89.7,9
3683,6,914,920,89.7,6
4313,6,915,921,89.7,6
3908,6,915,921,89.7,6
307,5,916,921,89.7,5
1899,4,917,921,89.7,4
3817,8,915,923,89.7,8
2887,8,915,923,89.7,8
264,9,915,924,89.7,9
38,7,917,924,89.7,7
3983,3,921,924,89.7,3
1013,8,917,925,89.7,8
1448,7,918,925,89.7,7
2557,7,918,925,89.7,7
4778,5,920,925,89.7,5
382,4,921,925,89.7,4
1944,4,921,925,89.7,4
2453,8,918,926,89.7,8
2962,3,923,926,89.7,3
113,2,924,926,89.7,2
4687,8,919,927,89.7,8
564,3,924,927,89.7,3
457,2,925,927,89.7,2
2019,2,925,927,89.7,2
4328,7,921,928,89.7,7
1628,3,925,928,89.7,3
3953,9,920,929,89.7,9
2543,3,926,929,89.7,3
128,3,926,929,89.7,3
2274,2,927,929,89.7,2
1943,1,928,929,89.7,1
4568,2,928,930,89.7,2
2603,1,929,930,89.7,1
1973,1,929,930,89.7,1
3862,8,923,931,89.7,8
4058,7,924,931,89.7,7
2647,6,925,931,89.7,6
3067,5,926,931,89.7,5
997,4,927,931,89.7,4
1223,7,925,932,89.7,7
4853,7,925,932,89.7,7
2948,2,930,932,89.7,2
4013,4,929,933,89.7,4
4717,7,927,934,89.7,7
158,5,929,934,89.7,5
2574,5,929,934,89.7,5
4943,2,932,934,89.7,2
714,8,927,935,89.7,8
3412,4,931,935,89.7,4
1102,4,931,935,89.7,4
4643,6,930,936,89.7,6
4732,2,934,936,89.7,2
2814,2,934,936,89.7,2
759,1,935,936,89.7,1
2677,6,931,937,89.7,6
3038,5,932,937,89.7,5
4223,4,933,937,89.7,4
3369,1,936,937,89.7,1
1268,6,932,938,89.7,6
68,2,936,938,89.7,2
909,2,936,938,89.7,2
2168,9,930,939,89.7,9
3967,8,931,939,89.7,8
3802,4,935,939,89.7,4
4343,9,931,940,89.7,9
728,6,934,940,89.7,6
1402,6,935,941,89.7,6
3082,4,937,941,89.7,4
293,3,938,941,89.7,3
4283,5,937,942,89.7,5
3714,5,937,942,89.7,5
399,2,940,942,89.7,2
3757,1,941,942,89.7,1
384,9,934,943,89.7,9
4102,4,939,943,89.7,4
3847,4,939,943,89.7,4
1688,6,938,944,89.7,6
773,4,940,944,89.7,4
1687,3,941,944,89.7,3
3819,2,942,944,89.7,2
4838,9,936,945,89.7,9
3143,8,937,945,89.7,8
954,7,938,945,89.7,7
413,4,941,945,89.7,4
4688,3,942,945,89.7,3
699,4,942,946,89.7,4
4612,3,943,946,89.7,3
1149,1,945,946,89.7,1
2633,8,939,947,89.7,8
3922,4,943,947,89.7,4
863,4,944,948,89.7,4
4357,7,942,949,89.7,7
774,6,943,949,89.7,6
1734,3,946,949,89.7,3
1958,6,944,950,89.7,6
4958,5,945,950,89.7,5
4597,1,949,950,89.7,1
3864,7,944,951,89.7,7
879,5,946,951,89.7,5
878,3,948,951,89.7,3
1792,8,944,952,89.7,8
3188,7,945,952,89.7,7
518,7,945,952,89.7,7
114,8,945,953,89.7,8
459,3,950,953,89.7,3
4224,2,951,953,89.7,2
999,2,951,953,89.7,2
818,1,952,953,89.7,1
2153,4,950,954,89.7,4
2002,2,952,954,89.7,2
519,1,953,954,89.7,1
23,9,946,955,89.7,9
1043,4,951,955,89.7,4
1209,1,954,955,89.7,1
2993,9,947,956,89.7,9
4057,9,947,956,89.7,9
4642,7,950,957,89.7,7
354,4,953,957,89.7,4
2183,3,954,957,89.7,3
939,9,949,958,89.7,9
1779,9,949,958,89.7,9
55,5,953,958,89.7,5
3338,7,952,959,89.7,7
1329,4,955,959,89.7,4
4222,3,956,959,89.7,3
83,5,955,960,89.7,5
1449,8,953,961,89.7,8
325,3,958,961,89.7,3
953,9,953,962,89.7,9
3593,6,956,962,89.7,6
3428,3,959,962,89.7,3
2197,9,954,963,89.7,9
1133,8,955,963,89.7,8
1044,6,957,963,89.7,6
1134,5,958,963,89.7,5
458,3,960,963,89.7,3
2363,7,957,964,89.7,7
1163,1,963,964,89.7,1
4672,8,957,965,89.7,8
1959,7,958,965,89.7,7
1059,3,963,966,89.7,3
1359,8,959,967,89.7,8
4252,8,959,967,89.7,8
488,4,963,967,89.7,4
1464,7,961,968,89.7,7
968,6,962,968,89.7,6
3623,6,962,968,89.7,6
3503,6,962,968,89.7,6
1388,4,964,968,89.7,4
893,1,967,968,89.7,1
790,8,961,969,89.7,8
2244,4,965,969,89.7,4
1358,1,968,969,89.7,1
3608,2,968,970,89.7,2
2377,8,963,971,89.7,8
1194,8,963,971,89.7,8
4882,6,965,971,89.7,6
3698,3,968,971,89.7,3
910,2,969,971,89.7,2
4312,5,967,972,89.7,5
1433,4,968,972,89.7,4
4073,2,970,972,89.7,2
3848,1,971,972,89.7,1
2528,9,964,973,89.7,9
1254,7,966,973,89.7,7
1614,7,967,974,89.7,7
1629,6,968,974,89.7,6
1568,2,972,974,89.7,2
2558,1,973,974,89.7,1
1403,7,968,975,89.7,7
4208,4,972,976,89.7,4
3863,4,972,976,89.7,4
1418,8,969,977,89.7,8
1239,6,971,977,89.7,6
4972,6,971,977,89.7,6
1045,6,971,977,89.7,6
2573,3,974,977,89.7,3
1493,2,975,977,89.7,2
2424,9,969,978,89.7,9
3097,7,971,978,89.7,7
1374,5,973,978,89.7,5
1463,1,977,978,89.7,1
53,7,972,979,89.7,7
1704,5,974,979,89.7,5
1643,5,974,979,89.7,5
4403,3,976,979,89.7,3
1075,3,977,980,89.7,3
2663,4,977,981,89.7,4
2634,3,978,981,89.7,3
1538,3,978,981,89.7,3
2154,3,979,982,89.7,3
1763,1,981,982,89.7,1
1824,9,974,983,89.7,9
1599,5,978,983,89.7,5
323,4,979,983,89.7,4
1748,4,979,983,89.7,4
1225,3,980,983,89.7,3
2978,2,981,983,89.7,2
1778,2,982,984,89.7,2
1854,1,983,984,89.7,1
4043,9,976,985,89.7,9
428,8,977,985,89.7,8
2169,3,982,985,89.7,3
548,2,983,985,89.7,2
1674,9,977,986,89.7,9
1508,9,977,986,89.7,9
3157,8,978,986,89.7,8
4883,7,979,986,89.7,7
3878,3,983,986,89.7,3
2334,2,985,987,89.7,2
2769,7,981,988,89.7,7
1793,5,983,988,89.7,5
4598,3,985,988,89.7,3
4433,2,986,988,89.7,2
2199,5,984,989,89.7,5
713,5,985,990,89.7,5
2724,3,987,990,89.7,3
2034,8,983,991,89.7,8
4628,3,988,991,89.7,3
1360,9,983,992,89.7,9
99,6,986,992,89.7,6
4673,1,991,992,89.7,1
2003,9,984,993,89.7,9
788,8,985,993,89.7,8
1809,7,986,993,89.7,7
1583,7,986,993,89.7,7
2754,3,990,993,89.7,3
3307,8,986,994,89.7,8
2108,6,988,994,89.7,6
2319,5,989,994,89.7,5
2979,7,988,995,89.7,7
2619,4,991,995,89.7,4
1658,2,993,995,89.7,2
2468,1,994,995,89.7,1
3382,2,994,996,89.7,2
4463,9,988,997,89.7,9
2184,4,993,997,89.7,4
2379,3,994,997,89.7,3
2723,2,995,997,89.7,2
758,8,990,998,89.7,8
2140,6,992,998,89.6,6
2874,1,997,998,89.6,1
2018,6,993,999,89.6,6
2889,6,993,999,89.6,6
3562,3,996,999,89.6,3
2320,1,998,999,89.6,1
3039,1,998,999,89.6,1
4823,8,992,1000,89.6,8
2678,5,995,1000,89.6,5
2364,3,997,1000,89.6,3
189,9,992,1001,89.6,9
938,8,993,1001,89.6,8
2485,2,999,1001,89.6,2
3234,2,999,1001,89.6,2
2679,7,995,1002,89.6,7
2828,5,997,1002,89.6,5
1253,4,998,1002,89.6,4
2768,3,999,1002,89.6,3
3099,8,995,1003,89.6,8
3084,4,999,1003,89.6,4
3577,4,999,1003,89.6,4
2409,3,1000,1003,89.6,3
279,2,1001,1003,89.6,2
2829,1,1002,1003,89.6,1
1868,3,1001,1004,89.6,3
3114,1,1003,1004,89.6,1
3474,2,1003,1005,89.6,2
3607,2,1003,1005,89.6,2
339,2,1003,1005,89.6,2
2318,1,1004,1005,89.6,1
324,9,997,1006,89.6,9
2755,5,1001,1006,89.6,5
3624,5,1001,1006,89.6,5
2514,4,1003,1007,89.6,4
3144,3,1004,1007,89.6,3
3789,2,1005,1007,89.6,2
2393,2,1005,1007,89.6,2
2815,1,1006,1007,89.6,1
1313,6,1002,1008,89.6,6
624,2,1006,1008,89.6,2
4884,2,1006,1008,89.6,2
4898,9,1000,1009,89.6,9
2708,9,1000,1009,89.6,9
3248,7,1002,1009,89.6,7
2994,7,1003,1010,89.6,7
789,5,1005,1010,89.6,5
684,2,1008,1010,89.6,2
3578,1,1009,1010,89.6,1
2843,9,1002,1011,89.6,9
3877,6,1005,1011,89.6,6
4614,4,1007,1011,89.6,4
2813,2,1009,1011,89.6,2
2589,5,1007,1012,89.6,5
295,4,1008,1012,89.6,4
174,3,1009,1012,89.6,3
924,2,1010,1012,89.6,2
3174,6,1007,1013,89.6,6
2738,6,1007,1013,89.6,6
3638,3,1010,1013,89.6,3
3113,2,1011,1013,89.6,2
1314,1,1012,1013,89.6,1
4629,3,1011,1014,89.6,3
3219,5,1010,1015,89.6,5
1104,5,1010,1015,89.6,5
3384,2,1013,1015,89.6,2
2753,2,1013,1015,89.6,2
3175,9,1007,1016,89.6,9
3413,3,1013,1016,89.6,3
1764,3,1013,1016,89.6,3
3249,1,1015,1016,89.6,1
1343,9,1008,1017,89.6,9
1224,2,1015,1017,89.6,2
3128,7,1011,1018,89.6,7
234,6,1012,1018,89.6,6
3668,5,1013,1018,89.6,5
3937,8,1011,1019,89.6,8
3429,5,1015,1020,89.6,5
3339,4,1016,1020,89.6,4
1284,3,1017,1020,89.6,3
3354,9,1012,1021,89.6,9
385,9,1012,1021,89.6,9
3280,5,1016,1021,89.6,5
3713,5,1016,1021,89.6,5
4869,8,1014,1022,89.6,8
1718,5,1017,1022,89.6,5
2783,8,1015,1023,89.6,8
3728,5,1018,1023,89.6,5
505,3,1021,1024,89.6,3
1974,9,1016,1025,89.6,9
309,7,1018,1025,89.6,7
4087,6,1019,1025,89.6,6
3803,4,1021,1025,89.6,4
2933,2,1023,1025,89.6,2
1733,4,1022,1026,89.6,4
715,2,1024,1026,89.6,2
3443,9,1018,1027,89.6,9
1419,7,1020,1027,89.6,7
3968,2,1025,1027,89.6,2
3444,7,1021,1028,89.6,7
3670,7,1021,1028,89.6,7
1645,2,1026,1028,89.6,2
3699,9,1020,1029,89.6,9
3759,9,1020,1029,89.6,9
3533,2,1027,1029,89.6,2
4178,7,1023,1030,89.6,7
1915,2,1028,1030,89.6,2
4914,9,1022,1031,89.6,9
3804,2,1029,1031,89.6,2
3278,7,1025,1032,89.6,7
1839,5,1027,1032,89.6,5
4103,5,1027,1032,89.6,5
3925,4,1028,1032,89.6,4
1990,2,1030,1032,89.6,2
2004,8,1025,1033,89.6,8
4582,8,1025,1033,89.6,8
1808,7,1026,1033,89.6,7
474,9,1025,1034,89.6,9
3459,6,1028,1034,89.6,6
2049,2,1032,1034,89.6,2
1883,1,1033,1034,89.6,1
4253,5,1030,1035,89.6,5
296,3,1032,1035,89.6,3
2245,4,1032,1036,89.6,4
2454,2,1034,1036,89.6,2
4539,8,1029,1037,89.6,8
4163,8,1029,1037,89.6,8
461,2,1035,1037,89.6,2
2694,1,1036,1037,89.6,1
3834,7,1031,1038,89.6,7
3368,6,1032,1038,89.6,6
4133,6,1032,1038,89.6,6
25,8,1031,1039,89.6,8
1898,5,1034,1039,89.6,5
2739,2,1037,1039,89.6,2
3969,1,1038,1039,89.6,1
804,6,1034,1040,89.6,6
4418,5,1035,1040,89.6,5
3548,2,1038,1040,89.6,2
85,1,1039,1040,89.6,1
4807,8,1033,1041,89.6,8
3504,7,1034,1041,89.6,7
2048,2,1039,1041,89.6,2
4014,2,1039,1041,89.6,2
2064,9,1033,1042,89.6,9
4569,5,1037,1042,89.6,5
4193,6,1037,1043,89.6,6
521,6,1037,1043,89.6,6
894,4,1040,1044,89.6,4
250,4,1040,1044,89.6,4
233,3,1041,1044,89.6,3
2348,3,1041,1044,89.6,3
2260,9,1036,1045,89.6,9
4538,7,1038,1045,89.6,7
4508,2,1043,1045,89.6,2
668,1,1044,1045,89.6,1
4749,4,1042,1046,89.6,4
2289,3,1044,1047,89.6,3
3129,9,1039,1048,89.6,9
4448,8,1040,1048,89.6,8
3519,7,1041,1048,89.6,7
2484,6,1042,1048,89.6,6
1060,4,1044,1048,89.6,4
2470,3,1045,1048,89.6,3
3923,9,1040,1049,89.6,9
596,6,1043,1049,89.6,6
2588,5,1044,1049,89.6,5
129,4,1045,1049,89.6,4
1195,1,1048,1049,89.6,1
4299,9,1041,1050,89.6,9
3069,4,1047,1051,89.6,4
4718,3,1048,1051,89.6,3
3998,2,1049,1051,89.6,2
2800,4,1048,1052,89.6,4
4658,8,1045,1053,89.6,8
743,8,1045,1053,89.6,8
4779,7,1046,1053,89.6,7
3279,5,1048,1053,89.6,5
1091,4,1049,1053,89.6,4
3008,4,1049,1053,89.6,4
3534,6,1048,1054,89.6,6
4148,3,1051,1054,89.6,3
803,1,1053,1054,89.6,1
1346,1,1053,1054,89.6,1
2559,7,1048,1055,89.6,7
159,6,1049,1055,89.6,6
1255,6,1049,1055,89.6,6
3189,4,1051,1055,89.6,4
4523,2,1054,1056,89.6,2
1315,1,1055,1056,89.6,1
2845,5,1052,1057,89.6,5
4703,4,1053,1057,89.6,4
4314,9,1050,1059,89.6,9
4733,8,1051,1059,89.6,8
1541,6,1054,1060,89.6,6
3264,5,1055,1060,89.6,5
160,8,1053,1061,89.6,8
3564,7,1054,1061,89.6,7
3894,9,1053,1062,89.6,9
3383,9,1053,1062,89.6,9
1073,8,1054,1062,89.6,8
2784,7,1055,1062,89.6,7
4793,6,1056,1062,89.6,6
2935,5,1057,1062,89.6,5
639,8,1055,1063,89.6,8
1510,7,1056,1063,89.6,7
3488,1,1062,1063,89.6,1
369,5,1059,1064,89.6,5
3579,3,1061,1064,89.6,3
669,2,1063,1065,89.6,2
3773,2,1063,1065,89.6,2
4988,9,1057,1066,89.6,9
3788,1,1065,1066,89.6,1
4674,8,1059,1067,89.6,8
3054,5,1062,1067,89.6,5
4913,5,1062,1067,89.6,5
520,7,1061,1068,89.6,7
4329,6,1062,1068,89.6,6
3879,4,1064,1068,89.6,4
4809,1,1067,1068,89.6,1
1736,9,1060,1069,89.6,9
3324,9,1060,1069,89.6,9
3145,7,1062,1069,89.6,7
1434,5,1065,1070,89.6,5
1751,1,1069,1070,89.5,1
1178,9,1062,1071,89.4,9
3594,4,1067,1071,89.3,4
670,3,1068,1071,89.2,3
1856,1,1070,1071,89.2,1
1555,9,1063,1072,89.2,9
654,8,1064,1072,89.2,8
144,6,1066,1072,89.2,6
4464,4,1068,1072,89.2,4
3833,7,1066,1073,89.2,7
3984,5,1068,1073,89.2,5
3654,4,1069,1073,89.2,4
2051,3,1071,1074,89.2,3
2065,2,1072,1074,89.2,2
4388,1,1073,1074,89.2,1
4119,1,1073,1074,89.2,1
24,8,1067,1075,89.2,8
3669,4,1071,1075,89.2,4
969,4,1072,1076,89.2,4
3729,3,1073,1076,89.2,3
2096,2,1074,1076,89.2,2
4179,2,1074,1076,89.2,2
84,1,1075,1076,89.2,1
4959,9,1068,1077,89.2,9
3190,8,1069,1077,89.2,8
4928,4,1074,1078,89.2,4
4449,2,1076,1078,89.2,2
3205,1,1077,1078,89.2,1
1689,9,1070,1079,89.2,9
249,7,1072,1079,89.2,7
2141,3,1076,1079,89.2,3
1913,9,1071,1080,89.2,9
820,9,1071,1080,89.2,9
294,1,1079,1080,89.2,1
4764,9,1072,1081,89.2,9
984,5,1076,1081,89.2,5
414,5,1076,1081,89.2,5
2350,8,1074,1082,89.2,8
3235,4,1078,1082,89.2,4
2291,3,1079,1082,89.2,3
970,2,1080,1082,89.2,2
744,3,1080,1083,89.2,3
3684,9,1075,1084,89.2,9
9,6,1078,1084,89.2,6
1014,3,1081,1084,89.2,3
3041,2,1082,1084,89.2,2
3744,9,1076,1085,89.2,9
100,8,1077,1085,89.2,8
4494,7,1078,1085,89.2,7
2138,5,1080,1085,89.2,5
1000,4,1082,1086,89.2,4
54,2,1084,1086,89.2,2
2273,1,1085,1086,89.2,1
2109,8,1079,1087,89.2,8
594,6,1081,1087,89.2,6
4839,7,1081,1088,89.2,7
2425,6,1082,1088,89.2,6
3250,6,1082,1088,89.2,6
3071,4,1084,1088,89.2,4
834,6,1083,1089,89.2,6
219,3,1086,1089,89.2,3
2498,4,1086,1090,89.2,4
2349,3,1087,1090,89.2,3
864,1,1089,1090,89.2,1
819,4,1087,1091,89.2,4
1074,8,1084,1092,89.2,8
849,1,1091,1092,89.2,1
4404,9,1084,1093,89.2,9
115,8,1085,1093,89.2,8
4509,8,1085,1093,89.2,8
429,4,1089,1093,89.2,4
2709,3,1090,1093,89.2,3
3909,9,1085,1094,89.2,9
3625,6,1088,1094,89.2,6
3506,6,1088,1094,89.2,6
3173,4,1090,1094,89.2,4
1029,4,1090,1094,89.2,4
1165,9,1086,1095,89.2,9
1494,3,1092,1095,89.2,3
1509,1,1094,1095,89.2,1
444,3,1093,1096,89.2,3
4854,9,1088,1097,89.2,9
3010,9,1088,1097,89.2,9
145,5,1093,1098,89.2,5
1524,3,1095,1098,89.2,3
175,1,1097,1098,89.2,1
3536,5,1094,1099,89.2,5
3398,5,1094,1099,89.2,5
1659,4,1095,1099,89.2,4
2079,1,1098,1099,89.2,1
1299,8,1092,1100,89.2,8
1300,5,1095,1100,89.2,5
4419,8,1093,1101,89.2,8
3024,8,1093,1101,89.2,8
3130,4,1097,1101,89.2,4
925,9,1093,1102,89.2,9
4164,8,1094,1102,89.2,8
1765,2,1100,1102,89.2,2
3655,9,1094,1103,89.2,9
460,5,1098,1103,89.2,5
4524,2,1101,1103,89.2,2
4344,1,1102,1103,89.2,1
1479,4,1100,1104,89.2,4
4554,1,1103,1104,89.2,1
489,9,1096,1105,89.2,9
3626,6,1099,1105,89.2,6
1885,3,1102,1105,89.2,3
190,1,1104,1105,89.2,1
2139,7,1099,1106,89.2,7
4599,3,1103,1106,89.2,3
504,1,1105,1106,89.2,1
205,9,1098,1107,89.2,9
4358,8,1099,1107,89.2,8
3159,6,1101,1107,89.2,6
475,4,1103,1107,89.2,4
534,1,1106,1107,89.2,1
1929,9,1099,1108,89.2,9
1554,5,1104,1109,89.2,5
2050,4,1105,1109,89.2,4
2214,3,1106,1109,89.2,3
565,2,1107,1109,89.2,2
3640,9,1101,1110,89.2,9
655,5,1105,1110,89.2,5
579,3,1107,1110,89.2,3
1270,9,1102,1111,89.2,9
3836,6,1105,1111,89.2,6
280,4,1107,1111,89.2,4
2259,3,1108,1111,89.2,3
2544,2,1109,1111,89.2,2
3730,9,1103,1112,89.2,9
745,3,1109,1112,89.2,3
685,1,1111,1112,89.2,1
3414,6,1107,1113,89.2,6
2215,4,1109,1113,89.2,4
729,3,1110,1113,89.2,3
1345,1,1112,1113,89.2,1
4553,7,1107,1114,89.2,7
1584,5,1109,1114,89.2,5
880,4,1110,1114,89.2,4
4704,9,1106,1115,89.2,9
2529,4,1111,1115,89.2,4
3609,2,1113,1115,89.2,2
4583,1,1114,1115,89.2,1
4376,5,1111,1116,89.2,5
2649,5,1111,1116,89.2,5
2859,1,1115,1116,89.2,1
1435,6,1111,1117,89.2,6
730,5,1112,1117,89.2,5
4300,8,1110,1118,89.2,8
3940,6,1112,1118,89.2,6
1089,5,1113,1118,89.2,5
2904,2,1116,1118,89.2,2
4480,1,1118,1119,89.2,1
2275,8,1113,1121,89.2,8
3009,3,1118,1121,89.2,3
1975,9,1113,1122,89.2,9
4763,7,1115,1122,89.2,7
4406,6,1116,1122,89.2,6
2844,6,1116,1122,89.2,6
4315,4,1118,1122,89.2,4
1164,4,1118,1122,89.2,4
2305,1,1121,1122,89.2,1
1719,9,1114,1123,89.2,9
1150,9,1114,1123,89.2,9
4899,8,1115,1123,89.2,8
3639,8,1115,1123,89.2,8
2020,7,1117,1124,89.2,7
4375,2,1122,1124,89.2,2
340,1,1123,1124,89.2,1
2949,3,1122,1125,89.2,3
4795,1,1124,1125,89.2,1
865,9,1117,1126,89.2,9
4510,7,1119,1126,89.2,7
2005,4,1122,1126,89.2,4
4808,4,1122,1126,89.2,4
4556,4,1122,1126,89.2,4
4044,7,1121,1128,89.2,7
1480,5,1123,1128,89.2,5
1344,7,1122,1129,89.2,7
1810,3,1126,1129,89.2,3
1600,1,1128,1129,89.2,1
4029,7,1123,1130,89.2,7
595,6,1124,1130,89.2,6
4840,5,1125,1130,89.2,5
2410,4,1126,1130,89.2,4
2365,9,1122,1131,89.2,9
2335,7,1124,1131,89.2,7
69,5,1126,1131,89.2,5
72,5,1126,1131,89.2,5
4059,3,1128,1131,89.2,3
1840,2,1129,1131,89.2,2
1720,2,1129,1131,89.2,2
1794,9,1123,1132,89.2,9
3939,7,1125,1132,89.2,7
2455,1,1131,1132,89.2,1
4735,7,1126,1133,89.2,7
4074,3,1130,1133,89.2,3
2635,3,1130,1133,89.2,3
4089,2,1131,1133,89.2,2
1569,5,1129,1134,89.2,5
1914,2,1132,1134,89.2,2
2860,2,1133,1135,89.2,2
4870,6,1130,1136,89.2,6
1735,5,1131,1136,89.2,5
4284,4,1132,1136,89.2,4
1884,2,1134,1136,89.2,2
2500,6,1131,1137,89.2,6
4990,1,1136,1137,89.2,1
4644,1,1136,1137,89.1,1
2575,6,1132,1138,89.1,6
4149,5,1133,1138,89.1,5
4254,5,1133,1138,89.2,5
3025,3,1135,1138,89.2,3
895,9,1130,1139,89.2,9
549,8,1131,1139,89.2,8
87,9,1131,1140,89.2,9
1855,9,1131,1140,89.2,9
2124,6,1134,1140,89.2,6
1989,4,1136,1140,89.2,4
4929,4,1137,1141,89.2,4
4794,3,1138,1141,89.2,3
3340,3,1138,1141,89.2,3
146,9,1133,1142,89.2,9
2605,4,1138,1142,89.2,4
2950,2,1140,1142,89.2,2
2229,2,1140,1142,89.2,2
2680,6,1137,1143,89.2,6
371,1,1142,1143,89.2,1
3295,1,1142,1143,89.2,1
1750,8,1136,1144,89.2,8
611,8,1137,1145,89.2,8
4734,7,1138,1145,89.2,7
267,5,1140,1145,89.2,5
40,4,1141,1145,89.2,4
4989,4,1141,1145,89.2,4
3400,4,1141,1145,89.2,4
3835,2,1143,1145,89.2,2
940,7,1139,1146,89.2,7
1119,7,1139,1146,89.2,7
3550,1,1145,1146,89.2,1
746,2,1145,1147,89.2,2
4944,2,1145,1147,89.2,2
2304,6,1142,1148,89.2,6
1960,4,1144,1148,89.2,4
10,1,1147,1148,89.2,1
2094,9,1140,1149,89.2,9
3415,6,1143,1149,89.2,6
492,4,1145,1149,89.2,4
70,4,1145,1149,89.2,4
3580,3,1146,1149,89.2,3
220,5,1145,1150,89.2,5
535,2,1148,1150,89.2,2
2905,9,1142,1151,89.2,9
791,8,1143,1151,89.2,8
4045,6,1145,1151,89.2,6
4090,1,1151,1152,89.2,1
1135,7,1146,1153,89.2,7
3595,4,1149,1153,89.2,4
1179,8,1146,1154,89.2,8
1226,7,1147,1154,89.2,7
2080,6,1148,1154,89.2,6
3430,5,1149,1154,89.2,5
672,5,1149,1154,89.2,5
2394,7,1148,1155,89.2,7
2469,7,1149,1156,89.2,7
415,6,1150,1156,89.2,6
1211,5,1151,1156,89.2,5
1210,3,1153,1156,89.2,3
3505,2,1154,1156,89.2,2
310,9,1149,1158,89.2,9
4150,6,1152,1158,89.2,6
445,2,1156,1158,89.2,2
835,9,1150,1159,89.2,9
852,5,1154,1159,89.2,5
2920,9,1151,1160,89.2,9
2426,6,1154,1160,89.2,6
1090,1,1159,1160,89.2,1
2230,7,1154,1161,89.2,7
2604,5,1156,1161,89.2,5
1781,5,1156,1161,89.2,5
4285,3,1158,1161,89.2,3
1120,1,1160,1161,89.2,1
3745,9,1153,1162,89.2,9
1749,8,1154,1162,89.2,8
4855,6,1156,1162,89.2,6
580,4,1158,1162,89.2,4
2664,1,1161,1162,89.2,1
2276,1,1161,1162,89.2,1
2439,8,1155,1163,89.2,8
1675,7,1156,1163,89.2,7
2351,1,1162,1163,89.2,1
2710,3,1161,1164,89.2,3
2499,1,1163,1164,89.2,1
355,8,1158,1166,89.2,8
1122,7,1159,1166,89.2,7
3115,6,1160,1166,89.2,6
2606,6,1160,1166,89.2,6
1180,6,1161,1167,89.2,6
3895,1,1166,1167,89.2,1
3820,6,1162,1168,89.2,6
1780,5,1163,1168,89.2,5
2501,5,1163,1168,89.2,5
4360,8,1161,1169,89.2,8
1869,7,1162,1169,89.2,7
490,3,1166,1169,89.2,3
131,8,1162,1170,89.2,8
2980,6,1164,1170,89.2,6
2799,6,1164,1170,89.2,6
1227,4,1166,1170,89.2,4
3131,4,1166,1170,89.2,4
1945,2,1168,1170,89.2,2
4540,1,1169,1170,89.2,1
700,9,1162,1171,89.2,9
2919,9,1162,1171,89.2,9
625,2,1169,1171,89.2,2
1240,5,1167,1172,89.2,5
4615,2,1170,1172,89.2,2
2964,1,1171,1172,89.2,1
3116,5,1168,1173,89.2,5
2934,3,1170,1173,89.2,3
1452,3,1170,1173,89.2,3
3489,1,1172,1173,89.2,1
1285,3,1171,1174,89.2,3
4810,7,1168,1175,89.2,7
4000,9,1167,1176,89.2,9
3204,7,1169,1176,89.2,7
3476,6,1170,1176,89.2,6
640,5,1171,1176,89.2,5
266,7,1170,1177,89.2,7
2035,7,1170,1177,89.2,7
4780,5,1172,1177,89.2,5
3311,4,1173,1177,89.2,4
1467,4,1173,1177,89.2,4
3294,5,1173,1178,89.2,5
3309,2,1176,1178,89.2,2
476,1,1177,1178,89.2,1
3055,9,1170,1179,89.2,9
4885,4,1175,1179,89.2,4
760,3,1176,1179,89.2,3
1375,8,1172,1180,89.2,8
3549,7,1173,1180,89.2,7
1420,6,1174,1180,89.2,6
4825,3,1177,1180,89.2,3
1722,3,1177,1180,89.2,3
836,2,1178,1180,89.2,2
3100,2,1179,1181,89.2,2
71,2,1179,1181,89.2,2
1030,2,1179,1181,89.2,2
2095,5,1177,1182,89.2,5
3416,5,1177,1182,89.2,5
3924,4,1178,1182,89.2,4
1540,2,1180,1182,89.2,2
3999,3,1180,1183,89.2,3
3985,2,1181,1183,89.2,2
3806,1,1182,1183,89.2,1
3596,8,1176,1184,89.2,8
341,4,1180,1184,89.2,4
4270,9,1176,1185,89.2,9
1001,5,1180,1185,89.2,5
2337,6,1180,1186,89.2,6
2200,4,1182,1186,89.2,4
4209,4,1182,1186,89.2,4
4001,3,1183,1186,89.2,3
4330,1,1185,1186,89.2,1
3399,9,1178,1187,89.2,9
641,6,1181,1187,89.2,6
3821,3,1184,1187,89.2,3
1330,7,1181,1188,89.2,7
4104,5,1183,1188,89.2,5
4435,2,1186,1188,89.2,2
1495,9,1180,1189,89.2,9
416,5,1184,1189,89.2,5
1900,8,1182,1190,89.2,8
2545,4,1186,1190,89.2,4
1690,2,1188,1190,89.2,2
4194,2,1188,1190,89.2,2
2667,5,1186,1191,89.2,5
4511,5,1186,1191,89.2,5
3774,4,1187,1191,89.2,4
4075,9,1183,1192,89.2,9
2185,2,1190,1192,89.2,2
2697,2,1191,1193,89.2,2
1076,9,1185,1194,89.2,9
4151,7,1187,1194,89.2,7
506,5,1189,1194,89.2,5
4239,9,1186,1195,89.2,9
941,8,1187,1195,89.2,8
4630,7,1188,1195,89.2,7
4389,5,1190,1195,89.2,5
4586,4,1191,1195,89.2,4
1570,7,1189,1196,89.2,7
2530,4,1192,1196,89.2,4
4479,1,1195,1196,89.2,1
1930,7,1190,1197,89.2,7
2665,8,1190,1198,89.2,8
3849,7,1191,1198,89.2,7
4900,3,1195,1198,89.2,3
4165,7,1192,1199,89.2,7
2772,6,1193,1199,89.2,6
1286,5,1194,1199,89.2,5
896,5,1194,1199,89.2,5
2770,1,1198,1199,89.2,1
4269,5,1195,1200,89.2,5
130,4,1196,1200,89.2,4
3954,2,1198,1200,89.2,2
4359,1,1200,1201,89.2,1
4436,8,1194,1202,89.2,8
1466,7,1195,1202,89.2,7
4781,7,1195,1202,89.2,7
4450,3,1199,1202,89.2,3
1406,3,1199,1202,89.2,3
4134,2,1200,1202,89.2,2
1825,7,1196,1203,89.2,7
4584,1,1202,1203,89.2,1
2620,8,1196,1204,89.2,8
2110,7,1197,1204,89.2,7
4930,6,1198,1204,89.2,6
1586,5,1199,1204,89.2,5
3085,5,1199,1204,89.2,5
1870,2,1203,1205,89.2,2
4974,2,1203,1205,89.2,2
2877,7,1199,1206,89.2,7
86,2,1204,1206,89.2,2
1721,2,1204,1206,89.2,2
2125,3,1204,1207,89.2,3
3370,3,1204,1207,89.2,3
4690,6,1202,1208,89.2,6
370,9,1200,1209,89.2,9
1976,7,1202,1209,89.2,7
2740,5,1204,1209,89.2,5
4374,9,1201,1210,89.2,9
1616,8,1202,1210,89.2,8
3552,4,1206,1210,89.2,4
4541,9,1202,1211,89.2,9
4841,9,1202,1211,89.2,9
4434,1,1210,1211,89.2,1
265,7,1205,1212,89.2,7
2081,6,1206,1212,89.2,6
3445,5,1207,1212,89.2,5
2290,8,1205,1213,89.2,8
161,8,1206,1214,89.2,8
4915,6,1208,1214,89.2,6
2890,5,1209,1214,89.2,5
430,6,1209,1215,89.2,6
3582,5,1210,1215,89.2,5
805,3,1212,1215,89.2,3
2380,9,1207,1216,89.2,9
2066,7,1209,1216,89.2,7
4661,5,1211,1216,89.2,5
221,2,1214,1216,89.2,2
2171,1,1216,1217,89.2,1
1646,8,1210,1218,89.2,8
402,7,1211,1218,89.2,7
4659,7,1211,1218,89.1,7
2621,6,1212,1218,89.1,6
2395,5,1213,1218,89.0,5
3490,7,1212,1219,89.0,7
386,5,1214,1219,88.9,5
4736,3,1216,1219,88.9,3
432,1,1218,1219,88.9,1
850,5,1215,1220,88.9,5
447,1,1219,1220,88.9,1
3310,7,1214,1221,88.9,7
3957,6,1215,1221,88.9,6
3565,2,1219,1221,88.9,2
4362,1,1221,1222,88.9,1
2515,7,1216,1223,88.9,7
401,7,1216,1223,88.9,7
4689,5,1218,1223,88.9,5
868,1,1222,1223,88.9,1
550,9,1215,1224,88.9,9
2231,7,1217,1224,88.9,7
3070,6,1218,1224,88.9,6
3700,3,1221,1224,88.9,3
2650,1,1223,1224,88.9,1
1811,7,1218,1225,88.9,7
3775,1,1224,1225,88.9,1
431,7,1219,1226,88.9,7
4931,7,1219,1226,88.9,7
610,2,1224,1226,88.9,2
2861,9,1218,1227,88.9,9
1390,7,1220,1227,88.9,7
3325,6,1221,1227,88.9,6
551,5,1223,1228,88.9,5
4719,5,1223,1228,88.9,5
3355,4,1224,1228,88.9,4
132,2,1226,1228,88.9,2
2876,1,1227,1228,88.9,1
747,9,1220,1229,88.9,9
446,3,1226,1229,88.9,3
1078,7,1223,1230,88.9,7
3535,3,1227,1230,88.9,3
2366,7,1224,1231,88.9,7
1901,6,1225,1231,88.9,6
656,3,1228,1231,88.9,3
3475,3,1228,1231,88.9,3
4824,4,1228,1232,88.9,4
2875,9,1224,1233,88.9,9
1015,7,1226,1233,88.9,7
252,5,1228,1233,88.9,5
1377,4,1229,1233,88.9,4
3790,9,1225,1234,88.9,9
1405,7,1227,1234,88.9,7
3101,6,1228,1234,88.9,6
2561,3,1231,1234,88.9,3
4135,3,1231,1234,88.9,3
2201,4,1231,1235,88.9,4
3160,3,1233,1236,88.9,3
536,8,1229,1237,88.9,8
1093,7,1230,1237,88.9,7
235,5,1232,1237,88.9,5
522,4,1233,1237,88.9,4
2666,3,1234,1237,88.9,3
3220,1,1236,1237,88.9,1
3715,8,1230,1238,88.9,8
581,1,1237,1238,88.9,1
1450,5,1234,1239,88.9,5
3760,1,1238,1239,88.9,1
911,9,1231,1240,88.9,9
1407,7,1233,1240,88.9,7
4030,6,1234,1240,88.9,6
3281,6,1234,1240,88.9,6
2456,5,1235,1240,88.9,5
1465,8,1233,1241,88.9,8
3265,4,1237,1241,88.9,4
3385,1,1241,1242,88.9,1
4570,9,1234,1243,88.9,9
552,6,1237,1243,88.9,6
2951,6,1237,1243,88.9,6
1585,4,1239,1243,88.9,4
986,4,1240,1244,88.9,4
1333,8,1237,1245,88.9,8
400,8,1237,1245,88.9,8
626,7,1238,1245,88.9,7
3805,6,1239,1245,88.9,6
3356,6,1240,1246,88.9,6
4585,3,1243,1246,88.9,3
775,1,1245,1246,88.9,1
881,1,1245,1246,88.9,1
2471,7,1240,1247,88.9,7
657,4,1243,1247,88.9,4
3865,2,1245,1247,88.9,2
3371,1,1246,1247,88.9,1
955,1,1246,1247,88.9,1
1812,8,1240,1248,88.9,8
1525,7,1241,1248,88.9,7
985,1,1247,1248,88.9,1
4060,9,1240,1249,88.9,9
3460,7,1242,1249,88.9,7
1660,6,1243,1249,88.9,6
1182,2,1247,1249,88.9,2
3641,7,1243,1250,88.9,7
1917,2,1248,1250,88.9,2
1392,1,1249,1250,88.9,1
1543,6,1245,1251,88.9,6
926,5,1246,1251,88.9,5
3956,4,1247,1251,88.9,4
1615,3,1248,1251,88.9,3
1105,3,1248,1251,88.9,3
4195,3,1249,1252,88.9,3
3520,3,1249,1252,88.9,3
1962,2,1250,1252,88.9,2
1630,1,1251,1252,88.9,1
1136,9,1244,1253,88.9,9
4015,6,1247,1253,88.9,6
1705,2,1251,1253,88.9,2
2696,7,1247,1254,88.9,7
1271,1,1253,1254,88.9,1
4765,9,1246,1255,88.9,9
1602,6,1250,1256,88.9,6
1121,5,1251,1256,88.9,5
2560,8,1249,1257,88.9,8
3746,7,1250,1257,88.9,7
4061,6,1251,1257,88.9,6
2170,4,1253,1257,88.9,4
1903,7,1251,1258,88.9,7
3146,4,1254,1258,88.9,4
26,3,1255,1258,88.9,3
1677,2,1256,1258,88.9,2
1795,7,1252,1259,88.9,7
4255,6,1253,1259,88.9,6
2590,2,1257,1259,88.9,2
3251,1,1258,1259,88.9,1
101,2,1258,1260,88.9,2
2155,1,1259,1260,88.9,1
4465,1,1259,1260,88.9,1
4225,9,1252,1261,88.9,9
3610,9,1252,1261,88.9,9
2562,9,1252,1261,88.9,9
1376,7,1254,1261,88.9,7
1526,5,1256,1261,88.9,5
1661,2,1261,1263,88.9,2
4121,7,1257,1264,88.9,7
2458,6,1258,1264,88.9,6
2695,8,1257,1265,88.9,8
3761,9,1257,1266,88.9,9
1767,8,1258,1266,88.9,8
2725,7,1259,1266,88.9,7
3326,7,1259,1266,88.9,7
4495,6,1260,1266,88.9,6
3581,1,1266,1267,88.9,1
3955,7,1261,1268,88.9,7
566,9,1260,1269,88.9,9
2440,9,1260,1269,88.9,9
1991,8,1261,1269,88.9,8
2893,5,1264,1269,88.9,5
2067,3,1266,1269,88.9,3
3896,2,1267,1269,88.9,2
4345,1,1268,1269,88.9,1
4555,9,1261,1270,88.9,9
2817,9,1261,1270,88.9,9
3850,4,1266,1270,88.9,4
2830,1,1269,1270,88.9,1
2785,6,1265,1271,88.9,6
4645,2,1269,1271,88.9,2
4750,1,1270,1271,88.9,1
1691,9,1263,1272,88.9,9
3911,6,1266,1272,88.9,6
4526,9,1264,1273,88.9,9
1826,1,1272,1273,88.9,1
4226,5,1269,1274,88.9,5
4975,9,1266,1275,88.9,9
2922,5,1270,1275,88.9,5
3910,5,1270,1275,88.9,5
2965,4,1271,1275,88.9,4
2021,7,1269,1276,88.9,7
2472,8,1269,1277,88.9,8
761,9,1269,1278,88.9,9
3193,9,1269,1278,88.9,9
281,7,1271,1278,88.9,7
4691,6,1272,1278,88.9,6
4706,5,1273,1278,88.9,5
1871,5,1273,1278,88.9,5
2862,1,1277,1278,88.9,1
2995,9,1270,1279,88.9,9
176,8,1271,1279,88.9,8
1106,1,1278,1279,88.9,1
2982,5,1275,1280,88.9,5
41,6,1275,1281,88.9,6
2336,5,1276,1281,88.9,5
3688,3,1278,1281,88.9,3
4751,3,1278,1281,88.9,3
4271,8,1274,1282,88.9,8
3685,7,1275,1282,88.9,7
356,4,1278,1282,88.9,4
3040,3,1279,1282,88.9,3
206,1,1281,1282,88.9,1
4811,2,1281,1283,88.9,2
4721,1,1282,1283,88.9,1
4180,9,1275,1284,88.9,9
236,5,1279,1284,88.9,5
1931,7,1278,1285,88.9,7
2892,7,1278,1285,88.9,7
3027,5,1280,1285,88.9,5
2636,4,1281,1285,88.9,4
3748,4,1281,1285,88.9,4
3970,3,1282,1285,88.9,3
12,8,1278,1286,88.9,8
1331,9,1279,1288,88.9,9
671,6,1282,1288,88.9,6
4916,5,1283,1288,88.9,5
3072,3,1285,1288,88.9,3
491,7,1282,1289,88.9,7
251,5,1284,1289,88.9,5
3778,4,1285,1289,88.9,4
3880,8,1282,1290,88.9,8
1961,5,1285,1290,88.9,5
4105,5,1285,1290,88.9,5
3132,2,1288,1290,88.9,2
342,8,1283,1291,88.9,8
3252,1,1290,1291,88.9,1
4048,3,1289,1292,88.9,3
4210,9,1284,1293,88.9,9
3237,8,1285,1293,88.9,8
1766,5,1288,1293,88.9,5
311,4,1289,1293,88.9,4
4240,3,1290,1293,88.9,3
2756,9,1285,1294,88.9,9
117,8,1286,1294,88.9,8
3567,3,1291,1294,88.9,3
3507,1,1293,1294,88.9,1
686,6,1289,1295,88.9,6
2006,5,1290,1295,88.9,5
701,8,1288,1296,88.9,8
327,2,1294,1296,88.9,2
3642,2,1294,1296,88.9,2
3747,2,1294,1296,88.9,2
2126,1,1295,1296,88.9,1
207,9,1288,1297,88.9,9
372,6,1291,1297,88.9,6
1886,4,1293,1297,88.9,4
821,4,1293,1297,88.9,4
2261,1,1296,1297,88.9,1
4120,9,1290,1299,88.9,9
4016,5,1294,1299,88.9,5
4390,7,1293,1300,88.9,7
716,4,1296,1300,88.9,4
1151,3,1297,1300,88.9,3
4046,1,1299,1300,88.9,1
4243,9,1292,1301,88.9,9
4420,8,1293,1301,88.9,8
762,5,1296,1301,88.9,5
191,1,1300,1301,88.9,1
4106,1,1300,1301,88.9,1
2246,5,1297,1302,88.9,5
731,8,1295,1303,88.9,8
627,6,1297,1303,88.9,6
2771,6,1297,1303,88.9,6
806,3,1300,1303,88.9,3
1181,3,1300,1303,88.9,3
3837,9,1296,1305,88.9,9
3882,9,1296,1305,88.9,9
477,8,1297,1305,88.9,8
957,5,1301,1306,88.9,5
1016,3,1303,1306,88.9,3
2846,3,1303,1306,88.9,3
4405,8,1299,1307,88.9,8
1316,1,1306,1307,88.9,1
4528,7,1301,1308,88.9,7
866,7,1301,1308,88.9,7
4136,8,1301,1309,88.9,8
972,3,1306,1309,89.0,3
4600,2,1307,1309,88.9,2
1046,1,1308,1309,88.9,1
4525,9,1301,1310,88.9,9
4543,2,1308,1310,88.9,2
2306,9,1302,1311,88.9,9
777,8,1303,1311,88.9,8
956,9,1303,1312,88.9,9
1196,9,1303,1312,88.9,9
567,7,1305,1312,89.0,7
4316,3,1309,1312,89.0,3
1061,3,1309,1312,89.0,3
2516,1,1311,1312,89.0,1
3897,8,1305,1313,89.0,8
3161,7,1306,1313,89.0,7
1301,1,1312,1313,89.0,1
3972,9,1305,1314,89.0,9
1302,5,1309,1314,89.0,5
4660,5,1309,1314,89.0,5
4678,4,1310,1314,89.0,4
1496,8,1307,1315,89.0,8
4705,5,1310,1315,89.0,5
971,4,1312,1316,89.0,4
732,4,1312,1316,89.0,4
1362,2,1314,1316,89.0,2
2531,5,1312,1317,89.0,5
3221,4,1313,1317,89.0,4
1451,4,1313,1317,89.0,4
867,7,1311,1318,89.0,7
4723,4,1314,1318,89.0,4
1256,7,1312,1319,89.0,7
4137,5,1314,1319,89.0,5
1796,5,1315,1320,89.0,5
4720,5,1315,1320,89.0,5
1421,4,1316,1320,89.0,4
4888,2,1318,1320,89.0,2
1361,1,1319,1320,89.0,1
4571,9,1312,1321,89.0,9
1676,4,1317,1321,89.0,4
4572,9,1313,1322,89.0,9
4675,8,1314,1322,89.0,8
1617,6,1316,1322,89.0,6
3296,5,1317,1322,89.0,5
74,3,1320,1323,89.0,3
1391,3,1320,1323,89.0,3
1857,1,1322,1323,89.0,1
3386,1,1322,1323,89.0,1
4960,4,1320,1324,89.0,4
1107,9,1316,1325,89.0,9
882,7,1318,1325,89.0,7
4945,3,1322,1325,89.0,3
2711,9,1317,1326,89.0,9
4991,5,1321,1326,89.0,5
1706,5,1321,1326,89.0,5
4647,4,1322,1326,89.0,4
4257,8,1319,1327,89.0,8
1946,7,1320,1327,89.0,7
1902,4,1323,1327,89.0,4
208,1,1326,1327,89.0,1
4512,1,1327,1328,89.0,1
958,1,1327,1328,89.0,1
2156,9,1320,1329,89.0,9
284,6,1323,1329,89.0,6
1436,6,1323,1329,89.0,6
3431,7,1323,1330,89.0,7
326,5,1325,1330,89.0,5
2036,3,1327,1330,89.0,3
11,7,1324,1331,89.0,7
1916,5,1326,1331,89.0,5
2112,4,1327,1331,89.0,4
809,2,1329,1331,89.0,2
1631,2,1329,1331,89.0,2
1287,7,1325,1332,89.0,7
1303,4,1328,1332,89.0,4
3551,3,1330,1333,89.0,3
56,2,1331,1333,89.0,2
2321,2,1331,1333,89.0,2
912,9,1325,1334,89.0,9
2786,8,1326,1334,89.0,8
4602,6,1328,1334,89.0,6
2411,4,1330,1334,89.0,4
2127,3,1331,1334,89.0,3
116,1,1333,1334,89.0,1
222,9,1326,1335,89.0,9
1587,4,1332,1336,89.0,4
2381,8,1329,1337,89.0,8
959,6,1331,1337,89.0,6
1843,5,1332,1337,89.0,5
2232,3,1334,1337,89.0,3
1827,1,1336,1337,89.0,1
3341,4,1334,1338,89.0,4
387,3,1335,1338,89.0,3
851,9,1330,1339,89.0,9
1841,8,1331,1339,89.0,8
4752,5,1334,1339,89.0,5
807,1,1338,1339,89.0,1
3716,7,1333,1340,89.0,7
1047,6,1334,1340,89.0,6
776,7,1334,1341,89.0,7
2142,4,1337,1341,89.0,4
3521,3,1338,1341,89.0,3
2111,2,1339,1341,89.0,2
2546,9,1333,1342,89.0,9
2651,8,1334,1342,89.0,8
1364,5,1337,1342,89.0,5
2247,5,1337,1342,89.0,5
1031,3,1339,1342,89.0,3
2186,1,1341,1342,89.0,1
1077,4,1339,1343,89.0,4
2172,2,1341,1343,89.0,2
2577,1,1342,1343,89.0,1
2486,1,1342,1343,89.0,1
2396,7,1337,1344,89.0,7
3791,3,1341,1344,89.0,3
3012,2,1343,1345,89.0,2
2441,1,1344,1345,89.0,1
2908,9,1337,1346,89.0,9
3236,4,1342,1346,89.0,4
1241,6,1341,1347,89.0,6
1544,5,1342,1347,89.0,5
2712,4,1343,1347,89.0,4
2576,4,1343,1347,89.0,4
3298,1,1346,1347,89.0,1
4797,9,1339,1348,89.0,9
1092,8,1340,1348,89.0,8
1752,5,1343,1348,89.0,5
3087,3,1345,1348,89.0,3
2921,3,1345,1348,89.0,3
1589,1,1347,1348,89.0,1
3926,9,1340,1349,89.0,9
2726,2,1347,1349,89.0,2
3881,6,1344,1350,89.0,6
2967,3,1347,1350,89.0,3
2681,9,1342,1351,89.0,9
1166,9,1342,1351,89.0,9
1511,4,1347,1351,89.0,4
2981,3,1348,1351,89.0,3
3971,2,1349,1351,89.0,2
3297,4,1348,1352,89.0,4
3611,7,1346,1353,89.0,7
73,5,1348,1353,89.0,5
2832,6,1348,1354,89.0,6
1481,3,1351,1354,89.0,3
4166,3,1351,1354,89.0,3
3313,8,1347,1355,89.0,8
1619,7,1348,1355,89.0,7
3986,5,1350,1355,89.0,5
3357,5,1350,1355,89.0,5
3102,1,1354,1355,89.0,1
1197,8,1348,1356,89.0,8
2741,5,1351,1356,89.0,5
2966,8,1349,1357,89.0,8
3432,2,1355,1357,89.0,2
2216,4,1354,1358,89.0,4
3117,3,1355,1358,89.0,3
2996,8,1351,1359,89.0,8
3731,6,1353,1359,89.0,6
88,6,1353,1359,89.0,6
3207,1,1358,1359,89.0,1
1556,9,1351,1360,89.0,9
3327,8,1352,1360,89.0,8
4181,6,1354,1360,89.0,6
1422,4,1356,1360,89.0,4
3176,3,1357,1360,89.0,3
4077,3,1357,1360,89.0,3
103,1,1359,1360,89.0,1
3312,1,1359,1360,89.0,1
3372,1,1360,1361,89.0,1
1649,7,1355,1362,89.0,7
4031,7,1355,1362,89.0,7
3941,3,1359,1362,89.0,3
3206,2,1360,1362,89.0,2
1437,3,1360,1363,89.0,3
4287,3,1360,1363,89.0,3
3358,9,1355,1364,89.0,9
2816,8,1356,1364,89.0,8
3446,5,1359,1364,89.0,5
4241,4,1360,1364,89.0,4
3822,4,1360,1364,89.0,4
3852,3,1361,1364,89.0,3
148,5,1360,1365,89.0,5
2591,8,1358,1366,89.0,8
1571,6,1360,1366,89.0,6
4317,3,1363,1366,89.0,3
4346,5,1362,1367,89.0,5
1692,4,1363,1367,89.0,4
3461,3,1364,1367,89.0,3
3942,3,1364,1367,89.0,3
2801,1,1366,1367,89.0,1
1601,1,1366,1367,89.0,1
4256,4,1364,1368,89.0,4
4437,2,1366,1368,89.0,2
4976,1,1367,1368,89.0,1
1664,7,1362,1369,89.0,7
192,1,1368,1369,89.0,1
4076,8,1362,1370,89.0,8
3403,6,1364,1370,89.0,6
2936,6,1364,1370,89.0,6
3266,9,1362,1371,89.0,9
163,6,1365,1371,89.0,6
4451,3,1368,1371,89.0,3
4301,1,1370,1371,89.0,1
3912,8,1364,1372,89.0,8
1859,3,1369,1372,89.0,3
4796,1,1371,1372,89.0,1
2831,6,1367,1373,89.0,6
312,4,1369,1373,89.0,4
3401,2,1371,1373,89.0,2
358,2,1371,1373,89.0,2
4646,7,1367,1374,89.0,7
2906,1,1373,1374,89.0,1
1842,8,1367,1375,89.0,8
2891,8,1367,1375,89.0,8
3086,5,1370,1375,89.0,5
4062,3,1372,1375,89.0,3
3987,9,1367,1376,89.0,9
3643,6,1370,1376,89.0,6
1934,4,1372,1376,89.0,4
3026,2,1374,1376,89.0,2
1977,1,1375,1376,89.0,1
3011,1,1375,1376,89.0,1
3491,1,1375,1376,89.0,1
4482,9,1368,1377,89.0,9
523,4,1373,1377,89.0,4
4886,4,1374,1378,89.0,4
2024,2,1376,1378,89.0,2
3191,2,1376,1378,89.0,2
27,7,1372,1379,89.0,7
4632,2,1377,1379,89.0,2
4361,9,1371,1380,89.0,9
942,7,1373,1380,89.0,7
838,3,1377,1380,89.0,3
3056,5,1376,1381,89.0,5
3656,9,1373,1382,89.0,9
4392,6,1376,1382,89.0,6
3566,6,1376,1382,89.0,6
237,3,1379,1382,89.0,3
4616,2,1380,1382,89.0,2
4182,8,1375,1383,89.0,8
4901,5,1378,1383,89.0,5
3671,5,1378,1383,89.0,5
4391,2,1381,1383,89.0,2
4766,1,1382,1383,89.0,1
4093,8,1376,1384,89.0,8
2277,8,1376,1384,89.0,8
1018,4,1380,1384,89.0,4
2174,7,1378,1385,89.0,7
4692,6,1379,1385,89.0,6
4631,3,1382,1385,89.0,3
1648,1,1384,1385,89.0,1
4421,3,1383,1386,89.0,3
4452,5,1382,1387,89.0,5
4303,3,1384,1387,89.0,3
2322,4,1384,1388,89.0,4
4812,3,1385,1388,89.0,3
4722,1,1387,1388,89.0,1
1482,9,1380,1389,89.0,9
3701,7,1382,1389,89.0,7
357,7,1382,1389,89.0,7
987,6,1383,1389,89.0,6
3686,6,1383,1389,89.0,6
4227,7,1383,1390,89.0,7
2413,5,1385,1390,89.0,5
4961,8,1383,1391,89.0,8
4348,4,1387,1391,89.0,4
1662,2,1389,1391,89.0,2
3866,2,1389,1391,89.0,2
2384,7,1385,1392,89.0,7
4871,6,1386,1392,89.0,6
2818,2,1390,1392,89.0,2
4856,8,1385,1393,89.0,8
4272,3,1390,1393,89.0,3
147,2,1391,1393,89.0,2
507,5,1389,1394,89.0,5
4196,3,1391,1394,89.0,3
2607,7,1388,1395,89.0,7
1032,6,1389,1395,89.0,6
2414,3,1392,1395,89.0,3
162,2,1393,1395,89.0,2
268,8,1388,1396,89.0,8
4977,9,1388,1397,89.0,9
3776,9,1389,1398,89.0,9
89,7,1391,1398,89.0,7
3028,6,1392,1398,89.0,6
282,5,1393,1398,89.0,5
1737,8,1391,1399,89.0,8
57,7,1392,1399,89.0,7
4422,6,1393,1399,89.0,6
4331,6,1394,1400,89.0,6
2682,5,1395,1400,89.0,5
2579,5,1395,1400,89.0,5
1228,4,1396,1400,89.0,4
717,7,1394,1401,89.0,7
3851,3,1398,1401,89.0,3
4887,2,1399,1401,89.0,2
897,7,1395,1402,89.0,7
13,6,1397,1403,89.0,6
2532,4,1399,1403,89.0,4
4377,3,1400,1403,89.0,3
4091,2,1401,1403,89.0,2
1062,9,1395,1404,89.0,9
3493,6,1398,1404,89.0,6
1918,4,1400,1404,89.0,4
4496,5,1400,1405,89.0,5
4587,2,1403,1405,89.0,2
2652,3,1403,1406,89.0,3
3628,2,1404,1406,89.0,2
2188,2,1404,1406,89.0,2
194,9,1398,1407,89.0,9
687,9,1398,1407,89.0,9
417,8,1399,1407,89.0,8
2654,7,1400,1407,89.0,7
508,6,1401,1407,89.0,6
1137,3,1404,1407,89.0,3
3838,1,1406,1407,89.0,1
1332,6,1402,1408,89.0,6
4601,3,1405,1408,89.0,3
3222,2,1406,1408,89.0,2
702,1,1407,1408,89.0,1
792,8,1401,1409,89.0,8
3973,2,1407,1409,89.0,2
2503,4,1406,1410,89.0,4
434,3,1407,1410,89.0,3
253,8,1403,1411,89.0,8
4707,6,1405,1411,89.0,6
1347,4,1407,1411,89.0,4
479,1,1410,1411,89.0,1
4211,9,1403,1412,89.0,9
1647,4,1408,1412,89.0,4
4273,3,1409,1412,89.0,3
733,1,1411,1412,89.0,1
2729,6,1407,1413,89.0,6
1017,4,1409,1413,89.0,4
3402,6,1408,1414,89.0,6
599,3,1411,1414,89.0,3
4558,2,1412,1414,89.0,2
642,8,1407,1415,89.0,8
658,8,1407,1415,89.0,8
1152,7,1408,1415,89.0,7
1947,3,1412,1415,89.0,3
1167,3,1413,1416,89.0,3
3477,2,1414,1416,89.0,2
673,1,1415,1416,89.0,1
102,9,1408,1417,89.0,9
779,3,1414,1417,89.0,3
4708,3,1414,1417,89.0,3
2022,2,1415,1417,89.0,2
4947,7,1411,1418,89.0,7
1512,7,1411,1418,89.0,7
1183,2,1416,1418,89.0,2
1064,1,1417,1418,89.0,1
2848,9,1410,1419,89.0,9
4286,7,1412,1419,89.0,7
837,4,1415,1419,89.0,4
3627,3,1416,1419,89.0,3
4828,2,1417,1419,89.0,2
2774,7,1413,1420,89.0,7
1272,5,1415,1420,89.0,5
612,3,1417,1420,89.0,3
2157,3,1417,1420,89.0,3
1632,2,1418,1420,89.0,2
1469,2,1418,1420,89.0,2
4873,1,1419,1420,89.0,1
748,9,1412,1421,89.0,9
3717,2,1419,1421,89.0,2
2202,1,1420,1421,89.0,1
2669,1,1420,1421,89.0,1
2938,3,1419,1422,89.0,3
3149,2,1420,1422,89.0,2
913,1,1421,1422,89.0,1
4466,4,1419,1423,89.0,4
3133,1,1422,1423,89.0,1
1002,5,1419,1424,89.0,5
374,4,1420,1424,89.0,4
1257,9,1416,1425,89.0,9
133,8,1418,1426,89.0,8
3762,5,1421,1426,89.0,5
2262,5,1421,1426,89.0,5
1288,9,1418,1427,89.0,9
1317,7,1420,1427,89.0,7
822,7,1420,1427,89.0,7
2052,8,1420,1428,89.0,8
2699,7,1421,1428,89.0,7
928,6,1422,1428,89.0,6
4481,5,1423,1428,89.0,5
554,4,1424,1428,89.0,4
2352,2,1426,1428,89.0,2
343,4,1426,1430,89.0,4
1393,3,1427,1430,89.0,3
1527,3,1427,1430,89.0,3
3944,9,1422,1431,89.0,9
1874,3,1428,1431,89.0,3
3208,9,1423,1432,89.0,9
1557,7,1425,1432,89.0,7
4302,6,1426,1432,89.0,6
1212,9,1424,1433,89.0,9
2367,5,1428,1433,89.0,5
1258,5,1428,1433,89.0,5
1707,3,1430,1433,89.0,3
1887,1,1432,1433,89.0,1
2789,7,1428,1435,89.0,7
2427,7,1428,1435,89.0,7
4064,4,1431,1435,89.0,4
1889,4,1431,1435,89.0,4
4168,3,1432,1435,89.0,3
1242,9,1427,1436,89.0,9
1872,3,1433,1436,89.0,3
2007,3,1433,1436,89.0,3
3449,1,1435,1436,89.0,1
4676,9,1428,1437,89.0,9
388,7,1430,1437,89.0,7
2457,4,1433,1437,89.0,4
2037,1,1436,1437,89.0,1
1603,8,1430,1438,89.0,8
4347,6,1432,1438,89.0,6
2054,3,1435,1438,89.0,3
2517,1,1437,1438,89.0,1
1723,6,1433,1439,89.0,6
2622,5,1435,1440,89.0,5
1542,8,1433,1441,89.0,8
2727,1,1440,1441,89.0,1
4079,7,1435,1442,89.0,7
2757,6,1436,1442,89.0,6
118,4,1438,1442,89.0,4
2907,1,1441,1442,89.0,1
1992,7,1436,1443,89.0,7
3569,7,1436,1443,89.0,7
1948,5,1438,1443,89.0,5
2097,2,1441,1443,89.0,2
4483,9,1435,1444,89.0,9
2294,6,1438,1444,89.0,6
3042,6,1438,1444,89.0,6
1738,5,1439,1444,89.0,5
2187,1,1443,1444,89.0,1
4826,8,1437,1445,89.0,8
433,9,1437,1446,89.0,9
2082,9,1437,1446,89.0,9
2997,4,1442,1446,89.0,4
4124,6,1442,1448,89.0,6
2787,6,1442,1448,89.0,6
3147,4,1444,1448,89.0,4
1783,4,1444,1448,89.0,4
2307,4,1444,1448,89.0,4
4946,3,1445,1448,89.0,3
448,2,1446,1448,89.0,2
373,7,1442,1449,89.0,7
2309,5,1444,1449,89.0,5
3057,3,1446,1449,89.0,3
493,1,1448,1449,89.0,1
42,2,1448,1450,89.0,2
2442,8,1443,1451,89.0,8
4498,7,1444,1451,89.0,7
2802,3,1448,1451,89.0,3
2369,2,1449,1451,89.0,2
177,1,1450,1451,89.0,1
3734,9,1443,1452,89.0,9
2098,9,1443,1452,89.0,9
4424,4,1448,1452,89.0,4
3687,1,1451,1452,89.0,1
2759,1,1451,1452,89.0,1
2937,7,1446,1453,89.0,7
4588,3,1451,1454,89.0,3
3809,2,1452,1454,89.0,2
3777,7,1448,1455,89.0,7
2218,7,1448,1455,89.0,7
478,6,1449,1455,89.0,6
3447,6,1449,1455,89.0,6
2382,8,1448,1456,89.0,8
4454,4,1452,1456,89.0,4
2952,3,1453,1456,89.0,3
988,8,1449,1457,89.0,8
2502,6,1451,1457,89.0,6
297,6,1451,1457,89.0,6
3119,5,1452,1457,89.0,5
2308,3,1455,1458,89.0,3
688,3,1455,1458,89.0,3
3929,5,1454,1459,89.0,5
1168,2,1457,1459,89.0,2
4212,5,1455,1460,89.0,5
3492,5,1455,1460,89.0,5
2397,4,1456,1460,89.0,4
462,3,1457,1460,89.0,3
4199,1,1459,1460,89.0,1
2353,9,1452,1461,89.0,9
3807,9,1452,1461,89.0,9
4407,1,1460,1461,89.0,1
4499,6,1456,1462,89.0,6
3177,6,1456,1462,89.0,6
2412,2,1460,1462,89.0,2
537,2,1460,1462,89.0,2
2578,1,1461,1462,89.0,1
4782,1,1461,1462,89.0,1
4933,9,1454,1463,89.0,9
4274,6,1457,1463,89.0,6
2773,1,1462,1463,89.0,1
4724,2,1462,1464,89.0,2
2487,2,1462,1464,89.0,2
582,2,1462,1464,89.0,2
718,7,1458,1465,89.0,7
4304,5,1460,1465,89.0,5
4092,4,1461,1465,89.0,4
2592,9,1457,1466,89.0,9
2398,8,1458,1466,89.0,8
3267,4,1462,1466,89.0,4
4107,1,1465,1466,89.0,1
1363,8,1459,1467,89.0,8
14,4,1463,1467,89.0,4
4994,3,1464,1467,89.0,3
3537,9,1460,1469,89.0,9
4917,7,1462,1469,89.0,7
3162,5,1464,1469,89.0,5
2473,3,1466,1469,89.0,3
4379,7,1463,1470,89.0,7
597,7,1464,1471,89.0,7
449,4,1467,1471,89.0,4
3073,9,1463,1472,89.0,9
2637,6,1466,1472,89.0,6
763,8,1465,1473,89.0,8
4497,7,1466,1473,89.0,7
2143,6,1467,1473,89.0,6
4574,3,1470,1473,89.0,3
914,2,1471,1473,89.0,2
4527,1,1473,1474,89.0,1
1109,1,1473,1474,89.0,1
3282,9,1466,1475,89.0,9
3088,3,1472,1475,89.0,3
4737,1,1474,1475,89.0,1
927,5,1471,1476,89.0,5
2847,4,1472,1476,89.0,4
3732,8,1469,1477,89.0,8
4962,8,1469,1477,89.0,8
3192,8,1469,1477,89.0,8
4842,2,1475,1477,89.0,2
2833,9,1469,1478,89.0,9
3522,2,1477,1479,89.0,2
1048,8,1473,1481,89.0,8
2173,9,1473,1482,89.0,9
4814,9,1473,1482,89.0,9
1289,9,1474,1483,89.0,9
3417,8,1475,1483,89.0,8
3538,8,1475,1483,89.0,8
4992,6,1477,1483,89.0,6
4872,6,1477,1483,89.0,6
1497,8,1476,1484,89.0,8
3342,8,1476,1484,89.0,8
4242,7,1477,1484,89.0,7
2983,6,1478,1484,89.0,6
3657,6,1479,1485,89.0,6
28,2,1483,1485,89.0,2
3387,1,1484,1485,89.0,1
1572,2,1484,1486,89.0,2
4032,2,1485,1487,89.0,2
3792,5,1483,1488,89.0,5
1123,8,1481,1489,89.0,8
4002,1,1488,1489,89.0,1
2233,8,1482,1490,89.0,8
1604,7,1483,1490,89.0,7
238,7,1483,1490,89.0,7
3612,5,1485,1490,89.0,5
4844,9,1482,1491,89.0,9
3943,8,1483,1491,89.0,8
4047,3,1489,1492,89.0,3
298,2,1490,1492,89.0,2
4932,9,1484,1493,89.0,9
3103,9,1484,1493,89.0,9
463,9,1485,1494,89.0,9
1633,5,1489,1494,89.0,5
283,1,1493,1494,89.0,1
1782,9,1486,1495,89.0,9
4332,9,1487,1496,89.0,9
613,2,1494,1496,89.0,2
328,5,1492,1497,89.0,5
4467,1,1496,1497,89.0,1
883,1,1496,1497,89.0,1
2428,8,1490,1498,89.0,8
1694,8,1490,1498,89.0,8
4108,7,1491,1498,89.0,7
3118,5,1493,1498,89.0,5
1768,4,1494,1498,89.0,4
3672,9,1490,1499,89.0,9
4152,7,1492,1499,89.0,7
898,2,1497,1499,89.0,2
4874,9,1491,1500,89.0,9
1797,5,1495,1500,89.0,5
538,3,1497,1500,89.0,3
4557,4,1497,1501,89.0,4
4618,3,1498,1501,89.0,3
4753,1,1501,1502,89.0,1
568,9,1494,1503,89.0,9
1033,4,1499,1503,89.0,4
4767,2,1501,1503,89.0,2
2548,6,1498,1504,89.0,6
2399,6,1498,1504,89.0,6
1888,6,1498,1504,89.0,6
1932,4,1500,1504,89.0,4
4798,2,1502,1504,89.0,2
1588,1,1503,1504,89.0,1
2608,1,1504,1505,89.0,1
2217,1,1504,1505,89.0,1
3613,8,1498,1506,89.0,8
3867,7,1499,1506,89.0,7
2474,2,1504,1506,89.0,2
4197,8,1499,1507,89.0,8
583,4,1503,1507,89.0,4
3883,1,1506,1507,89.0,1
553,8,1500,1508,89.0,8
4902,5,1503,1508,89.0,5
4017,2,1506,1508,89.0,2
1933,5,1504,1509,89.0,5
4617,2,1507,1509,89.0,2
4843,6,1504,1510,89.0,6
4662,1,1509,1510,89.0,1
1618,7,1504,1511,89.0,7
2728,6,1505,1511,89.0,6
2292,7,1505,1512,89.0,7
1423,5,1507,1512,89.0,5
58,4,1508,1512,89.0,4
643,5,1508,1513,89.0,5
2489,8,1506,1514,89.0,8
2158,5,1509,1514,89.0,5
3928,8,1507,1515,89.0,8
1753,5,1511,1516,89.0,5
2998,5,1511,1516,89.0,5
2547,4,1512,1516,89.0,4
2909,2,1514,1516,89.0,2
4122,9,1508,1517,89.0,9
29,7,1510,1517,89.0,7
778,4,1513,1517,89.0,4
2263,3,1514,1517,89.0,3
2742,1,1516,1517,89.0,1
3074,1,1516,1517,89.0,1
223,8,1510,1518,89.0,8
3013,2,1516,1518,89.0,2
403,7,1512,1519,89.0,7
4123,4,1515,1519,89.0,4
3462,2,1517,1519,89.0,2
628,1,1518,1519,89.0,1
1438,9,1512,1521,89.0,9
1213,2,1519,1521,89.0,2
3597,3,1519,1522,89.0,3
1243,1,1521,1522,89.0,1
299,6,1517,1523,89.0,6
1663,2,1521,1523,89.0,2
2113,8,1516,1524,89.0,8
4167,7,1517,1524,89.0,7
3614,7,1517,1524,89.0,7
703,5,1519,1524,89.0,5
808,8,1517,1525,89.0,8
2293,8,1517,1525,89.0,8
3253,7,1518,1525,89.0,7
2038,2,1523,1525,89.0,2
4138,7,1519,1526,89.0,7
943,1,1525,1526,89.0,1
1378,5,1522,1527,89.0,5
4378,1,1526,1527,89.0,1
3989,4,1524,1528,89.0,4
419,6,1523,1529,89.0,6
4783,2,1527,1529,89.0,2
1003,4,1526,1530,89.0,4
1408,3,1527,1530,89.0,3
404,1,1529,1530,89.0,1
3702,9,1522,1531,89.0,9
4542,7,1524,1531,89.0,7
853,7,1524,1531,89.0,7
2338,6,1525,1531,89.0,6
2518,6,1525,1531,89.0,6
1813,1,1530,1531,89.0,1
734,2,1530,1532,89.0,2
4677,1,1531,1532,89.0,1
2383,1,1531,1532,89.0,1
3163,1,1531,1532,89.0,1
2278,9,1524,1533,89.0,9
3927,2,1531,1533,89.0,2
3418,9,1525,1534,89.0,9
4229,6,1528,1534,89.0,6
2443,2,1532,1534,89.0,2
584,6,1529,1535,89.0,6
973,4,1531,1535,89.0,4
2323,2,1533,1535,89.0,2
1963,5,1531,1536,89.0,5
3283,4,1532,1536,89.0,4
2023,1,1536,1537,89.0,1
1273,8,1530,1538,89.0,8
4857,6,1532,1538,89.0,6
3478,4,1534,1538,89.0,4
644,4,1535,1539,89.0,4
1334,8,1532,1540,89.0,8
4827,7,1533,1540,89.0,7
2533,6,1534,1540,89.0,6
2368,6,1535,1541,89.0,6
1394,1,1540,1541,89.0,1
2923,1,1540,1541,89.0,1
4244,8,1534,1542,89.0,8
1063,7,1535,1542,89.0,7
2083,5,1537,1542,89.0,5
3388,8,1536,1544,89.0,8
1573,6,1538,1544,89.0,6
719,5,1539,1544,89.0,5
43,4,1540,1544,89.0,4
3343,3,1541,1544,89.0,3
4514,2,1542,1544,89.0,2
1198,3,1542,1545,89.0,3
2488,3,1542,1545,89.0,3
3598,1,1544,1545,89.0,1
2593,5,1541,1546,89.0,5
193,9,1538,1547,89.0,9
3583,9,1538,1547,89.0,9
1708,5,1544,1549,89.0,5
3868,5,1544,1549,89.0,5
3808,4,1545,1549,89.0,4
1484,9,1541,1550,89.0,9
764,7,1544,1551,89.0,7
3448,5,1546,1551,89.0,5
1348,7,1545,1552,89.0,7
3958,3,1549,1552,89.0,3
178,9,1544,1553,89.0,9
2698,8,1545,1553,89.0,8
1873,4,1549,1553,89.0,4
4063,4,1549,1553,89.0,4
1499,3,1550,1553,89.0,3
418,7,1547,1554,89.0,7
794,3,1551,1554,89.0,3
1978,1,1553,1554,89.0,1
4153,1,1553,1554,89.0,1
3673,8,1547,1555,89.0,8
1693,3,1552,1555,89.0,3
2788,2,1553,1555,89.0,2
3823,5,1551,1556,89.0,5
313,3,1553,1556,89.0,3
4408,2,1556,1558,89.0,2
884,5,1554,1559,89.0,5
4393,5,1554,1559,89.0,5
793,3,1556,1559,89.0,3
4363,8,1552,1560,89.0,8
2324,7,1553,1560,89.0,7
1993,7,1554,1561,89.0,7
1798,6,1555,1561,89.0,6
3523,6,1555,1561,89.0,6
4738,3,1559,1562,89.0,3
598,9,1554,1563,89.0,9
3853,2,1561,1563,89.0,2
4453,9,1555,1564,89.0,9
4423,6,1558,1564,89.0,6
1108,6,1559,1565,89.0,6
4573,5,1560,1565,89.0,5
2203,4,1561,1565,89.0,4
4198,3,1563,1566,89.0,3
1318,1,1565,1566,89.0,1
1154,8,1559,1567,89.0,8
2354,7,1560,1567,89.0,7
4648,3,1565,1568,89.0,3
2429,1,1567,1568,89.0,1
4858,7,1562,1569,89.0,7
1828,9,1561,1570,89.0,9
823,7,1563,1570,89.0,7
4663,7,1564,1571,89.0,7
4633,7,1564,1571,89.0,7
1454,4,1567,1571,89.0,4
2623,8,1565,1573,89.0,8
4333,7,1566,1573,89.0,7
4903,4,1569,1573,89.0,4
1483,8,1566,1574,89.0,8
2668,1,1573,1574,89.0,1
59,8,1568,1576,89.0,8
2864,8,1568,1576,89.0,8
1138,6,1570,1576,89.0,6
1724,5,1571,1576,89.0,5
44,3,1573,1576,89.0,3
1513,3,1574,1577,89.0,3
209,1,1576,1577,89.0,1
224,7,1571,1578,89.0,7
4693,7,1571,1578,89.0,7
1153,2,1576,1578,89.0,2
2248,9,1570,1579,89.0,9
1769,3,1576,1579,89.0,3
314,1,1578,1579,89.0,1
2758,6,1574,1580,89.0,6
2999,4,1576,1580,89.0,4
4513,8,1573,1581,89.0,8
344,5,1577,1582,89.0,5
3644,2,1580,1582,89.0,2
149,7,1576,1583,89.0,7
1453,5,1578,1583,89.0,5
2638,4,1579,1583,89.0,4
3704,1,1582,1583,89.0,1
1678,7,1577,1584,89.0,7
1904,5,1579,1584,89.0,5
899,5,1579,1584,89.0,5
3043,4,1580,1584,89.0,4
929,1,1584,1585,89.0,1
4918,8,1578,1586,89.0,8
464,5,1582,1587,89.0,5
4963,1,1586,1587,89.0,1
539,1,1587,1588,89.0,1
3854,6,1583,1589,89.0,6
4978,9,1581,1590,89.0,9
1468,7,1583,1590,89.0,7
494,9,1583,1592,89.0,9
2713,9,1583,1592,89.0,9
2068,8,1584,1592,89.0,8
1964,8,1584,1592,89.0,8
3268,9,1584,1593,89.0,9
824,5,1588,1593,89.0,5
2219,1,1592,1593,89.0,1
974,9,1585,1594,89.0,9
3328,2,1593,1595,89.0,2
1004,1,1594,1595,89.0,1
119,9,1587,1596,89.0,9
239,6,1590,1596,89.0,6
4409,8,1589,1597,89.0,8
1498,7,1590,1597,89.0,7
629,1,1596,1597,89.0,1
2803,7,1592,1599,89.0,7
4949,2,1597,1599,89.0,2
2128,8,1592,1600,89.0,8
674,3,1597,1600,89.0,3
869,9,1592,1601,89.0,9
2519,8,1593,1601,89.0,8
2159,9,1593,1602,89.0,9
1424,7,1595,1602,89.0,7
689,2,1600,1602,89.0,2
1244,1,1601,1602,89.0,1
1574,1,1602,1603,89.0,1
3463,9,1595,1604,89.0,9
164,8,1596,1604,89.0,8
1514,2,1602,1604,89.0,2
2968,6,1599,1605,89.0,6
1814,1,1604,1605,89.0,1
1528,9,1597,1606,89.0,9
4964,7,1599,1606,89.0,7
2683,6,1600,1606,89.0,6
2564,6,1601,1607,89.0,6
2743,1,1606,1607,89.0,1
3913,4,1604,1608,89.0,4
2863,2,1607,1609,89.0,2
1634,7,1603,1610,89.0,7
269,6,1604,1610,89.0,6
1558,4,1606,1610,89.0,4
2249,9,1602,1611,89.0,9
1439,9,1602,1611,89.0,9
2204,1,1610,1611,89.0,1
2684,6,1607,1613,89.0,6
4018,5,1608,1613,89.0,5
2953,4,1609,1613,89.0,4
3134,2,1611,1613,89.0,2
3148,9,1605,1614,89.0,9
2084,9,1605,1614,89.0,9
1559,4,1611,1615,89.0,4
2894,2,1613,1615,89.0,2
1858,7,1610,1617,89.0,7
2279,6,1611,1617,89.0,6
659,8,1610,1618,89.0,8
4183,6,1613,1619,89.0,6
3179,7,1613,1620,89.0,7
2008,3,1617,1620,89.0,3
839,2,1618,1620,89.0,2
3223,7,1614,1621,89.0,7
2624,4,1617,1621,89.0,4
3238,9,1613,1622,89.0,9
3269,7,1615,1622,89.0,7
2714,9,1614,1623,89.0,9
1949,8,1615,1623,89.0,8
3553,1,1622,1623,89.0,1
2053,4,1620,1624,89.0,4
989,4,1620,1624,89.0,4
3284,2,1622,1624,89.0,2
2563,1,1624,1625,89.0,1
4258,7,1619,1626,89.0,7
3373,5,1621,1626,89.0,5
2924,5,1621,1626,89.0,5
2009,4,1623,1627,89.0,4
3329,3,1624,1627,89.0,3
3014,1,1626,1627,89.0,1
4019,1,1627,1628,89.0,1
3209,9,1620,1629,89.0,9
2819,6,1623,1629,89.0,6
4288,3,1626,1629,89.0,3
2939,2,1629,1631,89.0,2
3568,9,1623,1632,89.0,9
1079,8,1624,1632,89.0,8
2594,5,1627,1632,89.0,5
2653,8,1625,1633,89.0,8
3703,1,1632,1633,89.0,1
3224,5,1629,1634,89.0,5
1184,2,1632,1634,89.0,2
2744,2,1632,1634,89.0,2
3508,9,1626,1635,89.0,9
3029,8,1627,1635,89.0,8
4109,7,1628,1635,89.0,7
3719,1,1634,1635,89.0,1
2804,1,1634,1635,89.0,1
854,7,1629,1636,89.0,7
3839,1,1635,1636,89.0,1
2954,1,1635,1636,89.0,1
3059,6,1631,1637,89.0,6
2878,4,1633,1637,89.0,4
3524,1,1636,1637,89.0,1
1199,4,1634,1638,89.0,4
4349,3,1635,1638,89.0,3
3898,5,1635,1640,89.0,5
3344,6,1635,1641,89.0,6
3974,5,1636,1641,89.0,5
1349,3,1638,1641,89.0,3
3733,9,1633,1642,89.0,9
1919,1,1641,1642,89.0,1
1019,7,1636,1643,89.0,7
3389,2,1641,1643,89.0,2
2114,1,1642,1643,89.0,1
3793,2,1642,1644,89.0,2
3479,8,1637,1645,89.0,8
3058,9,1637,1646,89.0,9
3794,9,1637,1646,89.0,9
3509,1,1645,1646,89.0,1
4364,9,1638,1647,89.0,9
4139,6,1641,1647,89.0,6
4003,3,1644,1647,89.0,3
1094,5,1643,1648,89.0,5
4078,9,1640,1649,89.0,9
3629,6,1643,1649,89.0,6
3178,5,1646,1651,89.0,5
3959,2,1649,1651,89.0,2
2144,9,1643,1652,89.0,9
3674,6,1646,1652,89.0,6
3433,1,1651,1652,89.0,1
1304,5,1648,1653,89.0,5
3869,8,1646,1654,89.0,8
4694,7,1647,1654,89.0,7
4213,7,1647,1654,89.0,7
4094,3,1651,1654,89.0,3
4228,6,1649,1655,89.0,6
3658,3,1652,1655,89.0,3
4184,9,1647,1656,89.0,9
4589,4,1652,1656,89.0,4
3884,6,1654,1660,89.0,6
3718,5,1655,1660,89.0,5
2969,9,1652,1661,89.0,9
1319,8,1653,1661,89.0,8
4768,8,1654,1662,89.0,8
4438,7,1655,1662,89.0,7
4394,9,1654,1663,89.0,9
4529,7,1656,1663,89.0,7
3254,2,1661,1663,89.0,2
4214,5,1660,1665,89.0,5
3763,6,1660,1666,89.0,6
4603,4,1662,1666,89.0,4
4484,3,1663,1666,89.0,3
4649,3,1663,1666,89.0,3
3359,4,1663,1667,89.0,4
4259,2,1665,1667,89.0,2
4948,1,1666,1667,89.0,1
1379,7,1661,1668,89.0,7
4993,6,1662,1668,89.0,6
3988,2,1666,1668,89.0,2
134,2,1667,1669,89.0,2
4739,4,1666,1670,89.0,4
179,1,1669,1670,89.0,1
104,3,1668,1671,89.0,3
3434,6,1667,1673,89.0,6
1829,5,1668,1673,89.0,5
4033,6,1668,1674,89.0,6
4634,9,1666,1675,89.0,9
4619,8,1667,1675,89.0,8
4318,1,1674,1675,89.0,1
1844,3,1673,1676,89.0,3
254,7,1670,1677,89.0,7
329,6,1671,1677,89.0,6
4679,2,1675,1677,89.0,2
3464,5,1673,1678,89.0,5
359,1,1677,1678,89.0,1
389,2,1678,1680,89.0,2
4468,6,1675,1681,89.0,6
4859,4,1677,1681,89.1,4
1049,5,1677,1682,89.1,5
3539,4,1678,1682,89.1,4
2069,7,1676,1683,89.1,7
509,3,1680,1683,89.1,3
3899,3,1682,1685,89.1,3
4813,5,1681,1686,89.1,5
1124,4,1682,1686,89.1,4
524,8,1683,1691,89.1,8
4319,6,1685,1691,89.1,6
2099,9,1683,1692,89.1,9
569,7,1686,1693,89.1,7
1139,8,1686,1694,89.1,8
614,1,1693,1694,89.1,1
704,6,1691,1697,89.1,6
4334,6,1691,1697,89.1,6
2234,7,1692,1699,89.1,7
944,5,1694,1699,89.1,5
1229,6,1694,1700,89.1,6
2534,3,1699,1702,89.1,3
1034,3,1699,1702,89.1,3
1409,3,1700,1703,89.1,3
4439,8,1697,1705,89.1,8
749,9,1697,1706,89.1,9
1214,4,1702,1706,89.1,4
3419,6,1702,1708,89.1,6
1529,7,1703,1710,89.1,7
1259,4,1706,1710,89.1,4
1169,5,1706,1711,89.1,5
4664,9,1705,1714,89.1,9
3494,7,1708,1715,89.1,7
1679,6,1710,1716,89.1,6
1274,8,1710,1718,89.1,8
3689,3,1715,1718,89.1,3
1709,9,1711,1720,89.1,9
4709,6,1714,1720,89.1,6
1799,4,1716,1720,89.1,4
1739,2,1718,1720,89.1,2
1784,2,1720,1722,89.1,2
4799,3,1720,1723,89.1,3
3764,6,1718,1724,89.1,6
1754,4,1720,1724,89.1,4
2549,5,1720,1725,89.1,5
1994,3,1722,1725,89.1,3
1979,2,1724,1726,89.1,2
4034,4,1724,1728,89.1,4
2639,6,1725,1731,89.1,6
2504,7,1725,1732,89.1,7
4049,5,1728,1733,89.1,5
2039,8,1726,1734,89.1,8
2129,3,1734,1737,89.1,3
3164,7,1731,1738,89.1,7
2834,7,1732,1739,89.1,7
2189,4,1737,1741,89.1,4
2849,2,1739,1741,89.1,2
4829,9,1733,1742,89.1,9
3194,4,1738,1742,89.1,4
2264,2,1741,1743,89.1,2
2339,1,1743,1744,89.1,1
2879,6,1741,1747,89.1,6
3239,8,1742,1750,89.1,8
2444,7,1744,1751,89.1,7
3044,5,1747,1752,89.1,5
2459,2,1751,1753,89.1,2
2609,2,1753,1755,89.1,2
3089,5,1752,1757,89.1,5
3314,8,1750,1758,89.1,8
3599,3,1758,1761,89.1,3
2984,8,1755,1763,89.1,8
3104,8,1757,1765,89.1,8
3404,1,1765,1766,89.1,1
3779,9,1761,1770,89.1,9
3299,8,1763,1771,89.1,8
3554,8,1766,1774,89.1,8
3374,3,1771,1774,89.1,3
3824,1,1774,1775,89.1,1
3584,1,1774,1775,89.1,1
4289,1,1775,1776,89.1,1
4154,8,1770,1778,89.1,8
4544,4,1776,1780,89.1,4
4469,4,1778,1782,89.1,4
4604,2,1780,1782,89.1,2
3659,8,1775,1783,89.1,8
4904,3,1782,1785,89.1,3
3749,3,1783,1786,89.1,3
3914,1,1786,1787,89.1,1
4784,9,1782,1791,89.1,9
4004,4,1787,1791,89.1,4
4169,3,1791,1794,89.1,3
4979,5,1791,1796,89.1,5
4559,8,1794,1802,89.1,8
4754,4,1802,1806,89.1,4
4769,7,1806,1813,89.1,7
4889,1,1813,1814,89.1,1
4919,8,1814,1822,89.1,8
4934,7,1822,1829,89.1,7
