Task_ID,Duration,Start_Time,End_Time,Memory_Usage,Completion_Time
60,1,0,1,80.4,1
90,1,0,1,80.4,1
120,1,0,1,80.4,1
525,1,0,1,80.4,1
180,2,0,2,80.4,2
330,2,0,2,80.4,2
1605,1,1,2,80.4,1
135,3,0,3,80.4,3
0,4,0,4,80.4,4
195,4,0,4,80.4,4
210,4,0,4,80.4,4
345,3,1,4,80.4,3
165,4,1,5,80.4,4
465,4,1,5,80.4,4
375,1,4,5,80.4,1
30,6,0,6,80.4,6
585,4,2,6,80.4,4
540,4,2,6,80.4,4
405,2,4,6,80.4,2
45,8,0,8,80.4,8
75,8,0,8,80.4,8
225,8,0,8,80.4,8
1530,2,6,8,80.4,2
675,2,6,8,80.4,2
150,9,0,9,80.4,9
285,4,5,9,80.4,4
690,1,8,9,80.4,1
1770,8,2,10,80.4,8
420,7,3,10,80.4,7
570,2,8,10,80.4,2
270,2,8,10,80.4,2
480,6,5,11,80.4,6
630,5,6,11,80.4,5
315,2,9,11,80.4,2
615,2,10,12,80.4,2
510,1,11,12,80.4,1
15,9,4,13,80.4,9
450,9,4,13,80.4,9
600,8,5,13,80.4,8
300,5,8,13,80.4,5
555,2,12,14,80.4,2
105,9,6,15,80.4,9
765,6,9,15,80.4,6
1230,5,10,15,80.4,5
735,4,11,15,80.4,4
975,4,11,15,80.4,4
1635,8,8,16,80.4,8
960,7,9,16,80.4,7
645,6,10,16,80.4,6
1260,3,13,16,80.4,3
840,4,13,17,80.4,4
390,4,13,17,80.4,4
1185,2,15,17,80.4,2
795,4,14,18,80.4,4
660,1,17,18,80.4,1
2040,9,10,19,80.4,9
1290,3,16,19,80.4,3
240,7,13,20,80.4,7
900,5,15,20,80.4,5
1305,5,15,20,80.4,5
2130,1,19,20,80.4,1
1245,9,12,21,80.4,9
720,6,16,22,80.4,6
1410,1,21,22,80.4,1
1815,6,17,23,80.4,6
495,9,15,24,80.4,9
1275,9,15,24,80.4,9
1515,8,16,24,80.4,8
1785,5,19,24,80.4,5
2385,9,16,25,80.4,9
825,7,18,25,80.4,7
1875,1,24,25,80.4,1
915,9,17,26,80.4,9
2145,6,20,26,80.4,6
1905,3,23,26,80.4,3
1095,9,18,27,80.4,9
750,5,22,27,80.4,5
1470,5,22,27,80.4,5
2160,2,25,27,80.4,2
255,9,20,29,80.4,9
1395,9,20,29,80.4,9
1725,9,20,29,80.4,9
2430,4,25,29,80.4,4
855,4,25,29,80.4,4
2685,3,26,29,80.4,3
705,6,24,30,80.4,6
1890,6,24,30,80.4,6
1170,4,27,31,80.4,4
2790,4,27,31,80.4,4
1110,6,26,32,80.4,6
885,5,27,32,80.4,5
1545,5,27,32,80.4,5
2250,3,29,32,80.4,3
1380,9,24,33,80.4,9
2460,4,29,33,80.4,4
2730,4,29,33,80.4,4
1980,8,26,34,80.4,8
360,5,29,34,80.4,5
1590,5,29,34,80.4,5
1650,3,32,35,80.4,3
1020,3,32,35,80.4,3
780,7,30,37,80.4,7
3165,7,30,37,80.4,7
1710,5,32,37,80.4,5
2265,5,32,37,80.4,5
1440,4,33,37,80.4,4
2820,4,33,37,80.4,4
870,9,29,38,80.4,9
1755,3,35,38,80.4,3
3090,1,37,38,80.4,1
1215,8,31,39,80.4,8
2880,9,31,40,80.4,9
810,3,37,40,80.4,3
3150,2,38,40,80.4,2
2745,8,33,41,80.4,8
435,7,34,41,80.4,7
2565,4,37,41,80.4,4
2115,3,38,41,80.4,3
2280,8,34,42,80.4,8
1965,5,37,42,80.4,5
3975,2,40,42,80.4,2
3030,1,41,42,80.4,1
1695,9,34,43,80.4,9
3195,6,37,43,80.4,6
1455,6,37,43,80.4,6
3375,1,42,43,80.4,1
1125,9,35,44,80.4,9
4080,2,42,44,80.4,2
2550,1,43,44,80.4,1
1035,7,38,45,80.4,7
930,5,40,45,80.4,5
945,4,41,45,80.4,4
3075,1,44,45,80.4,1
3435,6,40,46,80.4,6
2025,4,42,46,80.4,4
1500,8,39,47,80.4,8
2205,6,41,47,80.4,6
1320,4,44,48,80.4,4
1065,3,45,48,80.4,3
3135,3,45,48,80.4,3
3465,2,46,48,80.4,2
2940,8,41,49,80.4,8
2310,7,42,49,80.4,7
3405,6,43,49,80.4,6
3450,6,43,49,80.4,6
1005,4,45,49,80.4,4
2370,2,47,49,80.4,2
1560,8,43,51,80.4,8
4200,7,44,51,80.4,7
2085,5,46,51,80.4,5
1155,3,48,51,80.4,3
3315,3,48,51,80.4,3
3525,2,49,51,80.4,2
990,7,45,52,80.4,7
2595,3,49,52,80.4,3
2490,3,49,52,80.4,3
3540,5,48,53,80.4,5
2325,6,48,54,80.4,6
1050,5,49,54,80.4,5
3585,3,51,54,80.4,3
1800,8,47,55,80.4,8
2970,6,49,55,80.4,6
1575,5,51,56,80.4,5
1140,4,52,56,80.4,4
3210,1,55,56,80.4,1
2610,5,52,57,80.4,5
1860,2,55,57,80.4,2
3915,9,49,58,80.4,9
2175,7,51,58,80.4,7
3420,7,51,58,80.4,7
1200,8,51,59,80.4,8
3615,6,53,59,80.4,6
1080,5,54,59,80.4,5
4320,9,51,60,80.4,9
4035,6,54,60,80.4,6
3285,4,56,60,80.4,4
4185,2,58,60,80.4,2
3645,2,58,60,80.4,2
2670,9,52,61,80.4,9
1620,5,56,61,80.4,5
2775,5,57,62,80.4,5
2055,5,57,62,80.4,5
2340,9,54,63,80.4,9
1425,7,56,63,80.4,7
2655,5,58,63,80.4,5
1350,4,59,63,80.4,4
4260,3,60,63,80.4,3
4245,4,60,64,80.4,4
2850,2,62,64,80.4,2
3900,5,60,65,80.4,5
4440,6,60,66,80.4,6
1845,3,63,66,80.4,3
1335,8,59,67,80.4,8
3720,8,59,67,80.4,8
2715,6,61,67,80.4,6
2415,4,63,67,80.4,4
3390,8,60,68,80.4,8
1680,7,61,68,80.4,7
1485,5,63,68,80.4,5
2955,5,63,68,80.4,5
4500,2,66,68,80.4,2
2445,2,66,68,80.4,2
4530,7,63,70,80.4,7
4140,5,65,70,80.4,5
3930,3,67,70,80.4,3
2835,3,67,70,80.4,3
2070,9,62,71,80.4,9
4395,7,64,71,80.4,7
3060,7,64,71,80.4,7
2625,4,67,71,80.4,4
2475,3,68,71,80.4,3
2895,1,70,71,80.4,1
4875,4,68,72,80.4,4
4215,2,70,72,80.4,2
3945,2,70,72,80.4,2
1365,6,67,73,80.4,6
1920,5,68,73,80.4,5
4620,1,72,73,80.4,1
4425,4,71,75,80.4,4
2640,4,71,75,80.4,4
3675,8,68,76,80.4,8
1665,8,68,76,80.4,8
3120,5,71,76,80.4,5
3240,9,68,77,80.4,9
1740,4,73,77,80.4,4
3360,1,76,77,80.4,1
2100,7,71,78,80.4,7
3270,7,71,78,80.4,7
4590,9,70,79,80.5,9
2805,8,71,79,80.4,8
4920,7,72,79,80.5,7
4665,6,73,79,80.5,6
4455,4,75,79,80.5,4
3735,3,76,79,80.5,3
4305,8,72,80,80.5,8
3690,3,77,80,80.5,3
2400,8,73,81,80.5,8
3795,4,77,81,80.5,4
91,2,79,81,80.5,2
406,2,79,81,80.5,2
1830,5,77,82,80.5,5
1935,7,76,83,80.5,7
4380,3,80,83,80.5,3
2700,9,75,84,80.5,9
2190,7,78,85,80.5,7
3780,5,80,85,80.5,5
2505,4,81,85,80.5,4
4935,7,79,86,80.5,7
3840,7,79,86,80.5,7
3510,9,78,87,80.5,9
166,6,81,87,80.5,6
2910,3,84,87,80.5,3
3705,9,79,88,80.5,9
226,9,79,88,80.5,9
3000,1,87,88,80.5,1
481,8,81,89,80.5,8
211,2,87,89,80.5,2
3990,9,81,90,80.5,9
1950,8,82,90,80.5,8
2535,5,85,90,80.5,5
1995,8,83,91,80.5,8
2985,6,85,91,80.5,6
3810,4,87,91,80.5,4
3015,3,88,91,80.5,3
496,2,89,91,80.5,2
2580,1,90,91,80.5,1
4545,9,83,92,80.5,9
3765,4,88,92,80.5,4
3855,1,91,92,80.5,1
4065,8,85,93,80.5,8
2010,3,90,93,80.5,3
3870,8,86,94,80.5,8
4020,2,92,94,80.5,2
4230,1,93,94,80.5,1
2220,1,93,94,80.5,1
181,9,86,95,80.5,9
241,6,89,95,80.5,6
3045,4,91,95,80.5,4
2355,5,91,96,80.5,5
3105,5,91,96,80.5,5
616,9,88,97,80.5,9
3255,6,91,97,80.5,6
4635,5,92,97,80.5,5
1,8,90,98,80.5,8
2925,2,96,98,80.5,2
3495,1,97,98,80.5,1
4005,5,94,99,80.5,5
601,4,95,99,80.5,4
556,9,91,100,80.5,9
2235,6,94,100,80.5,6
3225,4,96,100,80.5,4
766,1,99,100,80.5,1
4470,9,92,101,80.5,9
4275,7,94,101,80.5,7
3570,3,98,101,80.5,3
4845,2,99,101,80.5,2
2295,1,100,101,80.5,1
4605,8,94,102,80.5,8
3300,7,95,102,80.5,7
1006,5,97,102,80.5,5
3480,1,102,103,80.5,1
301,9,95,104,80.5,9
3180,6,98,104,80.5,6
4650,8,97,105,80.5,8
3555,2,103,105,80.5,2
646,8,98,106,80.5,8
4785,4,102,106,80.5,4
1366,4,102,106,80.5,4
571,7,100,107,80.5,7
4710,6,101,107,80.5,6
4725,6,101,107,80.5,6
391,3,104,107,80.5,3
3330,3,104,107,80.5,3
4155,8,100,108,80.5,8
46,7,101,108,80.5,7
1231,9,100,109,80.5,9
3630,8,101,109,80.5,8
2520,8,101,109,80.5,8
436,3,107,110,80.5,3
2760,1,109,110,80.5,1
1546,5,106,111,80.5,5
4890,4,107,111,80.5,4
3600,4,107,111,80.5,4
4050,2,109,111,80.5,2
4680,7,105,112,80.5,7
691,6,106,112,80.5,6
4815,6,106,112,80.5,6
1846,5,107,112,80.5,5
1381,3,109,112,80.5,3
4755,6,107,113,80.5,6
346,5,108,113,80.5,5
706,3,110,113,80.5,3
886,1,112,113,80.5,1
3825,9,105,114,80.5,9
3660,3,111,114,80.5,3
2071,2,112,114,80.5,2
2865,6,110,116,80.5,6
4095,5,111,116,80.5,5
4965,4,112,116,80.5,4
4770,3,113,116,80.5,3
1576,3,113,116,80.5,3
4485,9,108,117,80.5,9
4830,5,112,117,80.5,5
4125,3,114,117,80.5,3
3750,3,114,117,80.5,3
2431,3,114,117,80.5,3
4980,1,116,117,80.5,1
4995,7,111,118,80.5,7
1441,6,112,118,80.5,6
1951,8,111,119,80.5,8
3345,3,116,119,80.5,3
76,3,116,119,80.5,3
4695,2,117,119,80.5,2
4515,2,117,119,80.5,2
4290,4,116,120,80.5,4
1591,4,116,120,80.5,4
466,8,113,121,80.5,8
2521,4,117,121,80.5,4
16,3,118,121,80.5,3
1966,2,119,121,80.5,2
856,9,113,122,80.5,9
4575,3,119,122,80.5,3
106,7,117,124,80.5,7
1471,6,118,124,80.5,6
4800,5,119,124,80.5,5
961,2,122,124,80.5,2
3885,8,117,125,80.5,8
826,6,119,125,80.5,6
676,9,117,126,80.5,9
1111,2,124,126,80.5,2
3960,8,119,127,80.5,8
2011,7,120,127,80.5,7
2401,6,121,127,80.5,6
196,5,122,127,80.5,5
4110,2,125,127,80.5,2
661,7,121,128,80.5,7
2116,1,127,128,80.5,1
4335,9,120,129,80.5,9
1171,5,124,129,80.5,5
2596,9,121,130,80.5,9
331,9,121,130,80.5,9
1681,6,124,130,80.5,6
1351,2,128,130,80.5,2
2866,2,128,130,80.5,2
2536,4,127,131,80.5,4
1186,1,130,131,80.5,1
121,8,124,132,80.5,8
1921,2,130,132,80.5,2
1711,2,130,132,80.5,2
3166,2,130,132,80.5,2
976,8,125,133,80.5,8
271,6,127,133,80.5,6
1126,8,126,134,80.5,8
4170,7,127,134,80.5,7
811,9,126,135,80.5,9
4410,8,127,135,80.5,8
4905,6,129,135,80.5,6
2851,5,130,135,80.5,5
2506,3,132,135,80.5,3
1021,2,133,135,80.5,2
526,2,133,135,80.5,2
1636,7,129,136,80.5,7
136,5,132,137,80.5,5
1771,1,136,137,80.5,1
2566,7,131,138,80.5,7
1786,4,134,138,80.5,4
1816,7,132,139,80.5,7
3346,7,132,139,80.5,7
1216,9,131,140,80.5,9
1486,5,135,140,80.5,5
3106,5,135,140,80.5,5
1861,1,139,140,80.5,1
4350,7,134,141,80.5,7
3376,6,135,141,80.5,6
2656,3,138,141,80.5,3
4560,7,135,142,80.5,7
3451,3,139,142,80.5,3
1531,2,140,142,80.5,2
3706,2,140,142,80.5,2
4950,8,135,143,80.5,8
1036,8,135,143,80.5,8
586,8,135,143,80.5,8
2641,6,137,143,80.5,6
1501,3,140,143,80.5,3
3586,2,141,143,80.5,2
256,7,137,144,80.5,7
1876,6,138,144,80.5,6
1606,2,142,144,80.5,2
4366,2,142,144,80.5,2
4740,4,142,146,80.5,4
1336,3,143,146,80.5,3
4396,3,144,147,80.4,3
2101,9,140,149,80.4,9
3181,8,141,149,80.4,8
3031,6,143,149,80.4,6
1561,6,143,149,80.4,6
2056,5,144,149,80.4,5
4365,9,141,150,80.4,9
286,4,146,150,80.4,4
1411,4,146,150,80.4,4
3481,9,142,151,80.4,9
61,8,143,151,80.4,8
721,8,143,151,80.4,8
511,7,144,151,80.4,7
3856,9,143,152,80.4,9
3526,1,151,152,80.4,1
2041,9,144,153,80.4,9
4651,6,147,153,80.4,6
361,3,150,153,80.4,3
2446,5,149,154,80.4,5
3241,6,149,155,80.4,6
151,4,151,155,80.4,4
3226,1,154,155,80.4,1
4860,6,150,156,80.4,6
316,1,155,156,80.4,1
2146,8,149,157,80.4,8
946,6,151,157,80.4,6
2191,4,153,157,80.4,4
796,1,156,157,80.4,1
3211,9,149,158,80.4,9
1726,9,149,158,80.4,9
3991,6,152,158,80.4,6
1621,9,150,159,80.4,9
736,8,151,159,80.4,8
3271,4,155,159,80.4,4
1756,1,158,159,80.4,1
3616,8,152,160,80.4,8
931,3,157,160,80.4,3
47,8,153,161,80.4,8
376,8,153,161,80.4,8
3331,6,155,161,80.4,6
3646,2,159,161,80.4,2
991,5,157,162,80.4,5
3466,4,158,162,80.4,4
257,1,161,162,80.4,1
31,7,156,163,80.4,7
2356,6,157,163,80.4,6
2476,7,157,164,80.4,7
3511,3,161,164,80.4,3
2371,1,163,164,80.4,1
751,6,159,165,80.4,6
1141,3,162,165,80.4,3
4411,8,158,166,80.4,8
1801,7,159,166,80.4,7
2611,2,164,166,80.4,2
3961,7,160,167,80.4,7
1051,7,160,167,80.4,7
541,4,163,167,80.4,4
3571,3,164,167,80.4,3
1996,9,159,168,80.4,9
3886,6,162,168,80.4,6
1306,2,167,169,80.4,2
421,9,161,170,80.4,9
3841,9,161,170,80.4,9
4201,2,168,170,80.4,2
377,9,162,171,80.4,9
2701,7,164,171,80.4,7
631,4,167,171,80.4,4
4171,5,167,172,80.4,5
1516,3,169,172,80.4,3
871,8,165,173,80.4,8
2086,7,166,173,80.4,7
2161,5,168,173,80.4,5
781,2,171,173,80.4,2
1156,9,165,174,80.4,9
2671,8,166,174,80.4,8
3661,7,167,174,80.4,7
1666,2,172,174,80.4,2
4606,9,166,175,80.4,9
3931,5,170,175,80.4,5
2716,4,171,175,80.4,4
2281,2,173,175,80.4,2
901,3,173,176,80.4,3
1831,2,174,176,80.4,2
1741,4,173,177,80.4,4
3796,3,174,177,80.4,3
2236,1,176,177,80.4,1
422,7,171,178,80.4,7
4216,6,172,178,80.4,6
1081,2,176,178,80.4,2
1891,1,177,178,80.4,1
451,9,170,179,80.4,9
4246,9,170,179,80.4,9
1201,5,174,179,80.4,5
2416,4,175,179,80.4,4
2266,2,177,179,80.4,2
2911,5,175,180,80.4,5
4081,3,177,180,80.4,3
2326,8,173,181,80.4,8
841,2,179,181,80.4,2
2311,2,179,181,80.4,2
2956,8,174,182,80.4,8
437,4,178,182,80.4,4
1291,4,178,182,80.4,4
1246,3,179,182,80.4,3
916,1,181,182,80.4,1
2626,1,181,182,80.4,1
4756,8,175,183,80.4,8
2926,3,180,183,80.4,3
4096,9,175,184,80.4,9
4966,6,178,184,80.4,6
3076,2,182,184,80.4,2
1696,2,182,184,80.4,2
4516,6,179,185,80.4,6
182,2,183,185,80.4,2
4156,6,180,186,80.4,6
1276,4,182,186,80.4,4
1981,9,178,187,80.4,9
4741,2,185,187,80.4,2
1396,1,186,187,80.4,1
2686,9,179,188,80.4,9
2341,7,181,188,80.4,7
1066,6,182,188,80.4,6
197,4,185,189,80.4,4
617,8,182,190,80.4,8
2731,8,182,190,80.4,8
2296,6,184,190,80.4,6
3046,8,183,191,80.4,8
4111,7,184,191,80.4,7
4186,5,186,191,80.4,5
92,8,184,192,80.4,8
3196,8,184,192,80.4,8
2896,4,188,192,80.4,4
4426,1,191,192,80.4,1
2176,6,187,193,80.4,6
1456,6,187,193,80.4,6
692,3,190,193,80.4,3
2821,3,190,193,80.4,3
1096,7,188,195,80.4,7
4846,9,187,196,80.4,9
2551,8,188,196,80.4,8
242,7,189,196,80.4,7
2806,6,190,196,80.4,6
3061,4,192,196,80.4,4
647,5,192,197,80.4,5
737,4,193,197,80.4,4
3286,6,192,198,80.4,6
3361,2,196,198,80.4,2
4576,8,191,199,80.4,8
3691,6,193,199,80.4,6
1261,4,195,199,80.4,4
3406,9,191,200,80.4,9
4471,8,192,200,80.4,8
1906,7,193,200,80.4,7
4636,1,199,200,80.4,1
2221,8,193,201,80.4,8
902,5,196,201,80.4,5
2941,5,196,201,80.4,5
3421,3,198,201,80.4,3
32,7,196,203,80.4,7
932,6,197,203,80.4,6
1321,4,199,203,80.4,4
107,3,200,203,80.4,3
2131,3,200,203,80.4,3
2251,3,201,204,80.4,3
2791,9,196,205,80.4,9
1157,8,197,205,80.4,8
3541,5,200,205,80.4,5
3436,5,201,206,80.4,5
362,3,203,206,80.4,3
2206,3,203,206,80.4,3
3946,1,205,206,80.4,1
3316,9,198,207,80.4,9
3736,8,199,207,80.4,8
62,7,200,207,80.4,7
1457,4,203,207,80.4,4
2761,3,204,207,80.4,3
3016,7,201,208,80.4,7
77,5,203,208,80.4,5
3256,3,205,208,80.4,3
1727,1,207,208,80.4,1
2386,3,206,209,80.4,3
332,2,207,209,80.4,2
3976,1,208,209,80.4,1
1127,9,201,210,80.4,9
3601,4,206,210,80.4,4
4996,4,206,210,80.4,4
4141,3,207,210,80.4,3
2881,3,207,210,80.4,3
2012,2,208,210,80.4,2
4066,2,209,211,80.4,2
3676,1,210,211,80.4,1
1426,9,203,212,80.4,9
1337,7,205,212,80.4,7
3871,5,207,212,80.4,5
542,4,208,212,80.4,4
2461,3,209,212,80.4,3
3751,1,211,212,80.4,1
947,7,206,213,80.4,7
4276,4,210,214,80.4,4
4126,3,211,214,80.4,3
4036,7,208,215,80.4,7
467,6,209,215,80.4,6
812,3,212,215,80.4,3
4351,1,214,215,80.4,1
1517,4,212,216,80.4,4
1142,7,210,217,80.4,7
3001,7,210,217,80.4,7
3826,5,212,217,80.4,5
827,2,215,217,80.4,2
167,8,210,218,80.4,8
2027,8,210,218,80.4,8
1651,6,212,218,80.4,6
4021,6,212,218,80.4,6
2491,6,212,218,80.4,6
4381,3,215,218,80.4,3
1936,1,218,219,80.4,1
4291,6,214,220,80.4,6
1307,8,213,221,80.4,8
1547,4,217,221,80.4,4
4231,7,215,222,80.4,7
1007,7,215,222,80.4,7
3496,5,217,222,80.4,5
2581,4,218,222,80.4,4
1787,7,216,223,80.4,7
1952,6,217,223,80.4,6
227,5,218,223,80.4,5
2026,4,219,223,80.4,4
2282,6,218,224,80.4,6
4261,2,222,224,80.4,2
2222,1,223,224,80.4,1
3152,1,224,225,80.4,1
3916,9,217,226,80.4,9
4306,6,220,226,80.4,6
1367,5,221,226,80.4,5
2746,4,222,226,80.4,4
4546,9,218,227,80.4,9
4501,9,218,227,80.4,9
1217,5,222,227,80.4,5
1532,2,226,228,80.4,2
302,1,227,228,80.4,1
1277,1,227,228,80.4,1
2192,8,221,229,80.4,8
3811,7,222,229,80.4,7
407,6,223,229,80.4,6
4681,5,224,229,80.4,5
1667,1,228,229,80.4,1
2117,7,223,230,80.4,7
2776,7,223,230,80.4,7
482,1,229,230,80.4,1
1802,1,229,230,80.4,1
3242,6,225,231,80.4,6
2836,5,226,231,80.4,5
2207,3,228,231,80.4,3
2852,2,229,231,80.4,2
3437,1,231,232,80.4,1
2582,9,224,233,80.4,9
4321,7,226,233,80.4,7
2971,3,230,233,80.4,3
512,6,228,234,80.4,6
4861,5,229,234,80.4,5
1877,4,230,234,80.4,4
2986,3,231,234,80.4,3
4006,9,226,235,80.4,9
3901,6,229,235,80.4,6
3677,3,232,235,80.4,3
4336,2,233,235,80.4,2
4876,1,234,235,80.4,1
4591,9,227,236,80.4,9
2372,6,230,236,80.4,6
2462,5,231,236,80.4,5
3017,5,231,236,80.4,5
2897,3,233,236,80.4,3
4561,1,235,236,80.4,1
3091,4,233,237,80.4,4
4051,2,235,237,80.4,2
2942,1,236,237,80.4,1
962,8,230,238,80.4,8
3872,3,235,238,80.4,3
4456,4,235,239,80.4,4
2987,3,236,239,80.4,3
3002,2,237,239,80.4,2
1982,6,234,240,80.4,6
3121,6,234,240,80.4,6
1037,2,238,240,80.4,2
662,7,234,241,80.4,7
4906,6,235,241,80.4,6
3332,5,236,241,80.4,5
4816,5,236,241,80.4,5
3902,3,238,241,80.4,3
4621,6,236,242,80.4,6
2507,6,236,242,80.4,6
4666,3,239,242,80.4,3
137,1,241,242,80.4,1
3151,6,237,243,80.4,6
2267,3,240,243,80.4,3
1187,3,240,243,80.4,3
4786,1,242,243,80.4,1
4726,7,237,244,80.4,7
842,3,241,244,80.4,3
4277,4,241,245,80.4,4
2657,3,242,245,80.4,3
452,3,242,245,80.4,3
4921,2,243,245,80.4,2
3077,7,239,246,80.4,7
17,5,241,246,80.4,5
3482,5,241,246,80.4,5
2297,3,243,246,80.4,3
1502,3,243,246,80.4,3
3167,8,239,247,80.4,8
3136,7,240,247,80.4,7
317,3,244,247,80.4,3
122,1,246,247,80.4,1
347,3,245,248,80.4,3
3301,6,243,249,80.4,6
152,2,247,249,80.4,2
4951,8,242,250,80.4,8
557,7,245,252,80.4,7
3542,6,246,252,80.4,6
2882,6,246,252,80.4,6
857,9,244,253,80.4,9
2732,8,245,253,80.4,8
3227,6,247,253,80.4,6
3766,6,247,253,80.4,6
497,6,247,253,80.4,6
3391,4,249,253,80.4,4
438,9,245,254,80.4,9
1682,8,246,254,80.4,8
3617,9,246,255,80.4,9
572,6,249,255,80.4,6
1082,2,253,255,80.4,2
392,8,248,256,80.4,8
752,4,252,256,80.4,4
3556,3,253,256,80.4,3
797,1,255,256,80.4,1
3781,5,253,258,80.4,5
1067,9,250,259,80.4,9
3092,6,253,259,80.4,6
753,5,254,259,80.4,5
3812,8,252,260,80.4,8
527,7,253,260,80.4,7
3032,9,252,261,80.4,9
992,5,256,261,80.4,5
3631,5,256,261,80.4,5
1172,5,256,261,80.4,5
3377,2,259,261,80.4,2
3497,9,253,262,80.4,9
2432,8,254,262,80.4,8
3947,7,255,262,80.4,7
3721,1,261,262,80.4,1
1397,1,261,262,80.4,1
1097,8,255,263,80.4,8
587,3,260,263,80.4,3
3467,2,261,263,80.4,2
4441,1,262,263,80.4,1
1113,5,259,264,80.4,5
1412,2,262,264,80.4,2
722,9,256,265,80.4,9
3182,4,261,265,80.4,4
1757,1,264,265,80.4,1
4531,8,258,266,80.4,8
4442,6,260,266,80.4,6
872,1,265,266,80.4,1
4232,5,262,267,80.4,5
4592,1,266,267,80.4,1
977,1,266,267,80.4,1
1292,9,259,268,80.4,9
3662,6,262,268,80.4,6
2522,6,262,268,80.4,6
1112,5,263,268,80.5,5
1052,1,267,268,80.4,1
4696,3,266,269,80.4,3
1247,9,261,270,80.4,9
3707,7,263,270,80.4,7
2268,6,264,270,80.4,6
4486,8,263,271,80.4,8
3347,6,265,271,80.4,6
602,9,263,272,80.4,9
1892,8,265,273,80.4,8
4682,7,267,274,80.4,7
3692,6,268,274,80.4,6
2583,4,270,274,80.4,4
707,2,272,274,80.4,2
4337,8,267,275,80.4,8
1967,7,268,275,80.4,7
4831,6,269,275,80.4,6
3857,1,274,275,80.4,1
1382,8,268,276,80.4,8
4022,8,268,276,80.4,8
1352,9,268,277,80.4,9
782,4,274,278,80.4,4
1922,2,276,278,80.4,2
1427,9,270,279,80.4,9
3752,9,270,279,80.4,9
3452,8,271,279,80.4,8
3962,4,275,279,80.4,4
4711,9,271,280,80.4,9
4712,6,274,280,80.4,6
2057,8,273,281,80.4,8
2598,7,274,281,80.4,7
3722,2,279,281,80.4,2
4367,7,275,282,80.4,7
4771,2,280,282,80.4,2
3153,1,281,282,80.4,1
2177,9,275,284,80.4,9
4936,9,275,284,80.4,9
4142,8,276,284,80.4,8
2072,6,278,284,80.4,6
3737,3,281,284,80.4,3
1442,8,277,285,80.4,8
917,7,278,285,80.4,7
1472,6,279,285,80.4,6
3393,3,282,285,80.4,3
4352,7,279,286,80.4,7
3543,1,285,286,80.4,1
18,7,280,287,80.4,7
4547,5,282,287,80.4,5
4307,3,284,287,80.4,3
1577,2,285,287,80.4,2
3782,9,279,288,80.4,9
2252,7,281,288,80.4,7
2342,5,284,289,80.4,5
1637,4,285,289,80.4,4
4801,8,282,290,80.4,8
4262,6,284,290,80.4,6
3932,2,288,290,80.4,2
4981,7,284,291,80.4,7
1202,6,285,291,80.4,6
4382,5,286,291,80.4,5
33,4,287,291,80.4,4
1697,4,287,291,80.4,4
3992,1,290,291,80.4,1
1712,1,291,292,80.4,1
2162,9,284,293,80.4,9
2702,4,289,293,80.4,4
468,2,291,293,80.4,2
1262,3,291,294,80.4,3
528,1,293,294,80.4,1
3813,9,286,295,80.4,9
4802,8,287,295,80.4,8
4832,8,287,295,80.4,8
2417,6,289,295,80.4,6
4292,5,290,295,80.4,5
4397,4,291,295,80.4,4
4112,5,291,296,80.4,5
2477,3,293,296,80.4,3
4847,1,295,296,80.4,1
4472,1,295,296,80.4,1
2357,9,288,297,80.4,9
4891,8,290,298,80.4,8
4322,2,296,298,80.4,2
2777,2,296,298,80.4,2
1847,7,292,299,80.4,7
1607,5,294,299,80.4,5
693,5,294,299,80.4,5
2,9,291,300,80.4,9
2747,7,293,300,80.4,7
108,6,295,301,80.4,6
1817,2,299,301,80.4,2
2837,7,295,302,80.4,7
3122,2,300,302,80.4,2
4577,8,295,303,80.4,8
4952,7,296,303,80.4,7
3933,9,295,304,80.4,9
4877,8,296,304,80.4,8
2792,6,298,304,80.4,6
1862,5,299,304,80.4,5
1173,5,299,304,80.4,5
2567,8,297,305,80.4,8
138,4,301,305,80.4,4
2447,1,304,305,80.4,1
212,8,298,306,80.4,8
4607,3,303,306,80.4,3
4323,2,304,306,80.4,2
4427,9,298,307,80.4,9
1832,6,301,307,80.4,6
483,2,305,307,80.4,2
632,8,300,308,80.4,8
3407,4,304,308,80.4,4
3272,7,302,309,80.4,7
93,6,303,309,80.4,6
2492,4,305,309,80.4,4
513,2,307,309,80.4,2
3257,8,302,310,80.4,8
1473,6,304,310,80.4,6
3422,2,308,310,80.4,2
153,1,309,310,80.5,1
3,7,304,311,80.5,7
677,3,308,311,80.5,3
2612,2,309,311,80.5,2
2642,7,305,312,80.5,7
272,6,306,312,80.5,6
63,1,311,312,80.5,1
4443,7,306,313,80.5,7
767,2,311,313,80.5,2
4487,7,307,314,80.5,7
3287,4,310,314,80.5,4
1593,4,310,314,80.5,4
288,4,310,314,80.5,4
4622,9,306,315,80.5,9
2087,8,307,315,80.5,8
4833,2,313,315,80.5,2
3572,1,314,315,80.5,1
3632,6,310,316,80.5,6
2762,5,311,316,80.5,5
4727,2,314,316,80.5,2
4817,1,315,316,80.5,1
2102,1,315,316,80.5,1
3302,8,309,317,80.5,8
287,5,312,317,80.6,5
183,5,312,317,80.6,5
4052,2,315,317,80.6,2
873,9,309,318,80.7,9
887,5,313,318,80.7,5
1728,4,314,318,80.7,4
3842,2,316,318,80.7,2
289,4,315,319,80.7,4
2402,3,316,319,80.7,3
3512,2,317,319,80.7,2
3887,1,318,319,80.7,1
2672,8,312,320,80.7,8
318,6,314,320,80.7,6
1022,4,317,321,80.7,4
2687,1,320,321,80.7,1
2957,6,316,322,80.7,6
663,7,316,323,80.7,7
4457,6,317,323,80.7,6
4067,4,319,323,80.7,4
363,3,320,323,80.7,3
3647,1,322,323,80.7,1
4907,8,316,324,80.7,8
213,7,317,324,80.7,7
4532,1,323,324,80.7,1
874,6,319,325,80.7,6
4037,2,323,325,80.7,2
888,8,318,326,80.7,8
4637,7,319,326,80.7,7
1322,9,318,327,80.7,9
1878,9,318,327,80.7,9
2537,8,319,327,80.7,8
1232,6,321,327,80.7,6
378,4,324,328,80.7,4
1487,1,327,328,80.7,1
1562,1,327,328,80.7,1
2822,8,321,329,80.7,8
723,7,323,330,80.7,7
4997,6,324,330,80.7,6
4202,5,325,330,80.7,5
4652,4,326,330,80.7,4
4127,8,323,331,80.7,8
543,8,323,331,80.7,8
1084,6,325,331,80.7,6
2627,4,327,331,80.7,4
2912,2,329,331,80.7,2
48,2,330,332,80.7,2
618,9,324,333,80.7,9
1908,6,327,333,80.7,6
1622,5,328,333,80.7,5
78,3,330,333,80.7,3
4217,3,330,333,80.7,3
3047,2,331,333,80.7,2
453,6,328,334,80.7,6
798,4,330,334,80.7,4
1098,9,326,335,80.7,9
1248,4,331,335,80.7,4
4772,5,331,336,80.7,5
2717,5,331,336,80.7,5
1383,3,333,336,80.7,3
1592,9,328,337,80.7,9
1384,6,331,337,80.7,6
1652,4,333,337,80.7,4
2807,1,336,337,80.7,1
3107,5,333,338,80.7,5
1937,1,337,338,80.7,1
198,7,332,339,80.7,7
4502,6,333,339,80.7,6
1068,5,334,339,80.7,5
1263,4,335,339,80.7,4
1938,8,333,341,80.7,8
243,8,333,341,80.7,8
573,7,334,341,80.7,7
4892,5,336,341,80.7,5
2867,4,337,341,80.7,4
4697,2,339,341,80.7,2
3557,4,338,342,80.7,4
2042,4,338,342,80.7,4
1923,3,339,342,80.7,3
1683,8,335,343,80.7,8
1158,4,339,343,80.7,4
1668,8,336,344,80.7,8
408,5,339,344,80.7,5
3587,2,342,344,80.7,2
2132,2,342,344,80.7,2
1742,8,337,345,80.7,8
3602,1,344,345,80.7,1
2237,1,344,345,80.7,1
1819,9,337,346,80.7,9
2283,5,341,346,80.7,5
2058,4,342,346,80.7,4
4007,1,345,346,80.7,1
4937,6,341,347,80.7,6
4862,6,341,347,80.7,6
498,7,341,348,80.7,7
3212,7,341,348,80.7,7
588,8,341,349,80.7,8
1893,6,344,350,80.7,6
1818,8,343,351,80.7,8
1743,8,343,351,80.7,8
2208,6,346,352,80.7,6
168,5,347,352,80.7,5
903,4,348,352,80.7,4
933,3,349,352,80.7,3
828,9,344,353,80.7,9
2327,8,345,353,80.7,8
1772,9,345,354,80.7,9
2103,3,351,354,80.8,3
1834,9,346,355,80.8,9
2493,9,346,355,80.8,9
4082,9,346,355,80.8,9
2013,4,351,355,80.8,4
633,9,347,356,80.8,9
2552,3,353,356,80.8,3
2178,2,354,356,80.8,2
3362,9,348,357,80.8,9
1907,3,354,357,80.8,3
2913,6,352,358,80.8,6
258,6,352,358,80.8,6
948,2,356,358,80.8,2
2118,9,350,359,80.8,9
4172,5,355,360,80.8,5
1548,9,352,361,80.8,9
1233,9,352,361,80.8,9
1954,6,355,361,80.8,6
2597,5,356,361,80.8,5
1143,9,353,362,80.8,9
2883,7,355,362,80.8,7
2028,7,355,362,80.8,7
1278,1,361,362,80.8,1
2133,4,359,363,80.8,4
2148,1,362,363,80.8,1
2658,8,356,364,80.8,8
1053,6,358,364,80.8,6
4247,4,360,364,80.8,4
2973,2,362,364,80.8,2
2223,1,363,364,80.8,1
1997,8,357,365,80.8,8
3093,7,358,365,80.8,7
978,7,358,365,80.8,7
1713,4,361,365,80.8,4
1128,1,364,365,80.8,1
3392,9,357,366,80.8,9
4562,3,364,367,80.8,3
3498,2,365,367,80.8,2
2927,7,361,368,80.8,7
1323,6,362,368,80.8,6
2238,5,363,368,80.8,5
2763,4,364,368,80.8,4
3078,5,364,369,80.8,5
2147,4,365,369,80.8,4
1188,4,365,369,80.8,4
2253,1,368,369,80.8,1
2089,9,361,370,80.8,9
1788,8,362,370,80.8,8
3198,1,369,370,80.8,1
2328,6,365,371,80.8,6
4757,4,367,371,80.8,4
1443,3,368,371,80.8,3
3183,8,364,372,80.8,8
2343,2,370,372,80.8,2
993,8,365,373,80.8,8
3527,7,366,373,80.8,7
3588,6,367,373,80.8,6
2972,5,368,373,80.8,5
2312,4,369,373,80.8,4
1293,4,369,373,80.8,4
393,2,371,373,80.8,2
2359,4,370,374,80.8,4
1458,3,371,374,80.8,3
2463,2,372,374,80.8,2
2868,6,369,375,80.8,6
3513,3,372,375,80.8,3
3767,2,373,375,80.8,2
3408,6,370,376,80.8,6
2373,5,371,376,80.8,5
1023,3,373,376,80.8,3
2958,9,368,377,80.8,9
3723,4,373,377,80.8,4
3603,2,375,377,80.8,2
4097,3,375,378,80.8,3
3423,2,376,378,80.8,2
3197,6,373,379,80.8,6
2884,5,374,379,80.8,5
1503,6,374,380,80.8,6
1353,4,376,380,80.8,4
3903,3,377,380,80.8,3
3483,2,378,380,80.8,2
3827,1,379,380,80.8,1
2387,8,373,381,80.8,8
1308,8,373,381,80.8,8
4922,3,378,381,80.8,3
1623,1,380,381,80.8,1
3963,1,380,381,80.8,1
768,9,373,382,80.8,9
2943,6,376,382,80.8,6
1368,2,380,382,80.8,2
1533,1,381,382,80.8,1
2628,9,374,383,80.8,9
4083,8,375,383,80.8,8
2988,1,382,383,80.8,1
3288,7,377,384,80.8,7
4982,3,381,384,80.8,3
3978,3,381,384,80.8,3
1848,4,381,385,80.8,4
3558,1,384,385,80.8,1
3873,9,377,386,80.8,9
2944,7,379,386,80.8,7
3917,6,380,386,80.8,6
3062,6,381,387,80.8,6
813,5,382,387,80.8,5
3018,4,383,387,80.8,4
123,3,384,387,80.8,3
3678,9,380,389,80.8,9
1488,7,382,389,80.8,7
2643,6,383,389,80.8,6
1863,4,385,389,80.8,4
3243,2,387,389,80.8,2
1563,8,382,390,80.8,8
4098,6,384,390,80.8,6
3738,5,385,390,80.8,5
3798,1,389,390,80.8,1
4188,8,383,391,80.8,8
3049,5,386,391,80.8,5
2193,2,389,391,80.8,2
4517,6,386,392,80.8,6
858,6,387,393,80.8,6
1698,4,389,393,80.8,4
4488,3,390,393,80.8,3
4053,8,386,394,80.8,8
3137,7,387,394,80.8,7
348,7,387,394,80.8,7
3303,5,389,394,80.8,5
1083,1,393,394,80.7,1
3048,7,389,396,80.7,7
4548,5,391,396,80.7,5
1758,3,393,396,80.7,3
2043,1,396,397,80.7,1
2358,8,390,398,80.7,8
4203,8,390,398,80.7,8
4023,8,390,398,80.7,8
1578,4,394,398,80.7,4
4667,7,392,399,80.7,7
603,5,394,399,80.7,5
1608,1,398,399,80.7,1
3229,9,391,400,80.7,9
2313,9,391,400,80.7,9
3317,6,394,400,80.7,6
4368,2,398,400,80.7,2
4518,8,393,401,80.7,8
2433,1,400,401,80.7,1
4173,8,394,402,80.7,8
3348,8,394,402,80.7,8
2088,5,397,402,80.7,5
4967,3,399,402,80.7,3
2778,1,401,402,80.7,1
2388,5,398,403,80.7,5
4278,5,398,403,80.7,5
678,4,399,403,80.7,4
3544,3,400,403,80.7,3
4623,3,400,403,80.7,3
2163,1,402,403,80.7,1
3378,8,396,404,80.7,8
4353,2,402,404,80.7,2
228,2,402,404,80.7,2
4578,9,396,405,80.7,9
4713,2,403,405,80.7,2
3783,1,404,405,80.7,1
3797,6,400,406,80.7,6
3888,4,402,406,80.7,4
423,2,404,406,80.7,2
1833,8,399,407,80.7,8
738,4,403,407,80.7,4
4923,3,405,408,80.7,3
4818,3,405,408,80.7,3
4428,5,404,409,80.7,5
3977,3,406,409,80.7,3
1953,2,407,409,80.7,2
4653,9,401,410,80.7,9
3333,8,402,410,80.7,8
4308,7,403,410,80.7,7
648,4,406,410,80.7,4
2448,8,403,411,80.7,8
4054,8,403,411,80.7,8
2403,8,403,411,80.7,8
4848,3,408,411,80.7,3
4068,6,406,412,80.7,6
3363,2,410,412,80.7,2
2703,1,411,412,80.7,1
4998,5,408,413,80.7,5
2748,1,412,413,80.7,1
4413,9,405,414,80.7,9
4593,5,409,414,80.7,5
1203,4,410,414,80.7,4
4189,4,411,415,80.7,4
2823,4,411,415,80.7,4
4263,3,412,415,80.7,3
1518,1,414,415,80.7,1
783,9,407,416,80.7,9
1968,7,409,416,80.7,7
4803,6,410,416,80.7,6
79,3,413,416,80.7,3
4157,9,409,418,80.7,9
1803,3,415,418,80.7,3
4398,9,410,419,80.7,9
634,8,411,419,80.7,8
4698,5,414,419,80.7,5
4,4,416,420,80.7,4
499,4,416,420,80.7,4
649,1,419,420,80.7,1
3993,9,412,421,80.7,9
94,1,420,421,80.7,1
949,1,420,421,80.7,1
3108,9,413,422,80.7,9
2838,7,415,422,80.7,7
4293,7,415,422,80.7,7
4563,9,414,423,80.7,9
4369,8,415,423,80.7,8
4683,4,419,423,80.7,4
4383,1,422,423,80.7,1
2523,8,416,424,80.7,8
1998,6,418,424,80.7,6
4384,1,423,424,80.7,1
918,9,416,425,80.7,9
139,6,419,425,80.7,6
664,6,420,426,80.7,6
4128,5,421,426,80.7,5
514,5,421,426,80.7,5
1294,5,421,426,80.7,5
4788,3,423,426,80.7,3
4187,9,418,427,80.7,9
844,1,426,427,80.7,1
3213,6,422,428,80.7,6
4773,5,423,428,80.7,5
229,5,423,428,80.7,5
2538,4,424,428,80.7,4
4908,2,426,428,80.7,2
1008,4,425,429,80.7,4
1324,3,426,429,80.7,3
2553,1,428,429,80.7,1
3258,2,428,430,80.7,2
3168,9,422,431,80.7,9
4473,5,426,431,80.7,5
4412,4,427,431,80.7,4
2808,8,424,432,80.7,8
1459,3,429,432,80.7,3
4804,9,424,433,80.7,9
859,6,427,433,80.7,6
4893,5,428,433,80.7,5
304,5,428,433,80.7,5
214,9,425,434,80.7,9
694,8,426,434,80.7,8
904,1,433,434,80.7,1
1038,6,429,435,80.7,6
4742,5,431,436,80.7,5
49,9,428,437,80.7,9
3453,7,430,437,80.7,7
4533,6,431,437,80.7,6
50,4,433,437,80.7,4
349,3,434,437,80.7,3
2613,9,429,438,80.7,9
1639,6,432,438,80.8,6
484,5,433,438,80.8,5
1039,4,434,438,80.8,4
3318,8,431,439,80.8,8
2928,7,432,439,80.8,7
125,2,437,439,80.8,2
4968,8,433,441,80.8,8
1354,7,434,441,80.8,7
184,4,437,441,80.8,4
4787,6,436,442,80.8,6
589,5,437,442,80.8,5
3438,3,439,442,80.8,3
365,4,439,443,80.8,4
439,2,441,443,80.8,2
3573,1,442,443,80.8,1
1218,9,435,444,80.8,9
1234,6,438,444,80.8,6
199,4,441,445,80.8,4
604,3,442,445,80.8,3
3528,9,437,446,80.8,9
124,9,437,446,80.8,9
2673,8,438,446,80.8,8
1654,8,438,446,80.8,8
544,8,438,446,80.8,8
3468,7,439,446,80.8,7
709,4,443,447,80.8,4
799,2,445,447,80.8,2
3693,1,446,447,80.8,1
1338,4,444,448,80.8,4
920,6,443,449,80.8,6
724,4,445,449,80.8,4
964,2,447,449,80.8,2
1549,9,441,450,80.8,9
273,8,442,450,80.8,8
319,4,446,450,80.8,4
1429,7,444,451,80.8,7
3708,9,443,452,80.8,9
2688,6,446,452,80.8,6
1219,6,446,452,80.8,6
4608,5,447,452,80.8,5
1744,7,446,453,80.8,7
1085,4,449,453,80.8,4
334,3,450,453,80.8,3
1534,2,451,453,80.8,2
1174,5,449,454,80.8,5
1684,4,450,454,80.8,4
3768,2,452,454,80.8,2
2718,2,452,454,80.8,2
1879,2,452,454,80.8,2
3633,9,446,455,80.8,9
1579,2,453,455,80.8,2
889,9,447,456,80.8,9
1759,3,453,456,80.8,3
1398,9,448,457,80.8,9
1099,8,449,457,80.8,8
769,4,453,457,80.8,4
1309,3,454,457,80.8,3
3918,3,454,457,80.8,3
2044,2,455,457,80.8,2
303,8,450,458,80.8,8
1220,5,453,458,80.8,5
1159,1,457,458,80.8,1
4728,7,452,459,80.8,7
4233,2,457,459,80.8,2
1505,1,458,459,80.8,1
2733,6,454,460,80.8,6
1774,4,456,460,80.8,4
1909,7,454,461,80.8,7
1054,5,456,461,80.8,5
1504,5,457,462,80.8,5
2284,5,457,462,80.8,5
1669,4,458,462,80.8,4
1804,9,454,463,80.8,9
333,5,458,463,80.8,5
3948,9,455,464,80.8,9
64,5,459,464,80.8,5
1984,3,461,464,80.8,3
1279,3,461,464,80.8,3
1413,8,457,465,80.8,8
4743,6,459,465,80.8,6
1655,6,459,465,80.8,6
1624,9,457,466,80.8,9
2029,4,463,467,80.8,4
558,4,463,467,80.8,4
1653,2,465,467,80.8,2
4758,2,465,467,80.8,2
1849,6,462,468,80.8,6
4113,4,464,468,80.8,4
2793,9,460,469,80.8,9
1969,9,460,469,80.8,9
1939,7,462,469,80.8,7
169,5,464,469,80.8,5
1369,5,464,469,80.8,5
1864,3,466,469,80.8,3
2794,2,467,469,80.8,2
3064,8,462,470,80.8,8
2299,1,469,470,80.8,1
1999,7,464,471,80.8,7
2000,6,465,471,80.8,6
708,4,467,471,80.8,4
4143,4,468,472,80.8,4
2853,3,469,472,80.8,3
2869,3,469,472,80.8,3
4953,6,467,473,80.8,6
1414,4,469,473,80.8,4
2374,3,470,473,80.8,3
3063,1,472,473,80.8,1
3019,1,472,473,80.8,1
1983,7,467,474,80.8,7
2015,3,471,474,80.8,3
2134,6,469,475,80.8,6
3123,2,473,475,80.8,2
2119,8,468,476,80.8,8
2074,7,469,476,80.8,7
3154,6,470,476,80.8,6
2524,3,473,476,80.8,3
2165,2,474,476,80.8,2
424,8,469,477,80.8,8
2179,6,471,477,80.8,6
2734,1,476,477,80.8,1
843,7,471,478,80.8,7
2584,2,476,478,80.8,2
2419,1,477,478,80.8,1
3214,4,476,480,80.8,4
679,3,477,480,80.8,3
4248,9,472,481,80.8,9
244,8,473,481,80.8,8
1699,8,473,481,80.8,8
3648,6,475,481,80.8,6
2315,5,476,481,80.8,5
2959,4,477,481,80.8,4
3199,9,473,482,80.8,9
2298,8,474,482,80.8,8
3424,1,481,482,80.8,1
2164,9,475,484,80.8,9
963,6,478,484,80.8,6
3439,2,482,484,80.8,2
2314,9,476,485,80.8,9
2614,7,478,485,80.8,7
3454,5,480,485,80.8,5
469,4,481,485,80.8,4
3663,4,481,485,80.8,4
2345,4,481,485,80.8,4
4458,5,481,486,80.8,5
3139,1,485,486,80.8,1
2599,9,478,487,80.8,9
2059,6,481,487,80.8,6
1428,3,484,487,80.8,3
979,8,480,488,80.8,8
3334,6,482,488,80.8,6
2435,3,485,488,80.8,3
4638,2,486,488,80.8,2
3394,2,486,488,80.8,2
2418,7,482,489,80.8,7
2329,2,487,489,80.8,2
994,1,488,489,80.8,1
19,1,488,489,80.8,1
2434,5,485,490,80.8,5
3559,5,485,490,80.8,5
3828,5,485,490,80.8,5
2194,7,484,491,80.8,7
3694,7,484,491,80.8,7
2644,4,487,491,80.8,4
154,2,489,491,80.8,2
3843,1,490,491,80.8,1
559,7,485,492,80.8,7
1638,5,487,492,80.8,5
2630,4,488,492,80.8,4
3858,1,491,492,80.8,1
3379,5,488,493,80.8,5
3829,2,491,493,80.8,2
2839,2,491,493,80.8,2
4038,1,492,493,80.8,1
3514,6,488,494,80.8,6
2568,6,489,495,80.8,6
2479,5,490,495,80.8,5
454,4,491,495,80.8,4
3124,2,493,495,80.8,2
3649,1,494,495,80.8,1
2539,7,489,496,80.8,7
1114,7,489,496,80.8,7
3889,6,490,496,80.8,6
1204,5,492,497,80.8,5
3499,4,493,497,80.8,4
4204,4,493,497,80.8,4
2898,2,495,497,80.8,2
4009,2,495,497,80.8,2
1249,1,496,497,80.8,1
3904,1,496,497,80.8,1
1264,1,497,498,80.8,1
2239,8,491,499,80.8,8
1339,1,498,499,80.8,1
1773,8,492,500,80.8,8
4503,7,493,500,80.8,7
529,5,495,500,80.8,5
3095,9,492,501,80.8,9
4294,4,497,501,80.8,4
3274,7,495,502,80.8,7
4234,5,497,502,80.8,5
3964,5,497,502,80.8,5
2389,3,499,502,80.8,3
2073,2,500,502,80.8,2
2719,8,495,503,80.8,8
2554,7,496,503,80.8,7
3664,6,497,503,80.8,6
1444,4,499,503,80.8,4
3469,1,502,503,80.8,1
3184,2,502,504,80.8,2
3003,8,497,505,80.8,8
1729,8,497,505,80.8,8
4984,4,502,506,80.8,4
2629,3,503,506,80.8,3
3874,2,504,506,80.8,2
379,7,500,507,80.8,7
3350,6,501,507,80.8,6
4354,6,501,507,80.8,6
2478,5,502,507,80.8,5
4008,2,505,507,80.8,2
2914,3,505,508,80.8,3
2704,2,506,508,80.8,2
814,9,500,509,80.8,9
4174,7,502,509,80.8,7
3620,2,507,509,80.8,2
3319,1,508,509,80.8,1
2854,1,508,509,80.8,1
95,4,506,510,80.8,4
3934,8,503,511,80.8,8
1594,8,503,511,80.8,8
3784,8,503,511,80.8,8
4519,5,506,511,80.8,5
574,4,507,511,80.8,4
2508,4,507,511,80.8,4
3770,2,509,511,80.8,2
110,1,510,511,80.8,1
3769,9,503,512,80.8,9
4399,5,507,512,80.8,5
4219,1,511,512,80.8,1
200,1,511,512,80.8,1
4218,6,507,513,80.8,6
4714,2,511,513,80.8,2
680,1,512,513,80.8,1
1129,6,509,515,80.8,6
4249,6,509,515,80.8,6
1714,4,511,515,80.8,4
3033,4,511,515,80.8,4
3364,7,509,516,80.8,7
2104,1,515,516,80.8,1
4024,6,511,517,80.8,6
3979,5,512,517,80.8,5
155,4,513,517,80.8,4
4339,2,515,517,80.8,2
3484,9,509,518,80.8,9
4684,6,512,518,80.8,6
4609,6,512,518,80.8,6
1789,3,515,518,80.8,3
2464,2,516,518,80.8,2
4069,1,517,518,80.8,1
4338,6,513,519,80.8,6
1894,1,518,519,80.8,1
2494,1,518,519,80.8,1
784,9,511,520,80.8,9
4040,9,511,520,80.8,9
275,3,517,520,80.8,3
2659,1,519,520,80.8,1
905,8,513,521,80.8,8
4459,4,517,521,80.8,4
3574,3,518,521,80.8,3
5,3,518,521,80.8,3
4084,3,518,521,80.8,3
4983,2,519,521,80.8,2
3138,7,515,522,80.8,7
4564,5,517,522,80.8,5
3409,7,516,523,80.8,7
829,3,520,523,80.8,3
4325,3,520,523,80.8,3
1295,2,521,523,80.8,2
170,2,521,523,80.8,2
4939,2,521,523,80.8,2
4639,6,518,524,80.8,6
3604,4,521,525,80.8,4
3709,2,523,525,80.8,2
2209,7,519,526,80.8,7
2809,6,520,526,80.8,6
3228,4,522,526,80.8,4
4385,3,523,526,80.8,3
185,3,523,526,80.8,3
4834,5,522,527,80.8,5
2509,2,526,528,80.8,2
770,9,520,529,80.8,9
4669,8,521,529,80.8,8
259,8,521,529,80.8,8
1325,6,523,529,80.8,6
3273,3,526,529,80.8,3
4864,6,524,530,80.8,6
395,4,526,530,80.8,4
4924,1,529,530,80.8,1
3724,6,525,531,80.8,6
3618,2,529,531,80.8,2
1009,9,523,532,80.8,9
410,9,523,532,80.8,9
3619,7,525,532,80.8,7
860,3,529,532,80.8,3
4730,7,526,533,80.8,7
1355,4,529,533,80.8,4
4999,3,530,533,80.8,3
3859,2,531,533,80.8,2
1024,1,532,533,80.8,1
4849,7,527,534,80.8,7
2899,9,526,535,80.8,9
4805,2,533,535,80.8,2
3079,8,528,536,80.8,8
274,7,529,536,80.8,7
80,6,530,536,80.8,6
3739,4,532,536,80.8,4
1895,3,533,536,80.8,3
3994,3,533,536,80.8,3
35,2,534,536,80.8,2
3753,7,531,538,80.8,7
515,9,530,539,80.8,9
425,7,532,539,80.8,7
440,6,533,539,80.8,6
3094,3,536,539,80.8,3
4158,1,538,539,80.8,1
1474,7,533,540,80.8,7
409,4,536,540,80.8,4
3754,4,536,540,80.8,4
2090,4,536,540,80.8,4
1145,9,532,541,80.8,9
2974,6,535,541,80.8,6
245,5,536,541,80.8,5
1205,2,539,541,80.8,2
560,2,539,541,80.8,2
635,2,539,541,80.8,2
96,7,535,542,80.8,7
4129,6,536,542,80.8,6
3169,3,539,542,80.8,3
4668,3,539,542,80.8,3
4144,2,540,542,80.8,2
530,7,536,543,80.8,7
2300,3,540,543,80.8,3
4324,1,542,543,80.8,1
3109,3,541,544,80.8,3
4863,4,542,546,80.8,4
755,3,543,546,80.8,3
619,7,540,547,80.8,7
980,6,541,547,80.8,6
3244,3,544,547,80.8,3
2224,8,540,548,80.8,8
785,7,541,548,80.8,7
3634,6,542,548,80.7,6
1565,8,541,549,80.7,8
725,8,541,549,80.7,8
4878,3,546,549,80.7,3
1940,3,546,549,80.7,3
1520,9,541,550,80.7,9
411,8,542,550,80.7,8
3529,3,547,550,80.7,3
4414,9,542,551,80.7,9
1055,4,547,551,80.7,4
2510,9,543,552,80.7,9
4429,9,543,552,80.7,9
754,5,547,552,80.7,5
800,4,548,552,80.7,4
1970,3,549,552,80.7,3
3814,5,548,553,80.7,5
965,4,549,553,80.7,4
951,3,550,553,80.7,3
4938,6,549,555,80.7,6
1745,5,550,555,80.7,5
919,3,552,555,80.7,3
2269,8,548,556,80.7,8
1880,1,555,556,80.7,1
1385,6,551,557,80.7,6
2960,5,552,557,80.7,5
4789,5,552,557,80.7,5
1011,4,553,557,80.7,4
2404,1,556,557,80.7,1
2420,9,549,558,80.7,9
3589,8,550,558,80.7,8
4819,7,551,558,80.7,7
935,6,552,558,80.7,6
4159,6,553,559,80.7,6
1310,6,553,559,80.7,6
1985,3,556,559,80.7,3
1430,3,557,560,80.7,3
2045,9,552,561,80.7,9
140,3,558,561,80.7,3
4894,5,557,562,80.7,5
2689,5,557,562,80.7,5
34,9,555,564,80.7,9
934,9,555,564,80.7,9
1026,7,557,564,80.7,7
1595,4,560,564,80.7,4
2764,2,562,564,80.7,2
3170,8,557,565,80.7,8
1131,1,564,565,80.7,1
4010,8,558,566,80.7,8
4504,8,558,566,80.7,8
4279,7,559,566,80.7,7
215,5,561,566,80.7,5
109,2,564,566,80.7,2
1069,2,564,566,80.7,2
1040,9,558,567,80.7,9
2060,8,559,567,80.7,8
4909,5,562,567,80.7,5
2779,3,564,567,80.7,3
1189,1,566,567,80.7,1
1370,9,559,568,80.7,9
2360,7,561,568,80.7,7
4115,2,566,568,80.7,2
4309,2,566,568,80.7,2
1025,3,566,569,80.7,3
1115,2,567,569,80.7,2
4534,2,568,570,80.7,2
1761,6,565,571,80.7,6
1235,2,569,571,80.7,2
1775,8,564,572,80.7,8
3215,8,565,573,80.7,8
364,7,566,573,80.7,7
2030,1,572,573,80.7,1
1399,7,567,574,80.7,7
1625,6,568,574,80.7,6
4774,9,566,575,80.7,9
2450,7,568,575,80.7,7
2061,4,571,575,80.7,4
394,2,573,575,80.7,2
2150,2,573,575,80.7,2
2375,9,567,576,80.7,9
260,9,567,576,80.7,9
3259,9,567,576,80.7,9
1190,7,569,576,80.7,7
4145,9,568,577,80.7,9
4549,7,570,577,80.7,7
1519,3,574,577,80.7,3
2091,2,575,577,80.7,2
2180,2,575,577,80.7,2
2825,1,576,577,80.7,1
3530,5,573,578,80.7,5
2226,2,577,579,80.7,2
2885,2,577,579,80.7,2
1475,9,571,580,80.7,9
1924,3,577,580,80.7,3
2705,6,575,581,80.7,6
739,6,575,581,80.7,6
2014,1,580,581,80.7,1
4505,5,577,582,80.7,5
4744,5,577,582,80.7,5
3260,1,581,582,80.7,1
1144,1,581,582,80.7,1
1850,9,574,583,80.7,9
320,7,576,583,80.7,7
3349,7,576,583,80.7,7
2270,6,577,583,80.7,6
2406,4,579,583,80.7,4
2075,3,580,583,80.7,3
4969,9,575,584,80.7,9
1280,8,576,584,80.7,8
4985,2,582,584,80.7,2
2645,2,583,585,80.7,2
2541,2,583,585,80.7,2
3710,8,578,586,80.7,8
4759,4,582,586,80.7,4
1489,4,582,586,80.7,4
2210,3,583,586,80.7,3
230,2,584,586,80.7,2
1865,4,583,587,80.7,4
3949,4,583,587,80.7,4
2225,1,586,587,80.7,1
2915,9,579,588,80.7,9
4039,1,587,588,80.7,1
1415,5,584,589,80.7,5
3815,3,586,589,80.7,3
3005,2,587,589,80.7,2
2149,9,581,590,80.7,9
3425,8,582,590,80.7,8
470,7,583,590,80.7,7
3050,1,589,590,80.7,1
2930,3,588,591,80.7,3
3560,1,590,591,80.7,1
2991,7,585,592,80.7,7
4954,6,586,592,80.7,6
1564,6,586,592,80.7,6
545,2,590,592,80.7,2
456,9,584,593,80.7,9
2750,8,585,593,80.7,8
4190,5,589,594,80.7,5
3380,4,590,594,80.7,4
575,9,586,595,80.7,9
3245,4,591,595,80.7,4
591,2,593,595,80.7,2
2105,9,587,596,80.7,9
4114,8,588,596,80.7,8
2344,6,590,596,80.7,6
3500,3,593,596,80.7,3
3441,5,592,597,80.8,5
3275,2,595,597,80.8,2
1550,9,589,598,80.8,9
1609,6,592,598,80.8,6
726,3,595,598,80.8,3
3800,8,591,599,80.8,8
695,4,595,599,80.8,4
3590,3,596,599,80.8,3
20,8,592,600,80.8,8
665,8,592,600,80.8,8
2254,2,598,600,80.8,2
2255,5,596,601,80.8,5
845,2,599,601,80.8,2
2449,6,596,602,80.8,6
2569,2,600,602,80.8,2
4265,9,594,603,80.8,9
3455,9,594,603,80.8,9
3531,6,597,603,80.8,6
335,3,600,603,80.8,3
2285,2,601,603,80.8,2
4444,8,596,604,80.8,8
2749,2,602,604,80.8,2
786,7,598,605,80.8,7
710,5,600,605,80.8,5
3816,2,603,605,80.8,2
2989,1,604,605,80.8,1
3545,9,597,606,80.8,9
3470,3,603,606,80.8,3
2330,3,603,606,80.8,3
1700,9,598,607,80.8,9
3950,8,599,607,80.8,8
890,6,601,607,80.8,6
4280,4,603,607,80.8,4
875,2,605,607,80.8,2
3725,9,599,608,80.8,9
815,5,603,608,80.8,5
995,1,607,608,80.8,1
2674,7,602,609,80.8,7
4311,4,605,609,80.8,4
3515,3,606,609,80.8,3
2405,3,606,609,80.8,3
1100,2,607,609,80.8,2
3004,5,605,610,80.8,5
4370,3,607,610,80.8,3
4400,3,607,610,80.8,3
2824,1,609,610,80.8,1
4326,2,609,611,80.8,2
1265,2,609,611,80.8,2
3935,4,608,612,80.8,4
4474,9,604,613,80.8,9
966,8,605,613,80.8,8
4175,4,609,613,80.8,4
2585,4,609,613,80.8,4
1460,2,611,613,80.8,2
4955,8,606,614,80.8,8
1730,7,607,614,80.8,7
3034,4,610,614,80.8,4
4415,4,610,614,80.8,4
4971,3,611,614,80.8,3
4594,1,613,614,80.8,1
1116,1,613,614,80.8,1
2120,1,614,615,80.8,1
4729,1,614,615,80.8,1
217,2,614,616,80.8,2
830,9,608,617,80.8,9
1070,9,608,617,80.8,9
2929,7,610,617,80.8,7
1356,3,614,617,80.8,3
65,2,615,617,80.8,2
3304,1,617,618,80.8,1
4430,9,610,619,80.8,9
4025,7,612,619,80.8,7
1670,6,613,619,80.8,6
4445,5,614,619,80.8,5
1400,2,617,619,80.8,2
4595,7,613,620,80.8,7
3289,6,614,620,80.8,6
4760,1,619,620,80.8,1
290,4,617,621,80.8,4
2660,9,613,622,80.8,9
81,8,614,622,80.8,8
1130,5,617,622,80.8,5
1611,5,617,622,80.8,5
4535,3,619,622,80.8,3
3799,5,618,623,80.8,5
3679,3,620,623,80.8,3
4775,3,620,623,80.8,3
2525,9,615,624,80.8,9
547,9,616,625,80.8,9
4970,5,620,625,80.8,5
380,4,621,625,80.8,4
2151,3,622,625,80.8,3
4579,2,623,625,80.8,2
4550,4,622,626,80.8,4
4820,3,623,626,80.8,3
276,8,619,627,80.8,8
1910,8,619,627,80.8,8
1175,5,622,627,80.8,5
3844,4,623,627,80.8,4
577,2,625,627,80.8,2
171,2,625,627,80.8,2
1445,9,619,628,80.8,9
351,6,622,628,80.8,6
2765,4,624,628,80.8,4
4835,2,626,628,80.8,2
246,1,627,628,80.8,1
1580,1,628,629,80.8,1
4865,4,626,630,80.8,4
697,3,627,630,80.8,3
2840,9,622,631,80.8,9
4879,6,625,631,80.8,6
4910,3,628,631,80.8,3
485,7,625,632,80.8,7
2241,7,625,632,80.8,7
2975,1,631,632,80.8,1
2195,6,627,633,80.8,6
3919,6,627,633,80.8,6
621,5,628,633,80.8,5
1250,7,627,634,80.8,7
1640,5,629,634,80.8,5
305,3,631,634,80.8,3
546,8,627,635,80.8,8
516,8,628,636,80.8,8
2855,8,628,636,80.8,8
4895,6,630,636,80.8,6
500,5,632,637,80.8,5
4099,4,633,637,80.8,4
576,2,635,637,80.8,2
772,8,630,638,80.8,8
321,7,631,638,80.8,7
2390,5,633,638,80.8,5
740,4,634,638,80.8,4
936,1,637,638,80.8,1
3395,7,632,639,80.8,7
1685,6,634,640,80.8,6
2451,9,632,641,80.8,9
1925,7,634,641,80.8,7
3080,5,636,641,80.8,5
4264,4,637,641,80.8,4
2495,3,638,641,80.8,3
1236,3,638,641,80.8,3
1341,9,633,642,80.8,9
3305,1,641,642,80.8,1
2540,2,641,643,80.8,2
1371,1,642,643,80.8,1
590,7,637,644,80.8,7
892,6,638,644,80.8,6
1160,6,638,644,80.8,6
876,9,636,645,80.8,9
846,9,636,645,80.8,9
4489,4,641,645,80.8,4
2795,4,641,645,80.8,4
1926,2,643,645,80.8,2
1490,1,644,645,80.8,1
3485,7,639,646,80.8,7
1820,6,640,646,80.8,6
3650,4,642,646,80.8,4
981,1,645,646,80.8,1
681,9,638,647,80.8,9
2781,6,641,647,80.8,6
1987,3,644,647,80.8,3
1956,2,645,647,80.8,2
1671,8,641,649,80.8,8
2555,6,643,649,80.8,6
1101,4,645,649,80.8,4
4624,5,645,650,80.8,5
1071,4,646,650,80.8,4
2826,3,647,650,80.8,3
3830,5,646,651,80.8,5
921,4,647,651,80.8,4
2422,4,647,651,80.8,4
2196,4,647,651,80.8,4
1746,2,649,651,80.8,2
2570,2,649,651,80.8,2
605,9,644,653,80.8,9
2810,8,645,653,80.8,8
3665,7,646,653,80.8,7
1401,4,649,653,80.8,4
1206,3,650,653,80.8,3
1056,2,651,653,80.8,2
2316,2,651,653,80.8,2
1535,9,645,654,80.8,9
2135,8,646,654,80.8,8
620,1,653,654,80.8,1
3140,1,653,654,80.8,1
3366,5,650,655,80.8,5
3845,4,651,655,80.8,4
1791,4,651,655,80.8,4
2690,4,651,655,80.8,4
950,1,654,655,80.8,1
1881,1,655,656,80.8,1
3980,4,653,657,80.8,4
1911,2,656,658,80.8,2
4654,9,650,659,80.8,9
1566,6,653,659,80.8,6
1266,6,653,659,80.8,6
3185,5,654,659,80.8,5
3381,4,655,659,80.8,4
2662,9,651,660,80.8,9
1296,1,659,660,80.8,1
1760,7,654,661,80.8,7
1340,6,655,661,80.8,6
4699,2,659,661,80.8,2
1581,2,659,661,80.8,2
1161,9,653,662,80.8,9
2811,9,653,662,80.8,9
2720,8,654,662,80.8,8
2735,7,655,662,80.8,7
2106,5,658,663,80.8,5
1790,2,661,663,80.8,2
1656,2,661,663,80.8,2
2901,1,662,663,80.8,1
3110,1,662,663,80.8,1
3920,9,655,664,80.8,9
4130,7,657,664,80.8,7
1386,2,662,664,80.8,2
1896,1,663,664,80.8,1
3606,1,663,664,80.8,1
2767,5,660,665,80.8,5
350,4,661,665,80.8,4
4250,1,664,665,80.8,1
1805,3,663,666,80.8,3
3440,8,659,667,80.8,8
3591,8,659,667,80.8,8
1641,7,660,667,80.8,7
2990,5,662,667,80.8,5
2076,3,664,667,80.8,3
3636,3,664,667,80.8,3
4745,2,665,667,80.8,2
2556,5,663,668,80.8,5
3831,1,667,668,80.8,1
1776,1,667,668,80.8,1
1835,8,661,669,80.8,8
455,4,665,669,80.8,4
2240,3,666,669,80.8,3
2466,3,667,670,80.8,3
2600,1,669,670,80.8,1
3125,8,663,671,80.8,8
3995,7,664,671,80.8,7
1821,3,668,671,80.8,3
1596,8,664,672,80.8,8
2465,3,669,672,80.8,3
650,3,669,672,80.8,3
3575,6,667,673,80.8,6
2601,5,668,673,80.8,5
2211,2,671,673,80.8,2
1626,1,672,673,80.8,1
2480,1,672,673,80.8,1
2887,9,665,674,80.8,9
3875,7,667,674,80.8,7
4940,7,667,674,80.8,7
2646,4,670,674,80.8,4
3666,8,667,675,80.8,8
2780,5,670,675,80.8,5
3155,4,671,675,80.8,4
3680,2,673,675,80.8,2
2631,2,673,675,80.8,2
2721,1,674,675,80.8,1
1986,3,673,676,80.8,3
2736,1,675,676,80.8,1
4011,9,668,677,80.8,9
4070,6,671,677,80.8,6
2256,6,673,679,80.8,6
2615,6,673,679,80.8,6
2932,5,674,679,80.8,5
426,6,674,680,80.8,6
3230,5,675,680,80.8,5
1010,9,672,681,80.8,9
3951,6,675,681,80.8,6
3755,6,675,681,80.8,6
2796,6,675,681,80.8,6
3635,1,680,681,80.8,1
3905,8,674,682,80.8,8
2675,3,679,682,80.8,3
2870,8,675,683,80.8,8
4085,6,677,683,80.8,6
441,3,680,683,80.8,3
4055,1,682,683,80.8,1
3126,8,676,684,80.8,8
2301,5,679,684,80.8,5
471,1,683,684,80.8,1
2511,9,676,685,80.8,9
4401,4,681,685,80.8,4
2945,3,682,685,80.8,3
2361,1,684,685,80.8,1
1147,9,677,686,80.8,9
1610,5,681,686,80.8,5
2900,3,683,686,80.8,3
3127,8,679,687,80.8,8
4100,6,681,687,80.8,6
2961,3,685,688,80.8,3
1715,2,686,688,80.8,2
3020,2,686,688,80.8,2
1221,5,684,689,80.8,5
4956,4,685,689,80.8,4
4610,2,687,689,80.8,2
3785,9,681,690,80.8,9
3261,9,681,690,80.8,9
4160,7,683,690,80.8,7
4205,7,683,690,80.8,7
3352,3,687,690,80.8,3
3426,7,684,691,80.8,7
2706,6,685,691,80.8,6
1192,5,686,691,80.8,5
1955,3,688,691,80.8,3
3051,5,688,693,80.8,5
4220,3,690,693,80.8,3
3501,3,690,693,80.8,3
3200,9,685,694,80.8,9
4520,4,690,694,80.8,4
3516,1,693,694,80.8,1
1251,6,689,695,80.8,6
3787,5,690,695,80.8,5
3276,2,693,695,80.8,2
3035,8,688,696,80.8,8
186,7,689,696,80.8,7
4340,6,690,696,80.8,6
4235,3,693,696,80.8,3
1326,1,695,696,80.8,1
3065,1,696,697,80.8,1
127,9,689,698,80.8,9
306,2,696,698,80.8,2
3740,1,697,698,80.8,1
3846,8,691,699,80.8,8
4880,5,694,699,80.8,5
3937,4,695,699,80.8,4
1461,3,696,699,80.8,3
2751,9,691,700,80.8,9
1282,9,691,700,80.8,9
3320,9,691,700,80.8,9
202,2,698,700,80.8,2
3351,6,695,701,80.8,6
4355,5,696,701,80.8,5
3891,2,699,701,80.8,2
3066,1,700,701,80.8,1
3621,8,694,702,80.8,8
4460,6,696,702,80.8,6
636,4,698,702,80.8,4
3290,9,694,703,80.8,9
4790,1,702,703,80.8,1
3890,6,698,704,80.8,6
156,5,699,704,80.8,5
1417,4,700,704,80.8,4
3952,6,699,705,80.8,6
3696,4,701,705,80.8,4
3965,1,704,705,80.8,1
2122,1,704,705,80.8,1
1491,7,699,706,80.8,7
502,6,700,706,80.8,6
4490,5,701,706,80.8,5
201,2,704,706,80.8,2
3335,7,700,707,80.8,7
4925,4,703,707,80.8,4
3967,2,705,707,80.8,2
3966,7,701,708,80.8,7
801,6,702,708,80.8,6
2272,3,705,708,80.8,3
3291,8,701,709,80.8,8
3726,7,702,709,80.8,7
66,2,707,709,80.8,2
4657,2,707,709,80.8,2
1701,4,706,710,80.8,4
532,4,706,710,80.8,4
3365,8,703,711,80.8,8
4685,6,705,711,80.8,6
336,5,706,711,80.8,5
1971,3,708,711,80.8,3
2467,3,708,711,80.8,3
3921,7,705,712,80.8,7
3786,3,709,712,80.8,3
4702,3,709,712,80.8,3
4762,2,712,714,80.8,2
4565,9,706,715,80.8,9
3605,8,707,715,80.8,8
3996,7,708,715,80.8,7
1716,5,710,715,80.8,5
666,4,711,715,80.8,4
3442,4,711,715,80.8,4
126,7,709,716,80.8,7
3561,8,709,717,80.8,8
667,7,710,717,80.8,7
4041,5,712,717,80.8,5
4101,5,712,717,80.8,5
4777,3,714,717,80.8,3
4071,2,715,717,80.8,2
861,3,715,718,80.8,3
4146,1,717,718,80.8,1
3410,8,711,719,80.8,8
2376,8,711,719,80.8,8
4295,4,715,719,80.8,4
1941,4,715,719,80.8,4
4715,9,711,720,80.8,9
396,4,716,720,80.8,4
3577,6,715,721,80.8,6
4131,4,717,721,80.8,4
4625,7,715,722,80.8,7
3651,6,717,723,80.8,6
383,6,717,723,80.8,6
4521,5,718,723,80.8,5
2046,4,719,723,80.8,4
21,3,720,723,80.8,3
486,3,720,723,80.8,3
4850,1,722,723,80.8,1
3695,5,719,724,80.8,5
2616,5,719,724,80.8,5
4310,5,719,724,80.8,5
712,8,717,725,80.8,8
4581,4,721,725,80.8,4
4896,2,723,725,80.8,2
741,2,723,725,80.8,2
4086,9,717,726,80.8,9
891,8,718,726,80.8,8
2121,3,723,726,80.8,3
3637,6,721,727,80.8,6
216,4,723,727,80.8,4
4475,3,724,727,80.8,3
996,1,726,727,80.8,1
743,5,723,728,80.8,5
847,3,725,728,80.8,3
4102,1,727,728,80.8,1
51,6,723,729,80.8,6
3860,6,724,730,80.8,6
4911,5,725,730,80.8,5
4191,4,726,730,80.8,4
4222,2,728,730,80.8,2
381,1,729,730,80.8,1
4161,8,723,731,80.8,8
231,4,727,731,80.8,4
2856,8,724,732,80.8,8
4580,2,730,732,80.8,2
4791,8,725,733,80.8,8
1146,8,725,733,80.8,8
2271,7,726,733,80.8,7
36,6,727,733,80.8,6
4251,2,731,733,80.8,2
2871,2,732,734,80.8,2
4640,2,732,734,80.8,2
4356,5,730,735,80.8,5
1041,9,727,736,80.8,9
1327,8,728,736,80.8,8
67,6,730,736,80.8,6
501,6,730,736,80.8,6
1311,3,733,736,80.8,3
111,3,733,736,80.8,3
4551,3,733,736,80.8,3
1178,9,728,737,80.8,9
261,6,731,737,80.8,6
2391,4,733,737,80.8,4
4506,3,735,738,80.8,3
1686,2,736,738,80.8,2
4507,9,730,739,80.8,9
141,3,736,739,80.8,3
4761,3,736,739,80.8,3
291,2,737,739,80.7,2
2331,4,736,740,80.7,4
2286,2,738,740,80.7,2
771,1,739,740,80.7,1
187,8,733,741,80.7,8
2931,7,734,741,80.7,7
4655,7,734,741,80.7,7
1086,5,736,741,80.7,5
247,5,736,741,80.7,5
4986,2,739,741,80.7,2
3246,2,740,742,80.7,2
2586,6,737,743,80.7,6
4536,5,738,743,80.7,5
1553,7,737,744,80.7,7
1191,3,741,744,80.7,3
1432,9,736,745,80.7,9
1731,5,740,745,80.7,5
307,4,741,745,80.7,4
1583,1,744,745,80.7,1
531,7,739,746,80.7,7
3576,5,741,746,80.7,5
4670,5,741,746,80.7,5
1446,2,744,746,80.7,2
367,6,741,747,80.7,6
4687,9,739,748,80.7,9
1866,3,745,748,80.7,3
3681,2,746,748,80.7,2
2841,9,740,749,80.7,9
112,8,741,749,80.7,8
622,2,747,749,80.7,2
3486,8,742,750,80.7,8
3006,7,743,750,80.7,7
727,5,745,750,80.7,5
1748,6,745,751,80.7,6
4596,9,743,752,80.7,9
4700,7,746,753,80.7,7
2166,5,748,753,80.7,5
3906,5,748,753,80.7,5
3396,3,750,753,80.7,3
1462,9,745,754,80.7,9
651,8,746,754,80.7,8
2946,5,749,754,80.7,5
1476,9,746,755,80.7,9
4897,7,748,755,80.7,7
4671,3,752,755,80.7,3
696,1,754,755,80.7,1
142,8,749,757,80.7,8
1057,8,749,757,80.7,8
1042,7,750,757,80.7,7
2228,7,751,758,80.7,7
6,5,753,758,80.7,5
3801,9,750,759,80.7,9
3711,6,753,759,80.7,6
1506,4,755,759,80.7,4
38,4,755,759,80.7,4
3111,6,754,760,80.7,6
4296,1,759,760,80.7,1
2181,8,753,761,80.7,8
3171,1,760,761,80.7,1
3936,9,753,762,80.7,9
1732,8,754,762,80.7,8
1087,5,757,762,80.7,5
4851,8,755,763,80.7,8
232,6,757,763,80.7,6
4056,4,759,763,80.7,4
711,9,755,764,80.7,9
4626,4,760,764,80.7,4
3216,3,761,764,80.7,3
1028,6,759,765,80.7,6
4281,3,762,765,80.7,3
1342,9,757,766,80.7,9
366,8,758,766,80.7,8
2107,4,762,766,80.7,4
2543,9,758,767,80.7,9
1551,8,759,767,80.7,8
1252,5,762,767,80.7,5
756,3,764,767,80.7,3
1567,2,766,768,80.8,2
2752,2,766,768,80.8,2
2346,8,761,769,80.8,8
4491,7,763,770,80.8,7
4881,6,764,770,80.8,6
1851,3,767,770,80.8,3
1312,3,767,770,80.8,3
1747,2,768,770,80.8,2
2526,1,769,770,80.8,1
427,8,763,771,80.8,8
397,9,763,772,80.8,9
3231,8,764,772,80.8,8
561,6,766,772,80.8,6
1177,1,771,772,80.8,1
1613,8,765,773,80.8,8
4371,8,765,773,80.8,8
2618,6,767,773,80.8,6
606,1,772,773,80.8,1
906,7,767,774,80.8,7
4731,4,770,774,80.8,4
2661,4,770,774,80.8,4
562,2,772,774,80.8,2
3022,7,768,775,80.8,7
3756,3,772,775,80.8,3
82,6,770,776,80.8,6
4176,1,775,776,80.8,1
1297,5,772,777,80.8,5
1281,3,774,777,80.8,3
4806,3,774,777,80.8,3
592,3,774,777,80.8,3
2016,9,770,779,80.8,9
1477,9,770,779,80.8,9
1837,9,770,779,80.8,9
1703,6,773,779,80.8,6
2993,6,773,779,80.8,6
2676,5,774,779,80.8,5
1372,2,777,779,80.8,2
997,2,777,779,80.8,2
4776,7,773,780,80.8,7
816,7,773,780,80.8,7
3262,6,775,781,80.8,6
1416,4,777,781,80.8,4
4866,4,777,781,80.8,4
1657,3,779,782,80.8,3
4341,7,776,783,80.8,7
1972,5,779,784,80.8,5
2317,2,782,784,80.8,2
172,9,776,785,80.8,9
2136,6,779,785,80.8,6
831,5,780,785,80.8,5
2362,1,784,785,80.8,1
2886,7,779,786,80.8,7
1072,7,779,786,80.8,7
292,1,785,786,80.8,1
1507,8,779,787,80.8,8
3143,8,779,787,80.8,8
1162,1,786,787,80.8,1
487,1,786,787,80.8,1
1778,9,779,788,80.8,9
1357,8,780,788,80.8,8
2032,4,784,788,80.8,4
1176,3,785,788,80.8,3
1642,1,787,788,80.8,1
787,1,787,788,80.8,1
3397,8,781,789,80.8,8
4941,8,781,789,80.8,8
2482,1,788,789,80.8,1
1431,9,781,790,80.8,9
1853,2,788,790,80.8,2
2197,2,788,790,80.8,2
4416,8,783,791,80.8,8
1492,4,787,791,80.8,4
2512,7,785,792,80.8,7
832,4,788,792,80.8,4
4656,1,791,792,80.8,1
2421,8,785,793,80.8,8
3141,7,786,793,80.8,7
1521,3,790,793,80.8,3
3037,3,790,793,80.8,3
52,5,789,794,80.8,5
2902,5,789,794,80.8,5
1897,4,791,795,80.8,4
877,3,792,795,80.8,3
3638,9,787,796,80.8,9
3772,7,789,796,80.8,7
337,4,792,796,80.8,4
1402,9,788,797,80.8,9
2031,9,788,797,80.8,9
3217,4,793,797,80.8,4
2962,3,794,797,80.8,3
2002,2,795,797,80.8,2
412,1,796,797,80.8,1
2018,8,790,798,80.8,8
3427,1,797,798,80.8,1
922,2,797,799,80.8,2
4192,1,798,799,80.8,1
2557,8,792,800,80.8,8
2481,7,793,800,80.8,7
3861,7,793,800,80.8,7
3878,4,796,800,80.8,4
1822,3,797,800,80.8,3
3802,5,796,801,80.8,5
3502,4,797,801,80.8,4
1536,9,793,802,80.8,9
967,7,795,802,80.8,7
2152,2,800,802,80.8,2
4297,1,801,802,80.8,1
757,9,794,803,80.8,9
2496,3,800,803,80.8,3
4403,3,800,803,80.8,3
1132,1,802,803,80.8,1
2153,6,798,804,80.8,6
2287,2,802,804,80.8,2
4461,5,800,805,80.8,5
2571,9,797,806,80.8,9
2077,9,797,806,80.8,9
3532,5,801,806,80.8,5
1806,4,802,806,80.8,4
982,8,799,807,80.8,8
937,4,803,807,80.8,4
4508,4,803,807,80.8,4
3007,3,804,807,80.8,3
4641,2,805,807,80.8,2
4237,1,806,807,80.8,1
1836,1,806,807,80.8,1
4327,9,799,808,80.8,9
2917,8,800,808,80.8,8
2766,5,803,808,80.8,5
4701,1,807,808,80.8,1
4627,7,802,809,80.8,7
2783,6,804,810,80.8,6
4267,3,807,810,80.8,3
1702,9,803,812,80.8,9
1522,5,807,812,80.8,5
4746,5,808,813,80.8,5
1267,7,807,814,80.8,7
4913,7,807,814,80.8,7
3097,7,807,814,80.8,7
4972,6,808,814,80.8,6
2976,6,808,814,80.8,6
2691,9,806,815,80.8,9
2092,9,806,815,80.8,9
143,6,809,815,80.8,6
1882,3,812,815,80.8,3
2001,9,807,816,80.8,9
3457,8,808,816,80.8,8
3156,2,814,816,80.8,2
2257,1,815,816,80.8,1
398,2,815,817,80.8,2
3652,1,816,817,80.8,1
2903,8,810,818,80.8,8
4282,8,810,818,80.8,8
2436,2,816,818,80.8,2
3036,4,815,819,80.8,4
1582,8,812,820,80.8,8
3337,6,814,820,80.8,6
4357,2,818,820,80.8,2
97,8,813,821,80.8,8
2377,5,816,821,80.8,5
1537,8,814,822,80.8,8
53,8,814,822,80.8,8
3186,6,816,822,80.8,6
3713,4,818,822,80.8,4
3201,3,819,822,80.8,3
1777,2,820,822,80.8,2
264,9,814,823,80.8,9
2137,8,815,823,80.8,8
413,6,817,823,80.8,6
3306,2,822,824,80.8,2
3892,8,817,825,80.8,8
442,4,821,825,80.8,4
3321,1,824,825,80.8,1
2916,9,818,827,80.8,9
3367,7,820,827,80.8,7
158,7,820,827,80.8,7
1552,5,822,827,80.8,5
4072,2,825,827,80.8,2
3728,6,822,828,80.8,6
1927,7,822,829,80.8,7
309,6,823,829,80.8,6
668,6,823,829,80.8,6
3411,4,825,829,80.8,4
3382,2,827,829,80.8,2
4312,2,827,829,80.8,2
2392,9,821,830,80.8,9
983,8,822,830,80.8,8
2167,7,823,830,80.8,7
1612,3,827,830,80.8,3
3487,1,829,830,80.8,1
3471,9,822,831,80.8,9
3021,4,827,831,80.8,4
3788,3,828,831,80.8,3
683,3,829,832,80.8,3
2182,2,830,832,80.8,2
3832,2,830,832,80.8,2
233,6,827,833,80.8,6
3456,4,829,833,80.8,4
128,4,829,833,80.8,4
4478,2,831,833,80.8,2
607,9,825,834,80.8,9
2527,4,830,834,80.8,4
3081,3,831,834,80.8,3
2437,2,832,834,80.8,2
3862,2,832,834,80.8,2
4026,4,831,835,80.8,4
2062,7,829,836,80.8,7
1627,6,830,836,80.8,6
848,3,833,836,80.8,3
3546,3,833,836,80.8,3
1163,7,830,837,80.8,7
534,9,829,838,80.8,9
2572,4,834,838,80.8,4
2602,4,834,838,80.8,4
3741,2,836,838,80.8,2
4658,6,833,839,80.8,6
4446,4,835,839,80.8,4
878,3,836,839,80.8,3
3096,6,834,840,80.8,6
3997,6,834,840,80.8,6
2587,4,836,840,80.8,4
4476,1,839,840,80.8,1
788,9,832,841,80.8,9
248,8,833,841,80.8,8
1433,4,837,841,80.8,4
817,8,834,842,80.8,8
2872,6,836,842,80.8,6
4793,3,839,842,80.8,3
4566,2,840,842,80.8,2
714,5,838,843,80.8,5
2632,5,838,843,80.8,5
2977,4,840,844,80.8,4
1027,2,842,844,80.8,2
1118,6,839,845,80.8,6
3082,3,842,845,80.8,3
4988,3,842,845,80.8,3
4611,3,842,845,80.8,3
1224,2,843,845,80.8,2
114,1,845,846,80.8,1
2797,9,838,847,80.8,9
3876,9,838,847,80.8,9
1463,2,845,847,80.8,2
1088,7,841,848,80.8,7
2992,4,844,848,80.8,4
3847,3,845,848,80.8,3
3336,9,840,849,80.8,9
4012,9,840,849,80.8,9
563,8,841,849,80.8,8
1538,8,841,849,80.8,8
22,4,845,849,80.8,4
3981,2,847,849,80.8,2
2288,2,847,849,80.8,2
1238,1,848,849,80.8,1
3877,1,848,849,80.8,1
1102,7,844,851,80.8,7
2677,9,843,852,80.8,9
3307,5,847,852,80.8,5
4116,3,849,852,80.8,3
1239,9,845,854,80.8,9
324,8,846,854,80.8,8
623,5,849,854,80.8,5
2528,5,849,854,80.8,5
1687,3,851,854,80.8,3
2842,2,852,854,80.8,2
4266,2,852,854,80.8,2
4117,6,849,855,80.8,6
37,6,849,855,80.8,6
4087,6,849,855,80.8,6
3142,8,848,856,80.8,8
3592,4,852,856,80.8,4
1328,2,854,856,80.8,2
1823,8,849,857,80.8,8
1343,8,849,857,80.8,8
1763,1,856,857,80.8,1
3771,9,849,858,80.8,9
4402,3,855,858,80.8,3
1973,1,857,858,80.8,1
3053,5,854,859,80.8,5
1854,6,854,860,80.8,6
384,6,854,860,80.8,6
4386,7,854,861,80.8,7
4462,6,855,861,80.8,6
4942,3,858,861,80.8,3
3383,2,859,861,80.8,2
157,7,855,862,80.8,7
1792,9,854,863,80.8,9
3472,9,854,863,80.8,9
3202,9,856,865,80.8,9
3622,9,856,865,80.8,9
2003,8,857,865,80.8,8
1373,8,857,865,80.8,8
2318,7,858,865,80.8,7
2109,5,860,865,80.8,5
4431,4,861,865,80.8,4
4206,8,858,866,80.8,8
23,5,861,866,80.8,5
3697,3,863,866,80.8,3
1388,1,865,866,80.8,1
2498,1,865,866,80.8,1
504,7,860,867,80.8,7
3488,6,861,867,80.8,6
2333,2,865,867,80.8,2
263,1,866,867,80.8,1
1568,1,866,867,80.8,1
4837,7,861,868,80.8,7
2319,3,865,868,80.8,3
262,7,862,869,80.8,7
3548,2,867,869,80.8,2
3412,5,865,870,80.8,5
3727,5,865,870,80.8,5
4221,4,866,870,80.8,4
2693,3,867,870,80.8,3
338,3,867,870,80.8,3
4686,6,865,871,80.8,6
2573,5,866,871,80.8,5
1807,9,863,872,80.8,9
654,5,867,872,80.8,5
3758,3,869,872,80.8,3
2813,1,871,872,80.8,1
4162,7,866,873,80.8,7
308,5,868,873,80.8,5
3907,3,870,873,80.8,3
4236,3,870,873,80.8,3
2708,3,870,873,80.8,3
4177,4,870,874,80.8,4
4043,2,872,874,80.8,2
4447,1,873,874,80.8,1
443,5,870,875,80.8,5
4342,1,874,875,80.8,1
1838,9,867,876,80.8,9
457,7,869,876,80.8,7
3128,4,872,876,80.8,4
4148,2,874,876,80.8,2
2334,9,868,877,80.8,9
4716,5,873,878,80.8,5
2843,5,873,878,80.8,5
3293,2,876,878,80.8,2
4821,8,871,879,80.8,8
638,6,873,879,80.8,6
4433,3,876,879,80.8,3
2212,8,872,880,80.8,8
1943,4,876,880,80.8,4
759,9,872,881,80.8,9
758,6,875,881,80.8,6
4567,6,875,881,80.8,6
2349,4,877,881,80.8,4
908,2,879,881,80.8,2
4372,9,873,882,80.8,9
2198,2,880,882,80.8,2
1058,1,881,882,80.8,1
4612,9,874,883,80.7,9
3038,5,878,883,80.7,5
4926,4,879,883,80.7,4
773,2,881,883,80.7,2
472,8,876,884,80.7,8
2589,3,881,884,80.7,3
2243,2,882,884,80.7,2
4717,2,883,885,80.7,2
4836,8,878,886,80.7,8
3458,8,878,886,80.7,8
1089,5,881,886,80.7,5
893,3,883,886,80.7,3
4732,6,881,887,80.7,6
4477,5,882,887,80.7,5
1208,5,882,887,80.7,5
277,4,883,887,80.7,4
4583,9,879,888,80.7,9
2617,8,880,888,80.7,8
637,4,884,888,80.7,4
2604,5,884,889,80.7,5
7,3,886,889,80.7,3
1223,2,887,889,80.7,2
3173,7,883,890,80.7,7
1299,4,886,890,80.7,4
682,2,888,890,80.7,2
352,4,887,891,80.7,4
4792,7,885,892,80.7,7
3623,6,886,892,80.7,6
3263,2,890,892,80.7,2
2393,9,884,893,80.7,9
83,6,887,893,80.7,6
382,2,891,893,80.7,2
1193,8,886,894,80.7,8
4928,6,888,894,80.7,6
322,5,889,894,80.7,5
2647,7,888,895,80.7,7
2694,6,889,895,80.7,6
1523,6,889,895,80.7,6
1449,5,890,895,80.7,5
3428,3,892,895,80.7,3
4522,9,887,896,80.7,9
652,3,893,896,80.7,3
4958,2,894,896,80.7,2
4822,5,892,897,80.7,5
3443,2,895,897,80.7,2
862,1,896,897,80.7,1
802,8,890,898,80.7,8
3863,6,892,898,80.7,6
517,4,894,898,80.7,4
173,6,893,899,80.7,6
174,3,896,899,80.7,3
3578,2,897,899,80.7,2
2633,7,893,900,80.7,7
3849,5,895,900,80.7,5
189,1,899,900,80.7,1
1883,6,895,901,80.7,6
1298,8,894,902,80.7,8
1222,5,897,902,80.7,5
952,4,898,902,80.7,4
4268,4,898,902,80.7,4
1554,8,895,903,80.7,8
4927,6,897,903,80.7,6
742,5,898,903,80.7,5
188,4,899,903,80.7,4
2692,9,895,904,80.7,9
4747,8,896,904,80.7,8
3939,4,900,904,80.7,4
8,2,903,905,80.7,2
3683,7,899,906,80.7,7
2678,6,900,906,80.7,6
1418,4,902,906,80.7,4
2047,4,902,906,80.7,4
1117,4,902,906,80.7,4
1764,4,903,907,80.7,4
907,4,903,907,80.7,4
1493,1,906,907,80.7,1
1207,1,906,907,80.7,1
713,5,903,908,80.7,5
3277,4,904,908,80.7,4
399,9,900,909,80.7,9
4524,5,904,909,80.7,5
3743,3,906,909,80.7,3
1237,2,907,909,80.7,2
1988,9,901,910,80.7,9
4328,8,902,910,80.7,8
113,5,905,910,80.7,5
2302,4,906,910,80.7,4
1628,3,907,910,80.7,3
4569,1,909,910,80.7,1
3848,1,909,910,80.7,1
4987,7,904,911,80.7,7
2753,5,906,911,80.7,5
1012,4,907,911,80.7,4
414,2,909,911,80.7,2
2213,1,910,911,80.7,1
218,1,910,911,80.7,1
3322,4,908,912,80.7,4
1929,6,907,913,80.7,6
4644,3,910,913,80.7,3
923,6,908,914,80.7,6
4523,4,910,914,80.7,4
98,3,911,914,80.7,3
744,3,911,914,80.7,3
4689,1,913,914,80.7,1
2812,5,910,915,80.7,5
3923,5,910,915,80.7,5
3113,4,911,915,80.7,4
278,4,911,915,80.7,4
1387,7,909,916,80.7,7
2513,6,911,917,80.7,6
203,3,914,917,80.7,3
1733,8,910,918,80.7,8
1597,7,911,918,80.7,7
3547,6,912,918,80.7,6
4959,4,914,918,80.7,4
3983,3,915,918,80.7,3
3338,3,915,918,80.7,3
548,3,915,918,80.7,3
894,6,914,920,80.7,6
3517,5,915,920,80.7,5
4208,2,918,920,80.7,2
1989,9,913,922,80.7,9
1868,8,914,922,80.7,8
1808,4,918,922,80.7,4
3593,4,918,922,80.7,4
4838,9,914,923,80.7,9
1133,5,918,923,80.7,5
1599,3,920,923,80.7,3
3204,1,922,923,80.7,1
3817,6,918,924,80.7,6
3667,4,920,924,80.7,4
1659,1,923,924,80.7,1
1447,9,916,925,80.7,9
2663,8,917,925,80.7,8
323,9,917,926,80.7,9
4868,3,923,926,80.7,3
1717,9,918,927,80.7,9
355,9,918,927,80.7,9
2048,6,922,928,80.7,6
4313,9,920,929,80.7,9
1358,6,923,929,80.7,6
4027,5,924,929,80.7,5
4013,8,922,930,80.7,8
4074,7,923,930,80.7,7
368,4,926,930,80.7,4
2408,9,922,931,80.7,9
1674,7,924,931,80.7,7
1672,6,925,931,80.7,6
2723,7,925,932,80.7,7
4042,3,929,932,80.7,3
503,2,930,932,80.7,2
3757,9,924,933,80.7,9
895,6,927,933,80.7,6
4448,4,929,933,80.7,4
1852,2,931,933,80.7,2
9,8,926,934,80.7,8
2453,3,931,934,80.7,3
4387,2,932,934,80.7,2
1809,4,931,935,80.7,4
1762,9,927,936,80.7,9
2438,8,928,936,80.7,8
1958,7,929,936,80.7,7
99,2,934,936,80.7,2
2858,2,934,936,80.7,2
2019,1,935,936,80.7,1
2558,1,936,937,80.8,1
2918,6,932,938,80.8,6
1867,5,933,938,80.8,5
519,2,936,938,80.8,2
2948,2,936,938,80.8,2
4298,9,930,939,80.8,9
4224,9,930,939,80.8,9
4643,6,933,939,80.8,6
2168,3,936,939,80.8,3
3982,7,933,940,80.8,7
2588,3,937,940,80.8,3
728,9,932,941,80.8,9
1645,8,933,941,80.8,8
3083,3,938,941,80.8,3
564,3,938,941,80.8,3
4628,3,939,942,80.8,3
2363,3,939,942,80.8,3
3803,1,941,942,80.8,1
4417,9,934,943,80.8,9
4132,3,940,943,80.8,3
969,2,941,943,80.8,2
2378,1,942,943,80.8,1
1942,8,936,944,80.8,8
2034,8,936,944,80.8,8
4284,6,939,945,80.8,6
3023,8,938,946,80.8,8
4883,7,939,946,80.8,7
1029,3,943,946,80.8,3
1912,9,938,947,80.8,9
2798,7,940,947,80.8,7
1103,6,941,947,80.8,6
4147,4,943,947,80.8,4
1957,4,944,948,80.8,4
4207,1,947,948,80.8,1
1720,8,941,949,80.8,8
24,7,942,949,80.8,7
3218,3,946,949,80.8,3
3833,8,942,950,80.8,8
4492,7,943,950,80.8,7
2468,8,943,951,80.8,8
2184,7,944,951,80.8,7
1284,5,946,951,80.8,5
3233,3,949,952,80.8,3
4464,8,945,953,80.8,8
2017,6,947,953,80.8,6
2242,5,948,953,80.8,5
39,4,949,953,80.8,4
2603,2,951,953,80.8,2
144,8,946,954,80.8,8
2828,8,947,955,80.8,8
1148,8,947,955,80.8,8
2738,2,953,955,80.8,2
1750,7,949,956,80.8,7
4597,6,950,956,80.8,6
2978,1,955,956,80.8,1
4537,9,948,957,80.8,9
1644,6,951,957,80.8,6
3308,5,952,957,80.8,5
4193,8,950,958,80.8,8
2407,5,953,958,80.8,5
3008,3,955,958,80.8,3
2214,8,951,959,80.8,8
2227,6,953,959,80.8,6
249,5,954,959,80.8,5
1689,2,957,959,80.8,2
3068,4,956,960,80.8,4
3098,2,958,960,80.8,2
984,1,959,960,80.8,1
69,8,953,961,80.8,8
4642,5,956,961,80.8,5
4494,9,953,962,80.8,9
1283,7,955,962,80.8,7
1915,6,956,962,80.8,6
4882,5,957,962,80.8,5
2497,4,958,962,80.8,4
3518,6,957,963,80.8,6
4028,3,960,963,80.8,3
4553,6,958,964,80.8,6
2274,5,959,964,80.8,5
624,3,961,964,80.8,3
2332,6,959,965,80.8,6
1869,6,959,965,80.8,6
3668,2,963,965,80.8,2
2379,2,964,966,80.8,2
3818,1,965,966,80.8,1
4852,6,961,967,80.8,6
1194,8,960,968,80.8,8
1313,6,962,968,80.8,6
458,6,962,968,80.8,6
954,4,964,968,80.8,4
4957,1,967,968,80.8,1
3188,9,960,969,80.8,9
2707,7,962,969,80.8,7
4133,6,963,969,80.8,6
2347,4,965,969,80.8,4
578,1,968,969,80.8,1
1344,1,968,969,80.8,1
4824,8,962,970,80.8,8
4718,6,964,970,80.8,6
3893,4,966,970,80.8,4
2080,9,962,971,80.8,9
2452,2,969,971,80.8,2
129,1,970,971,80.8,1
3953,1,970,971,80.8,1
293,4,968,972,80.8,4
4343,3,969,972,80.8,3
2439,7,966,973,80.8,7
2230,2,971,973,80.8,2
1884,9,965,974,80.8,9
2079,5,969,974,80.8,5
1658,7,968,975,80.8,7
4088,6,969,975,80.8,6
1719,8,968,976,80.8,8
1508,4,972,976,80.8,4
4778,4,972,976,80.8,4
2722,8,969,977,80.8,8
593,9,969,978,80.8,9
429,7,971,978,80.8,7
2063,2,976,978,80.8,2
10,9,970,979,80.8,9
2542,8,971,979,80.8,8
4058,8,971,979,80.8,8
2709,6,973,979,80.8,6
4493,4,975,979,80.8,4
2827,2,977,979,80.8,2
459,1,978,979,80.8,1
339,4,976,980,80.8,4
2888,2,978,980,80.8,2
549,1,979,980,80.8,1
2649,7,974,981,80.8,7
2335,9,973,982,80.8,9
2634,8,974,982,80.8,8
698,4,978,982,80.8,4
2933,2,980,982,80.8,2
4538,4,979,983,80.8,4
863,1,982,983,80.8,1
1928,9,975,984,80.8,9
2739,2,982,984,80.8,2
2199,9,976,985,80.8,9
609,5,980,985,80.8,5
2844,4,981,985,80.8,4
235,7,979,986,80.8,7
2737,7,979,986,80.8,7
2947,7,979,986,80.8,7
2350,4,982,986,80.8,4
2979,2,984,986,80.8,2
4163,8,979,987,80.8,8
2078,3,984,987,80.8,3
3099,1,986,987,80.8,1
2814,9,979,988,80.8,9
3278,6,982,988,80.8,6
3039,3,985,988,80.8,3
925,2,986,988,80.8,2
594,9,980,989,80.8,9
953,7,983,990,80.8,7
3187,5,986,991,80.8,5
774,2,989,991,80.8,2
998,1,990,991,80.8,1
279,9,983,992,80.8,9
2559,7,985,992,80.8,7
2380,6,986,992,80.8,6
3339,5,987,992,80.8,5
1045,4,988,992,80.8,4
3232,1,991,992,80.8,1
729,8,985,993,80.8,8
2515,1,992,993,80.8,1
3459,1,992,993,80.8,1
2782,8,986,994,80.8,8
4238,7,987,994,80.8,7
1660,2,992,994,80.8,2
3789,1,993,994,80.8,1
2258,8,987,995,80.8,8
3219,7,988,995,80.8,7
3353,8,988,996,80.8,8
2185,2,994,996,80.8,2
3234,1,995,996,80.8,1
2964,9,988,997,80.8,9
1898,6,991,997,80.8,6
3249,1,996,997,80.8,1
3247,6,992,998,80.8,6
2980,5,993,998,80.8,5
2857,4,994,998,80.8,4
3533,2,996,998,80.8,2
924,8,991,999,80.8,8
2619,7,992,999,80.8,7
864,8,992,1000,80.8,8
3054,3,997,1000,80.8,3
2033,3,997,1000,80.8,3
3052,2,998,1000,80.8,2
3773,3,998,1001,80.8,3
1044,9,993,1002,80.8,9
4463,8,994,1002,80.8,8
1014,2,1000,1002,80.8,2
3984,9,994,1003,80.8,9
3248,8,995,1003,80.8,8
3292,5,998,1003,80.8,5
3067,3,1000,1003,80.8,3
2305,8,996,1004,80.8,8
3309,7,997,1004,80.8,7
3114,4,1000,1004,80.8,4
3594,1,1004,1005,80.8,1
2679,7,999,1006,80.8,7
2273,6,1000,1006,80.8,6
3520,9,998,1007,80.8,9
3714,2,1005,1007,80.8,2
2784,1,1006,1007,80.8,1
1059,9,999,1008,80.8,9
1824,6,1002,1008,80.7,6
3759,1,1007,1008,80.7,1
3968,8,1001,1009,80.7,8
1179,7,1002,1009,80.7,7
3562,6,1003,1009,80.7,6
4703,8,1002,1010,80.7,8
4119,7,1003,1010,80.7,7
3369,6,1004,1010,80.7,6
2348,5,1006,1011,80.7,5
4898,1,1010,1011,80.7,1
3473,9,1003,1012,80.7,9
3112,9,1003,1012,80.7,9
4449,2,1010,1012,80.7,2
2320,9,1004,1013,80.7,9
4103,4,1009,1013,80.7,4
1134,6,1008,1014,80.7,6
3563,2,1012,1014,80.7,2
3804,7,1008,1015,80.7,7
3607,6,1009,1015,80.7,6
3940,9,1007,1016,80.7,9
3144,9,1007,1016,80.7,9
3534,6,1010,1016,80.7,6
2395,3,1013,1016,80.7,3
2004,9,1008,1017,80.7,9
1584,8,1009,1017,80.7,8
2423,7,1011,1018,80.7,7
4973,7,1011,1018,80.7,7
3157,6,1012,1018,80.7,6
4914,7,1012,1019,80.8,7
4763,6,1013,1019,80.8,6
2229,2,1017,1019,80.8,2
4900,4,1016,1020,80.8,4
3172,2,1018,1020,80.8,2
175,1,1019,1020,80.8,1
3909,5,1016,1021,80.8,5
4853,2,1019,1021,80.8,2
1734,8,1014,1022,80.8,8
4118,8,1014,1022,80.8,8
2394,3,1019,1022,80.8,3
340,1,1021,1022,80.8,1
4943,1,1021,1022,80.8,1
4269,8,1015,1023,80.8,8
3922,8,1015,1023,80.8,8
3639,7,1016,1023,80.8,7
1839,6,1017,1023,80.8,6
265,3,1020,1023,80.8,3
159,6,1018,1024,80.8,6
416,4,1020,1024,80.8,4
2440,9,1016,1025,80.8,9
2768,9,1018,1027,80.8,9
3682,7,1020,1027,80.8,7
3864,4,1023,1027,80.8,4
579,3,1024,1027,80.8,3
461,4,1024,1028,80.8,4
4179,1,1027,1028,80.8,1
1749,7,1022,1029,80.8,7
3294,7,1022,1029,80.8,7
84,7,1022,1029,80.8,7
595,6,1023,1029,80.8,6
655,8,1022,1030,80.8,8
1944,7,1023,1030,80.8,7
4358,9,1022,1031,80.8,9
4057,8,1023,1031,80.8,8
3444,2,1029,1031,80.8,2
850,1,1030,1031,80.8,1
4404,9,1023,1032,80.8,9
2815,7,1025,1032,80.8,7
3712,6,1027,1033,80.8,6
2364,4,1029,1033,80.8,4
3413,7,1027,1034,80.8,7
1016,6,1028,1034,80.8,6
1600,5,1029,1034,80.8,5
684,8,1027,1035,80.8,8
204,7,1029,1036,80.8,7
2154,6,1030,1036,80.8,6
910,5,1031,1036,80.8,5
3742,3,1033,1036,80.8,3
145,9,1028,1037,80.8,9
1060,1,1036,1037,80.8,1
4672,1,1036,1037,80.8,1
1675,4,1034,1038,80.8,4
3684,8,1031,1039,80.8,8
4749,7,1032,1039,80.8,7
2830,7,1032,1039,80.8,7
3698,5,1034,1039,80.8,5
1091,5,1034,1039,80.8,5
354,3,1036,1039,80.8,3
2410,1,1038,1039,80.8,1
4568,9,1031,1040,80.8,9
4252,9,1031,1040,80.8,9
2529,7,1033,1040,80.8,7
939,5,1035,1040,80.8,5
4807,3,1037,1040,80.8,3
4073,2,1039,1041,80.8,2
1106,2,1039,1041,80.8,2
2635,2,1039,1041,80.8,2
444,3,1039,1042,80.8,3
2544,2,1040,1042,80.8,2
428,2,1040,1042,80.8,2
3999,4,1039,1043,80.8,4
2304,9,1036,1045,80.8,9
4598,5,1040,1045,80.8,5
2800,4,1041,1045,80.8,4
489,3,1042,1045,80.8,3
295,9,1037,1046,80.8,9
1105,9,1037,1046,80.8,9
4283,5,1041,1046,80.8,5
473,4,1042,1046,80.8,4
4869,8,1039,1047,80.8,8
2904,2,1045,1047,80.8,2
4733,2,1045,1047,80.8,2
3445,9,1039,1048,80.8,9
999,8,1040,1048,80.8,8
4134,5,1043,1048,80.8,5
70,1,1047,1048,80.8,1
4432,9,1040,1049,80.8,9
1271,8,1041,1049,80.8,8
2829,7,1042,1049,80.8,7
1405,3,1046,1049,80.8,3
4554,1,1048,1049,80.8,1
3519,3,1047,1050,80.8,3
639,6,1045,1051,80.8,6
100,3,1048,1051,80.8,3
1976,3,1049,1052,80.8,3
1510,3,1049,1052,80.8,3
669,1,1051,1052,80.8,1
3085,8,1045,1053,80.8,8
4418,7,1046,1053,80.8,7
4748,6,1047,1053,80.8,6
2889,4,1049,1053,80.8,4
2021,1,1052,1053,80.8,1
1074,6,1048,1054,80.8,6
385,3,1051,1054,80.8,3
1630,2,1052,1054,80.8,2
219,1,1053,1054,80.8,1
325,9,1046,1055,80.8,9
488,9,1046,1055,80.8,9
4552,7,1049,1056,80.8,7
4629,7,1049,1056,80.8,7
3220,3,1053,1056,80.8,3
2171,3,1053,1056,80.8,3
3745,9,1048,1057,80.8,9
1209,3,1054,1057,80.8,3
3654,8,1050,1058,80.8,8
849,6,1052,1058,80.8,6
3069,5,1053,1058,80.8,5
520,3,1055,1058,80.8,3
3985,1,1057,1058,80.8,1
533,4,1055,1059,80.8,4
4839,4,1056,1060,80.8,4
2246,4,1056,1060,80.8,4
4582,5,1056,1061,80.8,5
3355,5,1056,1061,80.8,5
1374,4,1057,1061,80.8,4
3879,3,1058,1061,80.8,3
369,9,1053,1062,80.8,9
1810,8,1054,1062,80.8,8
565,4,1058,1062,80.8,4
4029,1,1061,1062,80.8,1
430,9,1054,1063,80.8,9
294,9,1054,1063,80.8,9
1779,3,1061,1064,80.8,3
1329,7,1058,1065,80.8,7
4075,8,1058,1066,80.8,8
4867,5,1061,1066,80.8,5
3279,9,1058,1067,80.8,9
4884,7,1060,1067,80.8,7
3670,6,1061,1067,80.8,6
1840,5,1062,1067,80.8,5
640,5,1062,1067,80.8,5
460,4,1063,1067,80.8,4
653,9,1059,1068,80.8,9
474,6,1062,1068,80.8,6
4540,2,1066,1068,80.8,2
2591,9,1060,1069,80.8,9
4299,7,1062,1069,80.8,7
1899,5,1064,1069,80.8,5
4912,3,1066,1069,80.8,3
4630,3,1068,1071,80.8,3
819,9,1063,1072,80.8,9
2139,7,1065,1072,80.8,7
4899,5,1067,1072,80.8,5
68,3,1069,1072,80.8,3
1930,6,1067,1073,80.8,6
745,6,1067,1073,80.8,6
625,6,1067,1073,80.8,6
2094,4,1069,1073,80.8,4
2469,1,1072,1073,80.8,1
2696,5,1069,1074,80.8,5
4809,5,1069,1074,80.8,5
805,1,1073,1074,80.8,1
3715,8,1067,1075,80.8,8
938,7,1068,1075,80.8,7
535,3,1072,1075,80.8,3
353,3,1072,1075,80.8,3
3549,9,1067,1076,80.8,9
2711,2,1074,1076,80.8,2
699,9,1068,1077,80.8,9
40,3,1074,1077,80.8,3
835,3,1074,1077,80.8,3
3925,2,1075,1077,80.8,2
518,2,1075,1077,80.8,2
3564,1,1076,1077,80.8,1
2816,1,1076,1077,80.8,1
4105,1,1077,1078,80.8,1
4780,8,1071,1079,80.8,8
700,6,1073,1079,80.8,6
55,2,1077,1079,80.8,2
3744,2,1077,1079,80.8,2
820,1,1079,1080,80.8,1
130,1,1079,1080,80.8,1
879,9,1072,1081,80.8,9
2500,8,1073,1081,80.8,8
2724,8,1073,1081,80.8,8
789,4,1077,1081,80.8,4
4210,3,1078,1081,80.8,3
1075,1,1080,1081,80.8,1
2259,9,1073,1082,80.8,9
160,2,1080,1082,80.8,2
1419,1,1081,1082,80.8,1
1073,8,1075,1083,80.8,8
608,6,1077,1083,80.8,6
3894,4,1079,1083,80.8,4
670,9,1075,1084,80.8,9
3176,7,1077,1084,80.8,7
41,5,1079,1084,80.8,5
2289,2,1082,1084,80.8,2
3969,1,1083,1084,80.8,1
880,8,1077,1085,80.8,8
1539,3,1082,1085,80.8,3
955,1,1084,1085,80.8,1
2874,5,1081,1086,80.8,5
476,2,1084,1086,80.8,2
1015,1,1085,1086,80.8,1
1389,6,1081,1087,80.8,6
2710,7,1081,1088,80.8,7
4270,7,1081,1088,80.8,7
1448,5,1083,1088,80.8,5
803,6,1083,1089,80.8,6
1614,4,1085,1089,80.8,4
1120,9,1081,1090,80.8,9
1135,5,1085,1090,80.8,5
566,4,1086,1090,80.8,4
4300,2,1088,1090,80.8,2
415,9,1082,1091,80.8,9
4164,7,1084,1091,80.8,7
1404,4,1087,1091,80.8,4
3206,8,1084,1092,80.8,8
2454,8,1084,1092,80.8,8
2005,2,1090,1092,80.8,2
3009,7,1086,1093,80.8,7
1598,5,1088,1093,80.8,5
4390,3,1090,1093,80.8,3
1569,2,1091,1093,80.8,2
1375,8,1086,1094,80.8,8
2785,6,1088,1094,80.8,6
818,5,1089,1094,80.8,5
1629,5,1089,1094,80.8,5
1151,4,1090,1094,80.8,4
4690,1,1093,1094,80.8,1
1360,5,1090,1095,80.7,5
4239,5,1091,1096,80.8,5
2020,4,1092,1096,80.7,4
1643,3,1093,1096,80.7,3
445,6,1091,1097,80.7,6
833,3,1094,1097,80.7,3
1914,3,1094,1097,80.7,3
1346,3,1094,1097,80.7,3
4329,1,1096,1097,80.7,1
1673,1,1096,1097,80.7,1
2484,6,1092,1098,80.7,6
1555,4,1094,1098,80.7,4
475,1,1097,1098,80.7,1
1688,1,1097,1098,80.7,1
191,5,1094,1099,80.7,5
3266,8,1092,1100,80.7,8
1704,8,1093,1101,80.7,8
2860,7,1094,1101,80.7,7
2754,3,1098,1101,80.7,3
3084,9,1093,1102,80.7,9
968,5,1097,1102,80.7,5
2064,5,1097,1102,80.7,5
4389,5,1097,1102,80.7,5
1913,4,1098,1102,80.7,4
1480,8,1095,1103,80.7,8
2065,7,1096,1103,80.7,7
2093,2,1102,1104,80.7,2
1525,2,1103,1105,80.7,2
1391,9,1097,1106,80.7,9
2365,3,1103,1106,80.7,3
2260,1,1105,1106,80.7,1
1945,9,1098,1107,80.7,9
940,9,1098,1107,80.7,9
311,8,1099,1107,80.7,8
3341,7,1100,1107,80.7,7
3504,5,1102,1107,80.7,5
4614,5,1102,1107,80.7,5
2183,3,1104,1107,80.7,3
2995,8,1101,1109,80.7,8
1013,7,1102,1109,80.7,7
2890,3,1106,1109,80.7,3
3566,2,1107,1109,80.7,2
3579,2,1107,1109,80.7,2
1959,9,1101,1110,80.7,9
3174,9,1101,1110,80.7,9
1676,4,1106,1110,80.7,4
2124,9,1102,1111,80.7,9
1225,4,1107,1111,80.8,4
3235,3,1109,1112,80.8,3
1960,6,1107,1113,80.8,6
2935,4,1109,1113,80.8,4
4674,7,1107,1114,80.8,7
3010,1,1113,1114,80.8,1
2275,9,1106,1115,80.8,9
3774,6,1109,1115,80.8,6
791,9,1107,1116,80.8,9
2483,9,1107,1116,80.8,9
2499,5,1111,1116,80.8,5
1300,5,1111,1116,80.8,5
1043,8,1109,1117,80.8,8
1974,7,1110,1117,80.8,7
4136,9,1109,1118,80.8,9
3310,6,1112,1118,80.8,6
2648,2,1116,1118,80.8,2
2664,2,1116,1118,80.8,2
3384,9,1110,1119,80.8,9
1781,9,1110,1119,80.8,9
2665,6,1113,1119,80.8,6
1420,3,1116,1119,80.8,3
2799,1,1118,1119,80.8,1
685,7,1114,1121,80.8,7
1136,5,1116,1121,80.8,5
3430,3,1118,1121,80.8,3
3429,2,1119,1121,80.8,2
3100,8,1114,1122,80.8,8
2845,7,1115,1122,80.8,7
2244,5,1117,1122,80.8,5
2873,4,1118,1122,80.8,4
3610,1,1121,1122,80.8,1
3819,8,1115,1123,80.8,8
4451,5,1118,1123,80.8,5
2859,4,1119,1123,80.8,4
1253,7,1117,1124,80.8,7
3025,5,1119,1124,80.8,5
1540,5,1119,1124,80.7,5
3954,4,1121,1125,80.7,4
2934,2,1123,1125,80.7,2
865,5,1121,1126,80.7,5
1301,5,1121,1126,80.7,5
1268,2,1124,1126,80.7,2
1570,2,1124,1126,80.7,2
2186,8,1119,1127,80.7,8
3145,5,1122,1127,80.7,5
2963,5,1122,1127,80.7,5
3700,5,1122,1127,80.7,5
4571,4,1123,1127,80.7,4
3190,3,1124,1127,80.7,3
2409,6,1122,1128,80.7,6
1481,3,1126,1129,80.7,3
3295,8,1122,1130,80.7,8
3265,3,1127,1130,80.7,3
4225,3,1127,1130,80.7,3
1511,1,1129,1130,80.7,1
3924,8,1123,1131,80.7,8
3760,1,1130,1131,80.7,1
1403,6,1126,1132,80.7,6
1765,6,1126,1132,80.7,6
3399,8,1125,1133,80.7,8
3955,2,1131,1133,80.7,2
4734,9,1125,1134,80.7,9
985,8,1126,1134,80.7,8
3250,7,1127,1134,80.7,7
1691,4,1130,1134,80.7,4
3474,1,1133,1134,80.7,1
2231,8,1127,1135,80.7,8
4631,8,1127,1135,80.7,8
4989,1,1134,1135,80.7,1
3640,1,1134,1135,80.7,1
3203,9,1127,1136,80.7,9
2769,8,1128,1136,80.7,8
4555,6,1130,1136,80.7,6
4014,5,1131,1136,80.7,5
2876,1,1135,1136,80.7,1
2919,1,1136,1137,80.7,1
4209,2,1136,1138,80.7,2
2891,2,1136,1138,80.7,2
2994,1,1137,1138,80.7,1
3460,9,1130,1139,80.7,9
4000,6,1133,1139,80.7,6
1180,5,1134,1139,80.7,5
250,4,1135,1139,80.7,4
3368,3,1136,1139,80.7,3
1478,8,1132,1140,80.7,8
1780,8,1132,1140,80.7,8
1811,6,1134,1140,80.7,6
4104,7,1134,1141,80.7,7
3024,3,1138,1141,80.7,3
1315,3,1139,1142,80.7,3
4149,1,1141,1142,80.7,1
4751,8,1135,1143,80.7,8
4585,7,1136,1143,80.7,7
2906,5,1138,1143,80.7,5
4150,4,1139,1143,80.7,4
3398,4,1139,1143,80.7,4
3895,9,1135,1144,80.7,9
4344,2,1142,1144,80.7,2
4931,1,1143,1144,80.7,1
1718,5,1140,1145,80.7,5
1885,5,1140,1145,80.7,5
1345,3,1142,1145,80.7,3
3503,2,1143,1145,80.7,2
1465,1,1145,1146,80.7,1
4359,9,1138,1147,80.7,9
3595,8,1139,1147,80.7,8
1826,7,1140,1147,80.7,7
730,9,1139,1148,80.7,9
3129,7,1141,1148,80.7,7
1793,3,1145,1148,80.7,3
2170,3,1145,1148,80.7,3
3160,1,1148,1149,80.7,1
2996,7,1143,1150,80.7,7
4810,7,1143,1150,80.7,7
4120,6,1144,1150,80.7,6
4374,6,1144,1150,80.7,6
1841,3,1147,1150,80.7,3
3370,1,1149,1150,80.7,1
117,7,1144,1151,80.7,7
1795,5,1146,1151,80.7,5
4600,9,1143,1152,80.7,9
3653,7,1145,1152,80.7,7
1000,4,1148,1152,80.7,4
4599,2,1150,1152,80.7,2
3189,6,1148,1154,80.7,6
2108,6,1148,1154,80.7,6
1856,4,1150,1154,80.7,4
4719,2,1152,1154,80.7,2
4419,8,1147,1155,80.7,8
3821,5,1150,1155,80.7,5
3938,3,1152,1155,80.7,3
4240,9,1147,1156,80.7,9
3400,6,1150,1156,80.7,6
147,5,1151,1156,80.7,5
2035,5,1151,1156,80.7,5
4584,1,1155,1156,80.7,1
2123,3,1154,1157,80.7,3
3926,2,1155,1157,80.7,2
3998,2,1155,1157,80.7,2
4660,6,1152,1158,80.7,6
1991,4,1154,1158,80.7,4
4990,9,1150,1159,80.7,9
4825,9,1150,1159,80.7,9
1090,7,1152,1159,80.7,7
3324,5,1154,1159,80.7,5
4960,2,1158,1160,80.7,2
2036,2,1158,1160,80.7,2
4480,5,1156,1161,80.7,5
1285,2,1159,1161,80.7,2
370,8,1154,1162,80.7,8
4178,5,1157,1162,80.7,5
2111,2,1160,1162,80.7,2
1450,1,1161,1162,80.7,1
4045,7,1156,1163,80.7,7
297,7,1156,1163,80.7,7
4151,6,1157,1163,80.7,6
521,3,1160,1163,80.7,3
2110,8,1156,1164,80.7,8
3834,5,1159,1164,80.7,5
4360,1,1163,1164,80.7,1
4704,9,1156,1165,80.7,9
2138,8,1157,1165,80.7,8
4945,7,1159,1166,80.7,7
4223,4,1162,1166,80.7,4
161,8,1159,1167,80.7,8
2306,5,1162,1167,80.7,5
4361,4,1163,1167,80.7,4
56,1,1166,1167,80.7,1
490,6,1162,1168,80.7,6
281,1,1167,1168,80.7,1
4840,8,1161,1169,80.7,8
4915,6,1164,1170,80.7,6
4373,4,1166,1170,80.7,4
611,2,1168,1170,80.7,2
1585,9,1162,1171,80.7,9
2140,7,1164,1171,80.7,7
4479,7,1164,1171,80.7,7
2303,6,1165,1171,80.7,6
4466,4,1167,1171,80.7,4
417,9,1163,1172,80.7,9
581,9,1163,1172,80.7,9
2321,5,1167,1172,80.7,5
4779,8,1165,1173,80.7,8
790,5,1168,1173,80.7,5
582,1,1172,1173,80.7,1
761,4,1170,1174,80.7,4
1615,4,1171,1175,80.7,4
3158,4,1171,1175,80.7,4
446,9,1167,1176,80.7,9
851,6,1170,1176,80.7,6
115,6,1171,1177,80.7,6
657,4,1173,1177,80.7,4
26,9,1169,1178,80.7,9
4388,8,1170,1178,80.7,8
2200,9,1171,1180,80.7,9
4481,9,1171,1180,80.7,9
881,8,1172,1180,80.7,8
970,7,1173,1180,80.7,7
1705,5,1175,1180,80.7,5
71,2,1178,1180,80.7,2
2846,9,1172,1181,80.7,9
356,1,1180,1181,80.7,1
4794,9,1173,1182,80.7,9
911,6,1176,1182,80.7,6
1046,9,1174,1183,80.7,9
3323,9,1175,1184,80.7,9
1182,7,1177,1184,80.7,7
4616,4,1180,1184,80.7,4
1165,4,1180,1184,80.7,4
941,9,1176,1185,80.7,9
4944,3,1182,1185,80.7,3
280,9,1177,1186,80.7,9
4613,8,1178,1186,80.7,8
2560,6,1180,1186,80.7,6
3101,5,1181,1186,80.7,5
1195,3,1184,1187,80.7,3
2590,1,1186,1187,80.7,1
371,7,1181,1188,80.7,7
505,2,1186,1188,80.7,2
1241,9,1180,1189,80.7,9
1735,9,1180,1189,80.7,9
1196,7,1182,1189,80.7,7
1722,5,1184,1189,80.7,5
4721,5,1184,1189,80.7,5
4673,3,1186,1189,80.7,3
1256,7,1183,1190,80.7,7
1751,1,1189,1190,80.7,1
57,1,1189,1190,80.7,1
956,6,1185,1191,80.7,6
205,6,1185,1191,80.7,6
641,3,1188,1191,80.7,3
3608,8,1184,1192,80.7,8
1210,5,1187,1192,80.7,5
310,1,1191,1192,80.7,1
775,5,1188,1193,80.7,5
4808,4,1189,1193,80.7,4
1721,3,1190,1193,80.7,3
3401,8,1186,1194,80.7,8
2755,7,1187,1194,80.7,7
267,4,1190,1194,80.7,4
1211,4,1191,1195,80.7,4
1796,7,1189,1196,80.7,7
866,5,1191,1196,80.7,5
3908,4,1192,1196,80.7,4
2920,2,1194,1196,80.7,2
2215,8,1189,1197,80.7,8
1827,8,1189,1197,80.7,8
2155,5,1192,1197,80.7,5
372,3,1194,1197,80.7,3
1916,2,1196,1198,80.7,2
2245,1,1197,1198,80.7,1
2081,9,1190,1199,80.7,9
234,7,1193,1200,80.7,7
1286,5,1195,1200,80.7,5
4253,4,1196,1200,80.7,4
550,9,1192,1201,80.7,9
1931,8,1193,1201,80.7,8
3130,5,1196,1201,80.7,5
402,4,1197,1201,80.7,4
4688,1,1200,1201,80.7,1
1030,9,1193,1202,80.7,9
3851,8,1194,1202,80.7,8
3505,5,1197,1202,80.7,5
715,2,1201,1203,80.7,2
1150,1,1202,1203,80.7,1
3835,3,1201,1204,80.7,3
1390,1,1203,1204,80.7,1
896,9,1196,1205,80.7,9
1992,8,1197,1205,80.7,8
2216,7,1198,1205,80.7,7
2770,7,1198,1205,80.7,7
4823,4,1201,1205,80.7,4
1316,6,1200,1206,80.7,6
54,1,1205,1206,80.7,1
2141,9,1199,1208,80.7,9
2051,7,1201,1208,80.7,7
3881,6,1202,1208,80.7,6
804,9,1200,1209,80.7,9
567,8,1201,1209,80.7,8
4285,5,1204,1209,80.7,5
1435,5,1204,1209,80.7,5
1270,7,1203,1210,80.7,7
2022,5,1205,1210,80.7,5
1376,4,1206,1210,80.7,4
4046,2,1208,1210,80.7,2
3565,9,1202,1211,80.7,9
2351,6,1205,1211,80.7,6
1119,5,1206,1211,80.7,5
642,2,1209,1211,80.7,2
2307,2,1210,1212,80.7,2
1149,1,1211,1212,80.7,1
1495,4,1209,1213,80.7,4
4061,3,1210,1213,80.7,3
986,9,1205,1214,80.7,9
3625,9,1205,1214,80.7,9
2606,6,1208,1214,80.7,6
1164,2,1212,1214,80.7,2
4301,1,1213,1214,80.7,1
1990,2,1213,1215,80.7,2
834,7,1209,1216,80.7,7
1226,2,1214,1216,80.7,2
2831,9,1208,1217,80.7,9
4570,8,1209,1217,80.7,8
1330,7,1210,1217,80.7,7
909,1,1216,1217,80.7,1
1436,8,1210,1218,80.7,8
2050,4,1215,1219,80.7,4
3685,9,1211,1220,80.7,9
2366,9,1211,1220,80.7,9
672,9,1211,1220,80.7,9
3790,6,1214,1220,80.7,6
2981,3,1217,1220,80.7,3
1855,3,1217,1220,80.7,3
2562,9,1212,1221,80.7,9
2951,8,1214,1222,80.7,8
1706,6,1216,1222,80.7,6
1314,9,1214,1223,80.7,9
4511,9,1214,1223,80.7,9
1104,6,1217,1223,80.7,6
2621,3,1220,1223,80.7,3
4705,7,1217,1224,80.7,7
2650,5,1219,1224,80.7,5
3850,4,1220,1224,80.7,4
882,4,1220,1224,80.7,4
3026,4,1220,1224,80.7,4
1871,2,1222,1224,80.7,2
4676,1,1223,1224,80.7,1
2921,1,1223,1224,80.7,1
4781,1,1224,1225,80.7,1
1571,8,1218,1226,80.7,8
2095,6,1220,1226,80.7,6
2425,1,1226,1227,80.7,1
4255,8,1220,1228,80.7,8
3056,6,1222,1228,80.7,6
2396,5,1224,1229,80.7,5
2470,2,1227,1229,80.7,2
2727,9,1221,1230,80.7,9
3296,6,1224,1230,80.7,6
3221,6,1224,1230,80.7,6
1254,8,1223,1231,80.7,8
4901,6,1225,1231,80.7,6
2877,1,1230,1231,80.7,1
1359,9,1223,1232,80.7,9
4855,8,1224,1232,80.7,8
3070,9,1224,1233,80.7,9
3880,9,1224,1233,80.7,9
1002,9,1224,1233,80.7,9
1601,7,1226,1233,80.7,7
3041,4,1229,1233,80.7,4
2982,2,1231,1233,80.7,2
176,2,1232,1234,80.7,2
3071,7,1228,1235,80.7,7
3491,5,1230,1235,80.7,5
4405,8,1228,1236,80.7,8
2485,7,1229,1236,80.7,7
1017,3,1233,1236,80.7,3
2426,3,1233,1236,80.7,3
1434,5,1232,1237,80.7,5
237,7,1231,1238,80.7,7
3776,9,1230,1239,80.7,9
1269,8,1231,1239,80.7,8
3205,6,1233,1239,80.7,6
4135,6,1233,1239,80.7,6
731,5,1234,1239,80.7,5
3251,7,1233,1240,80.7,7
3027,7,1233,1240,80.7,7
2530,4,1236,1240,80.7,4
4735,6,1236,1242,80.7,6
1137,6,1236,1242,80.7,6
2545,2,1240,1242,80.7,2
2531,7,1236,1243,80.7,7
1464,6,1237,1243,80.7,6
357,5,1238,1243,80.7,5
3282,3,1240,1243,80.7,3
3131,9,1235,1244,80.7,9
3611,9,1235,1244,80.7,9
1479,5,1239,1244,80.7,5
2695,2,1242,1244,80.7,2
4586,6,1239,1245,80.7,6
3535,6,1239,1245,80.7,6
236,3,1242,1245,80.7,3
4195,7,1239,1246,80.7,7
1494,3,1244,1247,80.7,3
746,9,1239,1248,80.7,9
432,5,1243,1248,80.7,5
3716,4,1244,1248,80.7,4
3550,3,1245,1248,80.7,3
3446,9,1240,1249,80.7,9
3312,6,1243,1249,80.7,6
431,4,1245,1249,80.7,4
3655,2,1248,1250,80.7,2
1152,9,1242,1251,80.7,9
2756,8,1243,1251,80.7,8
1524,9,1243,1252,80.7,9
4601,7,1245,1252,80.7,7
4315,6,1246,1252,80.7,6
1422,1,1251,1252,80.7,1
3086,1,1251,1252,80.7,1
3641,9,1244,1253,80.7,9
2905,9,1244,1253,80.7,9
1509,6,1247,1253,80.7,6
912,5,1248,1253,80.7,5
1497,1,1252,1253,80.7,1
3671,1,1252,1253,80.7,1
4856,2,1252,1254,80.7,2
806,6,1249,1255,80.7,6
4420,3,1252,1255,80.7,3
3055,2,1253,1255,80.7,2
1512,2,1253,1255,80.7,2
1121,8,1248,1256,80.7,8
3597,7,1249,1256,80.7,7
3730,6,1250,1256,80.7,6
1794,3,1253,1256,80.7,3
3806,3,1253,1256,80.7,3
4976,2,1254,1256,80.7,2
1662,1,1255,1256,80.7,1
3911,9,1248,1257,80.7,9
3521,8,1249,1257,80.7,8
3656,4,1253,1257,80.7,4
2049,6,1252,1258,80.7,6
1212,5,1253,1258,80.7,5
3732,2,1256,1258,80.7,2
1031,4,1255,1259,80.7,4
1181,3,1256,1259,80.7,3
4016,3,1256,1259,80.7,3
4047,1,1258,1259,80.7,1
2514,2,1258,1260,80.7,2
4857,1,1259,1260,80.7,1
387,6,1256,1262,80.7,6
3896,5,1257,1262,80.7,5
1361,3,1259,1262,80.7,3
3175,8,1255,1263,80.7,8
2169,7,1256,1263,80.7,7
1737,7,1256,1263,80.7,7
4435,9,1255,1264,80.7,9
4106,7,1257,1264,80.7,7
3791,7,1257,1264,80.7,7
4316,5,1259,1264,80.7,5
3805,9,1256,1265,80.7,9
2949,5,1260,1265,80.7,5
1392,8,1258,1266,80.7,8
3325,3,1263,1266,80.7,3
4525,2,1264,1266,80.7,2
4121,2,1264,1266,80.7,2
4436,2,1264,1266,80.7,2
1451,5,1262,1267,80.7,5
3354,2,1265,1267,80.7,2
1661,9,1259,1268,80.7,9
4992,8,1260,1268,80.7,8
1257,6,1262,1268,80.7,6
2424,5,1263,1268,80.7,5
4241,4,1264,1268,80.7,4
1587,2,1266,1268,80.7,2
3669,1,1267,1268,80.7,1
3865,4,1265,1269,80.7,4
3385,4,1266,1270,80.7,4
4166,4,1266,1270,80.7,4
4031,9,1262,1271,80.7,9
1872,8,1263,1271,80.7,8
4331,3,1268,1271,80.7,3
3415,1,1270,1271,80.7,1
2006,4,1268,1272,80.7,4
3699,4,1268,1272,80.7,4
4030,3,1269,1272,80.7,3
4675,7,1266,1273,80.7,7
148,5,1268,1273,80.7,5
1347,5,1268,1273,80.7,5
4180,1,1272,1273,80.7,1
1586,7,1267,1274,80.7,7
4541,9,1266,1275,80.7,9
2574,7,1268,1275,80.7,7
1962,4,1271,1275,80.7,4
2126,3,1272,1275,80.7,3
3159,1,1275,1276,80.7,1
2382,9,1268,1277,80.7,9
282,7,1270,1277,80.7,7
343,4,1273,1277,80.7,4
1886,3,1274,1277,80.7,3
2532,2,1275,1277,80.7,2
3475,7,1271,1278,80.7,7
4870,5,1273,1278,80.7,5
2291,3,1275,1278,80.7,3
508,1,1277,1278,80.7,1
2066,1,1277,1278,80.7,1
2667,1,1277,1278,80.7,1
4196,8,1271,1279,80.7,8
87,8,1271,1279,80.7,8
4811,4,1275,1279,80.7,4
4930,1,1278,1279,80.7,1
1707,7,1273,1280,80.7,7
3264,4,1276,1280,80.7,4
4961,1,1279,1280,80.7,1
3729,9,1272,1281,80.7,9
538,3,1278,1281,80.7,3
2156,3,1278,1281,80.7,3
132,2,1279,1281,80.7,2
11,2,1279,1281,80.7,2
4510,9,1273,1282,80.7,9
477,6,1277,1283,80.7,6
2622,7,1277,1284,80.7,7
3910,6,1278,1284,80.7,6
2201,3,1281,1284,80.7,3
116,4,1281,1285,80.7,4
2922,8,1278,1286,80.7,8
4211,7,1279,1286,80.7,7
2411,9,1278,1287,80.7,9
1752,8,1280,1288,80.7,8
192,8,1280,1288,80.7,8
222,7,1281,1288,80.7,7
2501,4,1284,1288,80.7,4
2456,1,1287,1288,80.7,1
3414,9,1280,1289,80.7,9
1093,8,1281,1289,80.7,8
4059,9,1281,1290,80.7,9
4615,8,1282,1290,80.7,8
792,8,1283,1291,80.7,8
3057,7,1284,1291,80.7,7
4090,7,1284,1291,80.7,7
3087,5,1286,1291,80.7,5
4256,5,1286,1291,80.7,5
4089,1,1290,1291,80.7,1
3489,3,1289,1292,80.7,3
3132,1,1291,1292,80.7,1
4736,1,1291,1292,80.7,1
221,8,1285,1293,80.7,8
1708,4,1289,1293,80.7,4
3432,1,1292,1293,80.7,1
4194,3,1291,1294,80.7,3
927,7,1288,1295,80.7,7
1782,8,1288,1296,80.7,8
2576,8,1288,1296,80.7,8
2516,8,1288,1296,80.7,8
1092,5,1291,1296,80.7,5
4330,5,1291,1296,80.7,5
3102,5,1291,1296,80.7,5
1753,3,1293,1296,80.7,3
327,9,1288,1297,80.7,9
3609,5,1292,1297,80.7,5
4092,4,1293,1297,80.7,4
1272,1,1296,1297,80.7,1
4765,9,1290,1299,80.7,9
4826,7,1292,1299,80.7,7
3162,3,1296,1299,80.7,3
2741,4,1296,1300,80.7,4
4975,1,1299,1300,80.7,1
386,8,1293,1301,80.7,8
4254,7,1294,1301,80.7,7
2157,5,1296,1301,80.7,5
342,4,1297,1301,80.7,4
3624,5,1297,1302,80.7,5
1933,7,1296,1303,80.7,7
1287,6,1297,1303,80.7,6
4871,4,1299,1303,80.7,4
492,2,1301,1303,80.7,2
942,9,1295,1304,80.7,9
2666,8,1296,1304,80.7,8
4345,8,1296,1304,80.7,8
1317,1,1303,1304,80.7,1
4422,8,1297,1305,80.7,8
3192,6,1299,1305,80.7,6
401,4,1301,1305,80.7,4
4044,3,1302,1305,80.7,3
987,2,1304,1306,80.7,2
4917,1,1305,1306,80.7,1
3161,7,1300,1307,80.7,7
2172,6,1301,1307,80.7,6
1993,4,1303,1307,80.7,4
4495,3,1304,1307,80.7,3
3342,2,1305,1307,80.7,2
4314,2,1305,1307,80.7,2
101,8,1300,1308,80.7,8
4750,1,1307,1308,80.7,1
4509,9,1301,1310,80.7,9
612,7,1303,1310,80.7,7
2681,6,1304,1310,80.7,6
1797,6,1304,1310,80.7,6
43,4,1306,1310,80.7,4
102,8,1303,1311,80.7,8
4434,4,1307,1311,80.7,4
551,7,1305,1312,80.7,7
4659,2,1310,1312,80.7,2
2082,2,1310,1312,80.7,2
4539,2,1311,1313,80.7,2
1242,8,1306,1314,80.7,8
2353,7,1307,1314,80.7,7
2262,8,1307,1315,80.7,8
4167,8,1307,1315,80.7,8
177,4,1311,1315,80.7,4
2337,3,1312,1315,80.7,3
3236,9,1307,1316,80.7,9
3281,6,1310,1316,80.7,6
131,9,1308,1317,80.7,9
4885,9,1308,1317,80.7,9
133,7,1310,1317,80.7,7
596,5,1312,1317,80.7,5
2818,3,1314,1317,80.7,3
2472,2,1315,1317,80.7,2
747,8,1310,1318,80.7,8
3012,3,1315,1318,80.7,3
748,1,1317,1318,80.7,1
4512,4,1315,1319,80.7,4
2848,2,1317,1319,80.7,2
4764,8,1312,1320,80.7,8
4854,7,1313,1320,80.7,7
1407,6,1314,1320,80.7,6
341,3,1317,1320,80.7,3
2878,1,1319,1320,80.7,1
3326,5,1316,1321,80.7,5
777,3,1318,1321,80.7,3
4722,2,1319,1321,80.7,2
702,7,1315,1322,80.7,7
326,5,1317,1322,80.7,5
3088,2,1320,1322,80.7,2
3356,7,1316,1323,80.7,7
536,3,1320,1323,80.7,3
3237,6,1318,1324,80.7,6
25,4,1320,1324,80.7,4
1227,3,1321,1324,80.7,3
3731,1,1323,1324,80.7,1
716,8,1317,1325,80.7,8
4076,4,1321,1325,80.7,4
190,1,1324,1325,80.7,1
2712,9,1317,1326,80.7,9
793,8,1318,1326,80.7,8
1377,2,1324,1326,80.7,2
2292,7,1320,1327,80.7,7
4827,6,1321,1327,80.7,6
3283,5,1322,1327,80.7,5
3357,3,1324,1327,80.7,3
1048,1,1326,1327,80.7,1
656,5,1323,1328,80.7,5
3986,4,1324,1328,80.7,4
4181,3,1325,1328,80.7,3
4929,9,1320,1329,80.7,9
717,7,1322,1329,80.7,7
626,8,1322,1330,80.7,8
2757,4,1326,1330,80.7,4
4977,3,1327,1330,80.7,3
3552,3,1327,1330,80.7,3
926,6,1325,1331,80.7,6
400,6,1325,1331,80.7,6
1602,5,1326,1331,80.7,5
3117,1,1330,1331,80.7,1
1138,5,1327,1332,80.7,5
4226,4,1328,1332,80.7,4
580,1,1331,1332,80.7,1
4271,5,1328,1333,80.7,5
4661,1,1332,1333,80.7,1
3507,3,1331,1334,80.7,3
701,7,1328,1335,80.7,7
3627,5,1330,1335,80.7,5
2517,9,1327,1336,80.7,9
3388,9,1327,1336,80.7,9
762,7,1329,1336,80.7,7
1166,5,1331,1336,80.7,5
1617,5,1331,1336,80.7,5
3777,2,1334,1336,80.7,2
1783,5,1332,1337,80.7,5
4946,4,1333,1337,80.7,4
3657,2,1335,1337,80.7,2
2862,1,1336,1337,80.7,1
1526,1,1336,1337,80.7,1
4974,9,1329,1338,80.7,9
671,8,1330,1338,80.7,8
178,8,1330,1338,80.7,8
4286,5,1333,1338,80.7,5
1828,1,1337,1338,80.7,1
4002,1,1337,1338,80.7,1
610,7,1332,1339,80.7,7
3493,3,1336,1339,80.7,3
1047,3,1336,1339,80.7,3
1766,2,1337,1339,80.7,2
4182,2,1338,1340,80.7,2
821,6,1335,1341,80.7,6
1873,3,1338,1341,80.7,3
1901,2,1339,1341,80.7,2
223,4,1338,1342,80.7,4
4421,4,1338,1342,80.7,4
4766,1,1342,1343,80.7,1
3792,8,1336,1344,80.7,8
2967,7,1337,1344,80.7,7
3508,5,1339,1344,80.7,5
1767,9,1336,1345,80.7,9
85,7,1338,1345,80.7,7
162,9,1337,1346,80.7,9
3867,2,1344,1346,80.7,2
686,9,1338,1347,80.7,9
1255,8,1339,1347,80.7,8
220,2,1345,1347,80.7,2
3957,1,1346,1347,80.7,1
1122,9,1339,1348,80.7,9
1918,7,1341,1348,80.7,7
3582,4,1344,1348,80.7,4
3583,4,1344,1348,80.7,4
4317,9,1340,1349,80.7,9
3762,1,1348,1349,80.7,1
1421,9,1341,1350,80.7,9
2261,9,1341,1350,80.7,9
971,3,1347,1350,80.7,3
238,9,1342,1351,80.7,9
4796,8,1343,1351,80.7,8
2578,3,1348,1351,80.7,3
3882,2,1349,1351,80.7,2
1437,4,1348,1352,80.7,4
1556,2,1350,1352,80.7,2
2668,1,1351,1352,80.7,1
4137,6,1347,1353,80.7,6
4347,4,1349,1353,80.7,4
358,2,1351,1353,80.7,2
1917,1,1352,1353,80.7,1
2427,9,1345,1354,80.7,9
252,8,1346,1354,80.7,8
1961,2,1352,1354,80.7,2
418,1,1353,1354,80.7,1
1932,1,1353,1354,80.7,1
760,8,1347,1355,80.7,8
2007,1,1354,1355,80.7,1
1690,9,1347,1356,80.7,9
3793,9,1348,1357,80.7,9
1061,7,1350,1357,80.7,7
3897,6,1351,1357,80.7,6
4407,4,1353,1357,80.7,4
1825,1,1356,1357,80.7,1
2486,8,1350,1358,80.7,8
613,4,1354,1358,80.7,4
42,9,1351,1360,80.7,9
2713,8,1352,1360,80.7,8
4242,7,1353,1360,80.7,7
2097,5,1355,1360,80.7,5
447,7,1354,1361,80.7,7
1240,6,1355,1361,80.7,6
2936,3,1358,1361,80.7,3
4287,1,1360,1361,80.7,1
3222,8,1354,1362,80.7,8
1870,5,1357,1362,80.7,5
808,4,1358,1362,80.7,4
2381,9,1354,1363,80.7,9
103,7,1357,1364,80.7,7
3011,3,1361,1364,80.7,3
4078,8,1357,1365,80.7,8
4362,8,1357,1365,80.7,8
1900,4,1361,1365,80.7,4
1076,9,1357,1366,80.7,9
4752,5,1361,1366,80.7,5
1063,4,1362,1366,80.7,4
1975,5,1362,1367,80.7,5
4138,2,1365,1367,80.7,2
597,8,1360,1368,80.7,8
2232,8,1360,1368,80.7,8
462,7,1361,1368,80.7,7
3477,6,1362,1368,80.7,6
778,4,1364,1368,80.7,4
2125,3,1365,1368,80.7,3
2938,9,1360,1369,80.7,9
4947,3,1366,1369,80.7,3
1528,1,1368,1369,80.7,1
2441,7,1363,1370,80.7,7
1631,4,1366,1370,80.7,4
957,2,1368,1370,80.7,2
2322,2,1368,1370,80.7,2
3163,1,1369,1370,80.7,1
1603,1,1369,1370,80.7,1
2412,1,1370,1371,80.7,1
1723,1,1370,1371,80.7,1
2455,5,1367,1372,80.7,5
522,4,1368,1372,80.7,4
3522,4,1368,1372,80.7,4
268,3,1369,1372,80.7,3
1167,2,1370,1372,80.7,2
3116,9,1364,1373,80.7,9
4692,8,1365,1373,80.7,8
2801,3,1370,1373,80.7,3
3253,3,1370,1373,80.7,3
3688,1,1373,1374,80.7,1
1153,9,1366,1375,80.7,9
4168,8,1367,1375,80.7,8
2561,5,1370,1375,80.7,5
1452,3,1372,1375,80.7,3
4797,2,1373,1375,80.7,2
3386,2,1373,1375,80.7,2
2290,8,1368,1376,80.7,8
3808,2,1374,1376,80.7,2
2575,5,1372,1377,80.7,5
4243,2,1375,1377,80.7,2
1542,2,1375,1377,80.7,2
2620,1,1376,1377,80.7,1
4393,1,1376,1377,80.7,1
2605,1,1377,1378,80.7,1
4408,1,1377,1378,80.7,1
2188,8,1371,1379,80.7,8
448,7,1372,1379,80.7,7
2726,4,1375,1379,80.7,4
2875,1,1378,1379,80.7,1
2607,9,1371,1380,80.7,9
3626,7,1373,1380,80.7,7
3596,5,1375,1380,80.7,5
1032,9,1372,1381,80.7,9
3537,9,1372,1381,80.7,9
4333,4,1377,1381,80.7,4
1647,4,1377,1381,80.7,4
4842,8,1375,1383,80.7,8
2965,4,1379,1383,80.7,4
1303,9,1375,1384,80.7,9
4543,6,1378,1384,80.7,6
2488,5,1379,1384,80.7,5
2786,6,1379,1385,80.7,6
3836,5,1380,1385,80.7,5
2680,9,1377,1386,80.7,9
3686,6,1380,1386,80.7,6
553,8,1379,1387,80.7,8
3612,6,1381,1387,80.7,6
4902,4,1383,1387,80.7,4
3280,4,1383,1387,80.7,4
2652,8,1380,1388,80.7,8
1677,8,1381,1389,80.7,8
2052,8,1381,1389,80.7,8
4753,9,1381,1390,80.7,9
4873,6,1384,1390,80.7,6
4001,4,1386,1390,80.7,4
3490,3,1387,1390,80.7,3
2937,2,1388,1390,80.7,2
1947,1,1389,1390,80.7,1
1363,7,1384,1391,80.7,7
2503,8,1384,1392,80.7,8
2966,7,1385,1392,80.7,7
3971,7,1385,1392,80.7,7
4391,1,1392,1393,80.7,1
2725,8,1386,1394,80.7,8
2653,2,1392,1394,80.7,2
3146,2,1392,1394,80.7,2
568,8,1387,1395,80.7,8
4932,8,1387,1395,80.7,8
2127,6,1389,1395,80.7,6
3147,5,1390,1395,80.7,5
3987,9,1387,1396,80.7,9
1977,7,1390,1397,80.7,7
4918,8,1390,1398,80.7,8
1813,7,1391,1398,80.7,7
3191,4,1394,1398,80.7,4
1393,3,1395,1398,80.7,3
2502,3,1395,1398,80.7,3
4077,2,1396,1398,80.7,2
4978,9,1390,1399,80.7,9
4496,9,1390,1399,80.7,9
3580,9,1390,1399,80.7,9
3311,1,1398,1399,80.7,1
2577,1,1398,1399,80.7,1
1438,2,1398,1400,80.7,2
4452,3,1398,1401,80.7,3
4406,9,1393,1402,80.7,9
2740,8,1394,1402,80.7,8
3358,8,1394,1402,80.7,8
3775,3,1399,1402,80.7,3
298,9,1395,1404,80.7,9
3207,9,1395,1404,80.7,9
134,6,1398,1404,80.7,6
2068,6,1398,1404,80.7,6
27,5,1399,1404,80.7,5
2367,9,1397,1406,80.7,9
419,7,1399,1406,80.7,7
3703,4,1402,1406,80.7,4
3461,8,1399,1407,80.7,8
4526,5,1402,1407,80.7,5
2950,5,1402,1407,80.7,5
2697,9,1399,1408,80.7,9
1468,8,1400,1408,80.7,8
149,4,1404,1408,80.7,4
3943,2,1406,1408,80.7,2
3701,1,1407,1408,80.7,1
4527,9,1401,1410,80.7,9
207,6,1404,1410,80.7,6
569,2,1408,1410,80.7,2
3820,9,1402,1411,80.7,9
403,7,1404,1411,80.7,7
2397,5,1406,1411,80.7,5
1019,5,1406,1411,80.7,5
2143,8,1404,1412,80.7,8
433,1,1411,1412,80.7,1
3942,9,1404,1413,80.7,9
2907,5,1408,1413,80.7,5
4318,6,1408,1414,80.7,6
4646,9,1407,1416,80.7,9
3040,9,1407,1416,80.7,9
1573,8,1408,1416,80.7,8
4677,6,1410,1416,80.7,6
1454,5,1411,1416,80.7,5
3866,9,1408,1417,80.7,9
3970,6,1411,1417,80.7,6
3177,4,1413,1417,80.7,4
3115,2,1416,1418,80.7,2
852,9,1410,1419,80.7,9
869,9,1410,1419,80.7,9
2158,7,1412,1419,80.7,7
3972,6,1413,1419,80.7,6
4468,5,1414,1419,80.7,5
3941,2,1417,1419,80.7,2
3340,1,1418,1419,80.7,1
2442,9,1411,1420,80.7,9
4706,4,1416,1420,80.7,4
1857,1,1419,1420,80.7,1
703,9,1412,1421,80.7,9
1738,5,1416,1421,80.7,5
3252,4,1417,1421,80.7,4
4887,7,1416,1423,80.7,7
3956,5,1419,1424,80.7,5
4165,5,1419,1424,80.7,5
3642,3,1421,1424,80.7,3
1559,9,1416,1425,80.7,9
2487,5,1420,1425,80.7,5
718,4,1421,1425,80.7,4
3672,1,1424,1425,80.7,1
4015,9,1417,1426,80.7,9
2248,7,1419,1426,80.7,7
2352,6,1420,1426,80.7,6
4556,2,1424,1426,80.7,2
4720,2,1424,1426,80.7,2
1199,8,1419,1427,80.7,8
4032,8,1419,1427,80.7,8
44,8,1419,1427,80.7,8
2802,1,1426,1427,80.7,1
86,1,1426,1427,80.7,1
4962,5,1423,1428,80.7,5
1769,3,1425,1428,80.7,3
733,3,1425,1428,80.7,3
1304,1,1427,1428,80.7,1
3387,1,1427,1428,80.7,1
4916,9,1420,1429,80.7,9
3447,1,1428,1429,80.7,1
2083,9,1421,1430,80.7,9
822,1,1429,1430,80.7,1
928,3,1428,1431,80.7,3
2548,6,1426,1432,80.7,6
163,4,1428,1432,80.7,4
2128,2,1430,1432,80.7,2
2637,8,1425,1433,80.7,8
4691,7,1426,1433,80.7,7
4107,9,1425,1434,80.7,9
4060,8,1426,1434,80.7,8
4257,7,1427,1434,80.7,7
328,2,1432,1434,80.7,2
179,8,1427,1435,80.7,8
1799,7,1428,1435,80.7,7
1364,7,1428,1435,80.7,7
3567,6,1429,1435,80.7,6
1302,5,1430,1435,80.7,5
2263,3,1432,1435,80.7,3
146,9,1427,1436,80.7,9
958,6,1431,1437,80.7,6
2772,5,1433,1438,80.7,5
4841,5,1433,1438,80.7,5
4497,4,1434,1438,80.7,4
1754,3,1435,1438,80.7,3
2593,7,1432,1439,80.7,7
658,5,1434,1439,80.7,5
251,3,1436,1439,80.7,3
1874,5,1435,1440,80.7,5
4991,2,1438,1440,80.7,2
4542,2,1438,1440,80.7,2
4782,7,1434,1441,80.7,7
3702,6,1435,1441,80.7,6
1482,7,1435,1442,80.7,7
4812,1,1441,1442,80.7,1
4375,9,1434,1443,80.7,9
344,8,1435,1443,80.7,8
3073,8,1435,1443,80.7,8
1378,6,1437,1443,80.7,6
2009,5,1438,1443,80.7,5
12,3,1440,1443,80.7,3
13,1,1442,1443,80.7,1
2623,6,1439,1445,80.7,6
1919,5,1440,1445,80.7,5
688,7,1439,1446,80.7,7
1483,3,1443,1446,80.7,3
2114,1,1445,1446,80.7,1
2817,9,1438,1447,80.7,9
4557,7,1440,1447,80.7,7
3298,4,1443,1447,80.7,4
2054,4,1443,1447,80.7,4
853,4,1443,1447,80.7,4
266,9,1439,1448,80.7,9
4017,7,1441,1448,80.7,7
1527,6,1442,1448,80.7,6
839,5,1443,1448,80.7,5
2098,2,1446,1448,80.7,2
1183,3,1446,1449,80.7,3
2174,2,1447,1449,80.7,2
507,7,1443,1450,80.7,7
4572,3,1447,1450,80.7,3
4302,2,1448,1450,80.7,2
4450,8,1443,1451,80.7,8
2832,4,1447,1451,80.7,4
1842,3,1448,1451,80.7,3
2249,2,1449,1451,80.7,2
2833,7,1445,1452,80.7,7
3433,5,1447,1452,80.7,5
2308,4,1448,1452,80.7,4
2159,8,1446,1454,80.7,8
1498,5,1449,1454,80.7,5
4587,4,1450,1454,80.7,4
4465,3,1451,1454,80.7,3
2279,3,1451,1454,80.7,3
1108,8,1447,1455,80.7,8
296,7,1448,1455,80.7,7
944,7,1448,1455,80.7,7
3748,3,1452,1455,80.7,3
2534,2,1454,1456,80.7,2
1258,1,1455,1456,80.7,1
2952,6,1451,1457,80.7,6
2728,5,1452,1457,80.7,5
537,8,1450,1458,80.7,8
989,3,1455,1458,80.7,3
3194,2,1456,1458,80.7,2
4632,9,1450,1459,80.7,9
3763,7,1452,1459,80.7,7
1902,9,1451,1460,80.7,9
4617,6,1454,1460,80.7,6
1903,7,1454,1461,80.7,7
506,6,1455,1461,80.7,6
552,3,1458,1461,80.7,3
3344,3,1458,1461,80.7,3
1049,4,1458,1462,80.7,4
2219,9,1454,1463,80.7,9
4645,9,1454,1463,80.7,9
1408,7,1456,1463,80.7,7
3988,9,1455,1464,80.7,9
3267,7,1457,1464,80.7,7
2758,7,1457,1464,80.7,7
2142,4,1460,1464,80.7,4
2683,3,1461,1464,80.7,3
2234,1,1463,1464,80.7,1
1423,1,1463,1464,80.7,1
3838,6,1459,1465,80.7,6
837,4,1461,1465,80.7,4
1184,3,1462,1465,80.7,3
1678,1,1464,1465,80.7,1
28,6,1460,1466,80.7,6
3674,5,1461,1466,80.7,5
253,8,1459,1467,80.7,8
776,6,1461,1467,80.7,6
4048,3,1464,1467,80.7,3
1077,2,1465,1467,80.7,2
2264,4,1464,1468,80.7,4
88,2,1466,1468,80.7,2
3749,2,1466,1468,80.7,2
4795,6,1463,1469,80.7,6
2202,5,1464,1469,80.7,5
1394,4,1465,1469,80.7,4
3402,6,1464,1470,80.7,6
3403,6,1464,1470,80.7,6
2008,5,1465,1470,80.7,5
3179,2,1468,1470,80.7,2
2457,1,1469,1470,80.7,1
836,4,1467,1471,80.7,4
4423,4,1467,1471,80.7,4
1409,2,1469,1471,80.7,2
2923,9,1464,1473,80.7,9
3898,8,1465,1473,80.7,8
1362,6,1467,1473,80.7,6
2443,3,1470,1473,80.7,3
1331,2,1471,1473,80.7,2
838,7,1467,1474,80.7,7
3448,4,1470,1474,80.7,4
1484,3,1471,1474,80.7,3
3822,5,1470,1475,80.7,5
478,8,1468,1476,80.7,8
4214,8,1468,1476,80.7,8
206,7,1469,1476,80.7,7
3462,6,1470,1476,80.7,6
1406,3,1473,1476,80.7,3
3554,7,1470,1477,80.7,7
3958,4,1473,1477,80.7,4
491,1,1476,1477,80.7,1
4364,2,1476,1478,80.7,2
4558,8,1471,1479,80.7,8
2518,6,1473,1479,80.7,6
3569,2,1477,1479,80.7,2
1574,6,1474,1480,80.7,6
3717,4,1476,1480,80.7,4
3133,8,1473,1481,80.7,8
1557,8,1473,1481,80.7,8
868,7,1474,1481,80.7,7
3553,8,1474,1482,80.7,8
643,6,1476,1482,80.7,6
4213,5,1477,1482,80.7,5
3927,8,1475,1483,80.7,8
1001,6,1477,1483,80.7,6
2069,3,1480,1483,80.7,3
1213,2,1481,1483,80.7,2
4529,6,1478,1484,80.7,6
673,2,1482,1484,80.7,2
2189,1,1483,1484,80.7,1
1736,9,1476,1485,80.7,9
3644,6,1479,1485,80.7,6
1466,2,1483,1485,80.7,2
4227,3,1483,1486,80.7,3
913,2,1484,1486,80.7,2
4723,8,1479,1487,80.7,8
2533,8,1479,1487,80.7,8
4197,7,1480,1487,80.7,7
3973,6,1482,1488,80.7,6
4948,6,1482,1488,80.7,6
2638,1,1487,1488,80.7,1
3223,8,1481,1489,80.7,8
2324,5,1484,1489,80.7,5
4438,1,1488,1489,80.7,1
1572,9,1481,1490,80.7,9
1273,7,1483,1490,80.7,7
4602,4,1486,1490,80.7,4
973,4,1486,1490,80.7,4
4589,7,1484,1491,80.7,7
224,4,1487,1491,80.7,4
3899,7,1485,1492,80.7,7
3238,3,1489,1492,80.7,3
1946,8,1485,1493,80.7,8
3673,5,1488,1493,80.7,5
4814,2,1491,1493,80.7,2
509,2,1491,1493,80.7,2
4109,1,1492,1493,80.7,1
1496,9,1485,1494,80.7,9
3658,2,1492,1494,80.7,2
554,1,1493,1494,80.7,1
4212,9,1487,1496,80.7,9
4993,8,1488,1496,80.7,8
2519,7,1489,1496,80.7,7
4828,7,1489,1496,80.7,7
4154,4,1493,1497,80.7,4
4272,1,1496,1497,80.7,1
4843,1,1496,1497,80.7,1
2037,8,1490,1498,80.7,8
4647,8,1490,1498,80.7,8
599,4,1494,1498,80.7,4
58,1,1497,1498,80.7,1
1648,9,1490,1499,80.7,9
1198,9,1490,1499,80.7,9
4198,6,1493,1499,80.7,6
14,4,1496,1500,80.7,4
1288,1,1499,1500,80.7,1
2471,8,1493,1501,80.7,8
3778,7,1494,1501,80.7,7
4514,4,1497,1501,80.7,4
1633,1,1500,1501,80.7,1
1541,8,1494,1502,80.7,8
2038,3,1499,1502,80.7,3
2549,7,1496,1503,80.7,7
4228,5,1499,1504,80.7,5
4018,3,1501,1504,80.7,3
464,8,1497,1505,80.7,8
2187,7,1498,1505,80.7,7
749,7,1498,1505,80.7,7
73,7,1498,1505,80.7,7
254,5,1500,1505,80.7,5
2413,5,1501,1506,80.7,5
4618,2,1504,1506,80.7,2
118,9,1498,1507,80.7,9
1616,6,1502,1508,80.7,6
854,3,1505,1508,80.7,3
2458,2,1506,1508,80.7,2
2546,8,1501,1509,80.7,8
4754,8,1501,1509,80.7,8
4378,5,1504,1509,80.7,5
2293,8,1502,1510,80.7,8
2592,6,1505,1511,80.7,6
2594,9,1503,1512,80.7,9
313,7,1505,1512,80.7,7
4738,6,1506,1512,80.7,6
4663,3,1509,1512,80.7,3
779,8,1505,1513,80.7,8
283,6,1507,1513,80.7,6
539,9,1505,1514,80.7,9
1646,6,1508,1514,80.7,6
2699,2,1512,1514,80.7,2
523,3,1512,1515,80.7,3
884,8,1508,1516,80.7,8
2563,8,1508,1516,80.7,8
4889,8,1509,1517,80.7,8
3058,7,1510,1517,80.7,7
2742,6,1511,1517,80.7,6
74,5,1512,1517,80.7,5
4858,5,1512,1517,80.7,5
493,4,1513,1517,80.7,4
1109,1,1516,1517,80.7,1
2636,9,1509,1518,80.7,9
628,3,1515,1518,80.7,3
2096,5,1514,1519,80.7,5
824,7,1513,1520,80.7,7
719,6,1514,1520,80.7,6
164,3,1517,1520,80.7,3
883,4,1517,1521,80.7,4
2849,8,1514,1522,80.7,8
943,4,1518,1522,80.7,4
2997,6,1517,1523,80.7,6
104,6,1517,1523,80.7,6
1274,6,1517,1523,80.7,6
2354,3,1520,1523,80.7,3
898,2,1521,1523,80.7,2
2803,8,1516,1524,80.7,8
3328,7,1517,1524,80.7,7
2651,6,1518,1524,80.7,6
2444,2,1523,1525,80.7,2
2893,1,1524,1525,80.7,1
2276,7,1519,1526,80.7,7
929,6,1520,1526,80.7,6
3072,4,1523,1527,80.7,4
194,4,1523,1527,80.7,4
269,8,1520,1528,80.7,8
3254,6,1522,1528,80.7,6
2998,3,1525,1528,80.7,3
314,1,1527,1528,80.7,1
1078,7,1522,1529,80.7,7
2804,4,1525,1529,80.7,4
1018,8,1523,1531,80.7,8
3343,7,1524,1531,80.7,7
2336,5,1526,1531,80.7,5
3372,4,1527,1531,80.7,4
1619,9,1523,1532,80.7,9
2861,8,1524,1532,80.7,8
974,6,1526,1532,80.7,6
359,4,1528,1532,80.7,4
2771,2,1531,1533,80.7,2
1634,1,1532,1533,80.7,1
3193,6,1528,1534,80.7,6
1064,2,1532,1534,80.7,2
3374,7,1528,1535,80.7,7
404,7,1528,1535,80.7,7
3371,3,1532,1535,80.7,3
1618,7,1529,1536,80.7,7
1348,5,1531,1536,80.7,5
1289,2,1534,1536,80.7,2
3463,6,1531,1537,80.7,6
3492,6,1531,1537,80.7,6
2939,9,1529,1538,80.7,9
449,6,1532,1538,80.7,6
3416,5,1533,1538,80.7,5
3373,5,1534,1539,80.7,5
3536,4,1535,1539,80.7,4
1558,3,1536,1539,80.7,3
1349,3,1536,1539,80.7,3
3733,2,1537,1539,80.7,2
2294,7,1533,1540,80.7,7
3584,5,1535,1540,80.7,5
494,5,1535,1540,80.7,5
3747,3,1537,1540,80.7,3
3551,1,1539,1540,80.7,1
1499,1,1539,1540,80.7,1
2309,1,1540,1541,80.7,1
3853,3,1539,1542,80.7,3
1768,7,1536,1543,80.7,7
3581,3,1540,1543,80.7,3
3868,2,1542,1544,80.7,2
3029,7,1538,1545,80.7,7
479,7,1538,1545,80.7,7
3431,7,1538,1545,80.7,7
4483,6,1539,1545,80.7,6
2639,4,1541,1545,80.7,4
1693,7,1539,1546,80.7,7
3837,6,1540,1546,80.7,6
1843,3,1543,1546,80.7,3
629,7,1540,1547,80.7,7
3476,2,1545,1547,80.7,2
1664,8,1540,1548,80.7,8
3659,9,1540,1549,80.7,9
3761,6,1543,1549,80.7,6
4588,4,1545,1549,80.7,4
614,6,1545,1551,80.7,6
2774,6,1545,1551,80.7,6
4963,2,1549,1551,80.7,2
3104,7,1545,1552,80.7,7
659,5,1547,1552,80.7,5
1079,1,1551,1552,80.7,1
4363,9,1544,1553,80.7,9
3852,7,1546,1553,80.7,7
1963,8,1546,1554,80.7,8
2218,8,1546,1554,80.7,8
3506,7,1547,1554,80.7,7
3809,6,1549,1555,80.7,6
2338,1,1554,1555,80.7,1
1124,4,1552,1556,80.7,4
4169,1,1555,1556,80.7,1
1784,9,1548,1557,80.7,9
4376,8,1549,1557,80.7,8
2023,3,1554,1557,80.7,3
2894,7,1551,1558,80.7,7
4467,5,1553,1558,80.7,5
2233,1,1557,1558,80.7,1
3164,7,1552,1559,80.7,7
4648,6,1553,1559,80.7,6
4349,3,1556,1559,80.7,3
29,9,1551,1560,80.7,9
3746,6,1554,1560,80.7,6
2368,2,1558,1560,80.7,2
1229,9,1552,1561,80.7,9
1244,5,1556,1561,80.7,5
1859,4,1557,1561,80.7,4
72,4,1557,1561,80.7,4
4634,2,1559,1561,80.7,2
4091,1,1560,1561,80.7,1
4707,4,1558,1562,80.7,4
524,3,1559,1562,80.7,3
1259,1,1561,1562,80.7,1
1904,1,1561,1562,80.7,1
4664,1,1561,1562,80.7,1
2984,5,1558,1563,80.7,5
3449,4,1559,1563,80.7,4
2428,9,1555,1564,80.7,9
1319,4,1561,1565,80.7,4
3599,3,1563,1566,80.7,3
119,8,1560,1568,80.7,8
2398,8,1560,1568,80.7,8
627,8,1561,1569,80.7,8
4346,8,1561,1569,80.7,8
4737,7,1562,1569,80.7,7
1694,7,1562,1569,80.7,7
2204,7,1562,1569,80.7,7
2999,6,1563,1569,80.7,6
704,8,1562,1570,80.7,8
732,1,1569,1570,80.7,1
3284,1,1569,1570,80.7,1
4859,9,1562,1571,80.7,9
2743,3,1568,1571,80.7,3
2504,2,1569,1571,80.7,2
2983,8,1564,1572,80.7,8
3689,6,1566,1572,80.7,6
1814,3,1569,1572,80.7,3
1439,8,1565,1573,80.7,8
1829,1,1572,1573,80.7,1
389,7,1568,1575,80.7,7
3118,3,1572,1575,80.7,3
388,8,1569,1577,80.7,8
1334,7,1570,1577,80.7,7
4886,9,1569,1578,80.7,9
1709,5,1573,1578,80.7,5
2429,5,1573,1578,80.7,5
674,3,1575,1578,80.7,3
807,9,1570,1579,80.7,9
3389,9,1570,1579,80.7,9
3013,9,1571,1580,80.7,9
2759,9,1571,1580,80.7,9
3854,8,1572,1580,80.7,8
312,2,1578,1580,80.7,2
1033,4,1577,1581,80.7,4
2459,4,1578,1582,80.7,4
734,5,1578,1583,80.7,5
3313,9,1575,1584,80.7,9
1424,7,1577,1584,80.7,7
687,4,1580,1584,80.7,4
2339,7,1578,1585,80.7,7
2789,5,1580,1585,80.7,5
3959,6,1580,1586,80.7,6
3074,2,1584,1586,80.7,2
897,8,1579,1587,80.7,8
867,3,1584,1587,80.7,3
3944,9,1579,1588,80.7,9
2879,3,1585,1588,80.7,3
3089,2,1586,1588,80.7,2
3028,9,1580,1589,80.7,9
764,6,1583,1589,80.7,6
1123,9,1581,1590,80.7,9
2819,9,1582,1591,80.7,9
3418,7,1584,1591,80.7,7
3208,2,1589,1591,80.7,2
3479,4,1588,1592,80.7,4
3568,1,1591,1592,80.7,1
4229,7,1586,1593,80.7,7
1062,6,1587,1593,80.7,6
2954,5,1588,1593,80.7,5
3149,2,1591,1593,80.7,2
3539,1,1592,1593,80.7,1
2384,9,1585,1594,80.7,9
1034,5,1589,1594,80.7,5
972,8,1587,1595,80.7,8
3629,2,1593,1595,80.7,2
3974,2,1593,1595,80.7,2
4574,8,1588,1596,80.7,8
3359,3,1593,1596,80.7,3
2399,2,1594,1596,80.7,2
1168,7,1590,1597,80.7,7
1107,4,1593,1597,80.7,4
4904,1,1596,1597,80.7,1
4034,3,1595,1598,80.7,3
1228,2,1597,1599,80.7,2
4379,1,1598,1599,80.7,1
3718,9,1591,1600,80.7,9
3613,8,1592,1600,80.7,8
4274,7,1593,1600,80.7,7
4919,3,1597,1600,80.7,3
1169,7,1594,1601,80.7,7
1197,4,1597,1601,80.7,4
1332,8,1595,1603,80.7,8
1318,4,1599,1603,80.7,4
4199,9,1595,1604,80.7,9
3404,8,1596,1604,80.7,8
2414,8,1596,1604,80.7,8
4784,5,1599,1604,80.7,5
3823,4,1600,1604,80.7,4
4409,4,1600,1604,80.7,4
1529,4,1601,1605,80.7,4
3434,2,1604,1606,80.7,2
3928,2,1604,1606,80.7,2
1333,4,1603,1607,80.7,4
4003,1,1606,1607,80.7,1
4033,9,1600,1609,80.7,9
1467,6,1603,1609,80.7,6
2579,5,1604,1609,80.7,5
1724,4,1605,1609,80.7,4
1632,9,1601,1610,80.7,9
4844,6,1604,1610,80.7,6
1692,1,1609,1610,80.7,1
4289,8,1604,1612,80.7,8
4469,9,1604,1613,80.7,9
4108,6,1607,1613,80.7,6
4063,4,1609,1613,80.7,4
3524,8,1606,1614,80.7,8
4424,2,1612,1614,80.7,2
4649,1,1613,1614,80.7,1
1513,8,1607,1615,80.7,8
4979,5,1610,1615,80.7,5
1812,5,1610,1615,80.7,5
1979,7,1609,1616,80.7,7
4123,3,1613,1616,80.7,3
4934,2,1614,1616,80.7,2
1543,1,1615,1616,80.7,1
2744,8,1609,1617,80.7,8
2217,8,1610,1618,80.7,8
2729,2,1616,1618,80.7,2
4439,5,1614,1619,80.7,5
1588,3,1616,1619,80.7,3
3869,6,1614,1620,80.7,6
4484,1,1619,1620,80.7,1
1948,1,1619,1620,80.7,1
4273,5,1616,1621,80.7,5
2277,3,1618,1621,80.7,3
4093,9,1613,1622,80.7,9
3044,5,1617,1622,80.7,5
4094,3,1620,1623,80.7,3
4769,3,1620,1623,80.7,3
1887,9,1615,1624,80.7,9
4288,3,1621,1624,80.7,3
2864,8,1618,1626,80.7,8
1978,7,1620,1627,80.7,7
3299,5,1622,1627,80.7,5
2067,3,1624,1627,80.7,3
4303,6,1622,1628,80.7,6
2682,8,1621,1629,80.7,8
3329,2,1627,1629,80.7,2
4573,1,1628,1629,80.7,1
3734,2,1629,1631,80.7,2
4739,9,1623,1632,80.7,9
4678,3,1629,1632,80.7,3
4244,1,1631,1632,80.7,1
4498,9,1624,1633,80.7,9
2203,6,1627,1633,80.7,6
3119,8,1626,1634,80.7,8
2112,7,1627,1634,80.7,7
4949,4,1632,1636,80.7,4
4513,4,1633,1637,80.7,4
2788,4,1633,1637,80.7,4
2847,9,1629,1638,80.7,9
3764,5,1634,1639,80.7,5
2863,2,1637,1639,80.7,2
4693,8,1632,1640,80.7,8
4304,8,1632,1640,80.7,8
4004,1,1639,1640,80.7,1
4528,4,1637,1641,80.7,4
2247,9,1634,1643,80.7,9
3042,5,1638,1643,80.7,5
4679,3,1640,1643,80.7,3
4603,2,1641,1643,80.7,2
4064,4,1640,1644,80.7,4
3327,1,1643,1644,80.7,1
2547,2,1643,1645,80.7,2
4124,1,1644,1645,80.7,1
2968,7,1639,1646,80.7,7
4544,1,1645,1646,80.7,1
4888,9,1640,1649,80.7,9
4633,7,1643,1650,80.7,7
59,1,1649,1650,80.7,1
3912,7,1644,1651,80.7,7
4768,1,1650,1651,80.7,1
284,2,1650,1652,80.7,2
4783,1,1651,1652,80.7,1
374,1,1652,1653,80.7,1
2787,9,1645,1654,80.7,9
4724,8,1646,1654,80.7,8
4798,2,1652,1654,80.7,2
3478,9,1646,1655,80.7,9
4933,1,1654,1655,80.7,1
434,3,1653,1656,80.7,3
209,3,1655,1658,80.7,3
809,2,1656,1658,80.7,2
4152,8,1651,1659,80.7,8
2892,6,1654,1660,80.7,6
644,2,1658,1660,80.7,2
3538,6,1655,1661,80.7,6
1094,4,1658,1662,80.7,4
4437,3,1659,1662,80.7,3
914,2,1660,1662,80.7,2
3598,1,1661,1662,80.7,1
4874,9,1654,1663,80.7,9
1154,1,1662,1663,80.7,1
3297,8,1660,1668,80.7,8
1379,7,1662,1669,80.7,7
193,7,1662,1669,80.7,7
3883,8,1662,1670,80.7,8
208,1,1669,1670,80.7,1
1469,9,1663,1672,80.7,9
4258,2,1670,1672,80.7,2
3417,6,1668,1674,80.7,6
1604,5,1669,1674,80.7,5
2024,1,1674,1675,80.7,1
463,7,1670,1677,80.7,7
4903,6,1672,1678,80.7,6
3687,4,1674,1678,80.7,4
823,1,1677,1678,80.7,1
1649,7,1672,1679,80.7,7
1243,3,1678,1681,80.7,3
2084,9,1675,1684,80.7,9
1453,3,1681,1684,80.7,3
1679,6,1679,1685,80.7,6
89,8,1678,1686,80.7,8
3807,8,1678,1686,80.7,8
2369,2,1684,1686,80.7,2
1844,3,1685,1688,80.7,3
1858,9,1684,1693,80.7,9
2129,5,1688,1693,80.7,5
329,8,1686,1694,80.7,8
2834,8,1686,1694,80.7,8
4062,9,1686,1695,80.7,9
2173,4,1693,1697,80.7,4
3134,4,1693,1697,80.7,4
794,5,1694,1699,80.7,5
3014,5,1694,1699,80.7,5
4122,6,1695,1701,80.7,6
3059,5,1699,1704,80.7,5
2383,9,1697,1706,80.7,9
3224,9,1697,1706,80.7,9
1004,8,1699,1707,80.7,8
4332,7,1701,1708,80.7,7
2698,3,1706,1709,80.7,3
3314,4,1706,1710,80.7,4
3464,7,1704,1711,80.7,7
4019,3,1710,1713,80.7,3
3614,2,1711,1713,80.7,2
3704,1,1713,1714,80.7,1
1139,9,1707,1716,80.7,9
4377,8,1708,1716,80.7,8
3794,2,1714,1716,80.7,2
2773,8,1709,1717,80.7,8
4559,5,1713,1718,80.7,5
4694,1,1718,1719,80.7,1
1544,4,1716,1720,80.7,4
4392,4,1716,1720,80.7,4
3824,4,1716,1720,80.7,4
4482,1,1720,1721,80.7,1
4662,1,1721,1722,80.7,1
4139,4,1720,1724,80.7,4
3148,8,1717,1725,80.7,8
4994,6,1719,1725,80.7,6
1589,5,1720,1725,80.7,5
4184,2,1724,1726,80.7,2
4767,7,1722,1729,80.7,7
1739,5,1725,1730,80.7,5
4872,1,1729,1730,80.7,1
3178,6,1725,1731,80.7,6
4964,6,1726,1732,80.7,6
373,3,1730,1733,80.7,3
3268,2,1731,1733,80.7,2
3628,4,1733,1737,80.7,4
583,5,1733,1738,80.7,5
2099,9,1730,1739,80.7,9
598,5,1738,1743,80.7,5
3913,8,1737,1745,80.7,8
2564,8,1739,1747,80.7,8
4708,4,1745,1749,80.7,4
763,7,1743,1750,80.7,7
2624,5,1747,1752,80.7,5
4813,5,1749,1754,80.7,5
2714,2,1752,1754,80.7,2
988,5,1750,1755,80.7,5
1003,3,1755,1758,80.7,3
3719,6,1754,1760,80.7,6
239,7,1754,1761,80.7,7
3779,3,1760,1763,80.7,3
1663,6,1758,1764,80.7,6
299,6,1761,1767,80.7,6
3914,5,1763,1768,80.7,5
1798,6,1764,1770,80.7,6
584,4,1767,1771,80.7,4
1888,5,1770,1775,80.7,5
689,5,1771,1776,80.7,5
4259,9,1768,1777,80.7,9
2053,3,1775,1778,80.7,3
1889,3,1776,1779,80.7,3
2113,1,1778,1779,80.7,1
2278,2,1779,1781,80.7,2
4319,9,1777,1786,80.7,9
1949,7,1779,1786,80.7,7
2323,5,1781,1786,80.7,5
1994,1,1786,1787,80.7,1
2473,4,1786,1790,80.7,4
2039,3,1787,1790,80.7,3
4619,5,1786,1791,80.7,5
2608,1,1790,1791,80.7,1
2144,2,1790,1792,80.7,2
4829,4,1791,1795,80.7,4
2908,6,1791,1797,80.7,6
2474,5,1792,1797,80.7,5
2654,5,1797,1802,80.7,5
2953,7,1797,1804,80.7,7
2909,5,1802,1807,80.7,5
3043,7,1804,1811,80.7,7
2924,4,1807,1811,80.7,4
3103,4,1811,1815,80.7,4
3523,4,1815,1819,80.7,4
2969,9,1811,1820,80.7,9
3209,3,1820,1823,80.7,3
3643,6,1819,1825,80.7,6
3239,4,1823,1827,80.7,4
4153,4,1825,1829,80.7,4
4183,4,1829,1833,80.7,4
3419,7,1827,1834,80.7,7
4348,7,1833,1840,80.7,7
3509,6,1834,1840,80.7,6
3839,2,1840,1842,80.7,2
4394,3,1842,1845,80.7,3
4453,7,1840,1847,80.7,7
899,1,1847,1848,80.7,1
959,2,1848,1850,80.7,2
4454,6,1845,1851,80.7,6
1214,7,1850,1857,80.7,7
4604,9,1851,1860,80.7,9
1514,3,1857,1860,80.7,3
4709,3,1860,1863,80.7,3
1934,6,1860,1866,80.7,6
1964,5,1866,1871,80.7,5
2489,6,1871,1877,80.7,6
2609,1,1877,1878,80.7,1
2669,7,1878,1885,80.7,7
2684,9,1885,1894,80.7,9
3269,5,1894,1899,80.7,5
3494,1,1899,1900,80.7,1
3884,7,1900,1907,80.7,7
3929,8,1907,1915,80.7,8
3989,9,1915,1924,80.7,9
4049,2,1924,1926,80.7,2
4079,8,1926,1934,80.7,8
4334,3,1934,1937,80.7,3
4499,3,1937,1940,80.7,3
4799,9,1940,1949,80.7,9
